0.000000	-22.800000	0.009600
1.000000E-5	-22.800000	0.010000
2.000000E-5	-22.800000	0.009200
3.000000E-5	-22.800000	0.009600
4.000000E-5	-22.800000	0.009600
5.000000E-5	-22.800000	0.010000
6.000000E-5	-22.800000	0.010800
7.000000E-5	-22.800000	0.010400
8.000000E-5	-22.800000	0.010000
9.000000E-5	-22.800000	0.009600
0.000100	-22.800000	0.010000
0.000110	-22.800000	0.010400
0.000120	-22.800000	0.010000
0.000130	-22.800000	0.010400
0.000140	-22.800000	0.010000
0.000150	-22.800000	0.010000
0.000160	-22.800000	0.010000
0.000170	-22.800000	0.009600
0.000180	-22.800000	0.010000
0.000190	-22.800000	0.009600
0.000200	-22.800000	0.010000
0.000210	-22.800000	0.010000
0.000220	-22.800000	0.009600
0.000230	-22.800000	0.009200
0.000240	-22.800000	0.009600
0.000250	-22.800000	0.009200
0.000260	-22.800000	0.009600
0.000270	-22.800000	0.009600
0.000280	-22.800000	0.009600
0.000290	-22.800000	0.010000
0.000300	-22.800000	0.010000
0.000310	-22.800000	0.010800
0.000320	-22.800000	0.010000
0.000330	-22.800000	0.010400
0.000340	-22.800000	0.010400
0.000350	-22.800000	0.010400
0.000360	-22.800000	0.010800
0.000370	-22.800000	0.010800
0.000380	-22.800000	0.010400
0.000390	-22.800000	0.010400
0.000400	-22.800000	0.010000
0.000410	-22.800000	0.010400
0.000420	-22.800000	0.010400
0.000430	-22.800000	0.010000
0.000440	-22.800000	0.010000
0.000450	-22.800000	0.010400
0.000460	-22.800000	0.010400
0.000470	-22.800000	0.010400
0.000480	-22.800000	0.010400
0.000490	-22.800000	0.009600
0.000500	-22.800000	0.010000
0.000510	-22.800000	0.009600
0.000520	-22.800000	0.009600
0.000530	-22.800000	0.010000
0.000540	-22.800000	0.010000
0.000550	-22.800000	0.010400
0.000560	-22.800000	0.009600
0.000570	-22.800000	0.010400
0.000580	-22.800000	0.010400
0.000590	-22.800000	0.010400
0.000600	-22.800000	0.010800
0.000610	-22.800000	0.010800
0.000620	-22.800000	0.010400
0.000630	-22.800000	0.010400
0.000640	-22.800000	0.010800
0.000650	-22.800000	0.010800
0.000660	-22.800000	0.010400
0.000670	-22.800000	0.010000
0.000680	-22.800000	0.010800
0.000690	-22.800000	0.010800
0.000700	-22.800000	0.010000
0.000710	-22.800000	0.009600
0.000720	-22.800000	0.010800
0.000730	-22.800000	0.011200
0.000740	-22.800000	0.010000
0.000750	-22.800000	0.010000
0.000760	-22.800000	0.010000
0.000770	-22.800000	0.010000
0.000780	-22.800000	0.010000
0.000790	-22.800000	0.009600
0.000800	-22.800000	0.010400
0.000810	-22.800000	0.010400
0.000820	-22.800000	0.010000
0.000830	-22.800000	0.010400
0.000840	-22.800000	0.010400
0.000850	-22.800000	0.010800
0.000860	-22.800000	0.010800
0.000870	-22.800000	0.010800
0.000880	-22.800000	0.010400
0.000890	-22.800000	0.010800
0.000900	-22.800000	0.010800
0.000910	-22.800000	0.010400
0.000920	-22.800000	0.010400
0.000930	-22.800000	0.010400
0.000940	-22.800000	0.010400
0.000950	-22.800000	0.010400
0.000960	-22.800000	0.010400
0.000970	-22.800000	0.010000
0.000980	-22.800000	0.010800
0.000990	-22.800000	0.010400
0.001000	-22.800000	0.010800
0.001010	-22.800000	0.010400
0.001020	-22.800000	0.010400
0.001030	-22.800000	0.010000
0.001040	-22.800000	0.010400
0.001050	-22.800000	0.010400
0.001060	-22.800000	0.010400
0.001070	-22.800000	0.010800
0.001080	-22.800000	0.010800
0.001090	-22.800000	0.011200
0.001100	-22.800000	0.010400
0.001110	-22.800000	0.010400
0.001120	-22.800000	0.010400
0.001130	-22.800000	0.010400
0.001140	-22.800000	0.010400
0.001150	-22.800000	0.010400
0.001160	-22.800000	0.010800
0.001170	-22.800000	0.010800
0.001180	-22.800000	0.010800
0.001190	-22.800000	0.010800
0.001200	-22.800000	0.010800
0.001210	-22.800000	0.010400
0.001220	-22.800000	0.010400
0.001230	-22.800000	0.010800
0.001240	-22.800000	0.010000
0.001250	-22.800000	0.011200
0.001260	-22.800000	0.010800
0.001270	-22.800000	0.010400
0.001280	-22.800000	0.010000
0.001290	-22.800000	0.010800
0.001300	-22.800000	0.010800
0.001310	-22.800000	0.010400
0.001320	-22.800000	0.010400
0.001330	-22.800000	0.010800
0.001340	-22.800000	0.010000
0.001350	-22.800000	0.010000
0.001360	-22.800000	0.010400
0.001370	-22.800000	0.010800
0.001380	-22.800000	0.010800
0.001390	-22.800000	0.010800
0.001400	-22.800000	0.010800
0.001410	-22.800000	0.010800
0.001420	-22.800000	0.010800
0.001430	-22.800000	0.010800
0.001440	-22.800000	0.010800
0.001450	-22.800000	0.011200
0.001460	-22.800000	0.010800
0.001470	-22.800000	0.010400
0.001480	-22.800000	0.010400
0.001490	-22.800000	0.010800
0.001500	-22.800000	0.010800
0.001510	-22.800000	0.010400
0.001520	-22.800000	0.010800
0.001530	-22.800000	0.010800
0.001540	-22.800000	0.010400
0.001550	-22.800000	0.010400
0.001560	-22.800000	0.010000
0.001570	-22.800000	0.010800
0.001580	-22.800000	0.010800
0.001590	-22.800000	0.010400
0.001600	-22.800000	0.010800
0.001610	-22.800000	0.010400
0.001620	-22.800000	0.010800
0.001630	-22.800000	0.010800
0.001640	-22.800000	0.010800
0.001650	-22.800000	0.010800
0.001660	-22.800000	0.010800
0.001670	-22.800000	0.010800
0.001680	-22.800000	0.010800
0.001690	-22.800000	0.010400
0.001700	-22.800000	0.010400
0.001710	-22.800000	0.010400
0.001720	-22.800000	0.010800
0.001730	-22.800000	0.010800
0.001740	-22.800000	0.011200
0.001750	-22.800000	0.010800
0.001760	-22.800000	0.010800
0.001770	-22.800000	0.010400
0.001780	-22.800000	0.010400
0.001790	-22.800000	0.010400
0.001800	-22.800000	0.010800
0.001810	-22.800000	0.010400
0.001820	-22.800000	0.010800
0.001830	-22.800000	0.011200
0.001840	-22.800000	0.010800
0.001850	-22.800000	0.010800
0.001860	-22.800000	0.010800
0.001870	-22.800000	0.011200
0.001880	-22.800000	0.011200
0.001890	-22.800000	0.010800
0.001900	-22.800000	0.010800
0.001910	-22.800000	0.011600
0.001920	-22.800000	0.011200
0.001930	-22.800000	0.011200
0.001940	-22.800000	0.010800
0.001950	-22.800000	0.010800
0.001960	-22.800000	0.010800
0.001970	-22.800000	0.010400
0.001980	-22.800000	0.010800
0.001990	-22.800000	0.010800
0.002000	-22.800000	0.011200
0.002010	-22.800000	0.010800
0.002020	-22.800000	0.010800
0.002030	-22.800000	0.010400
0.002040	-22.800000	0.010400
0.002050	-22.800000	0.010800
0.002060	-22.800000	0.010800
0.002070	-22.800000	0.011200
0.002080	-22.800000	0.010800
0.002090	-22.800000	0.010800
0.002100	-22.800000	0.011600
0.002110	-22.800000	0.011200
0.002120	-22.800000	0.010800
0.002130	-22.800000	0.011200
0.002140	-22.800000	0.011200
0.002150	-22.800000	0.011600
0.002160	-22.800000	0.011600
0.002170	-22.800000	0.011600
0.002180	-22.800000	0.010800
0.002190	-22.800000	0.010800
0.002200	-22.800000	0.011200
0.002210	-22.800000	0.011200
0.002220	-22.800000	0.012000
0.002230	-22.800000	0.010800
0.002240	-22.800000	0.011600
0.002250	-22.800000	0.011200
0.002260	-22.800000	0.010800
0.002270	-22.800000	0.011200
0.002280	-22.800000	0.011200
0.002290	-22.800000	0.010400
0.002300	-22.800000	0.010800
0.002310	-22.800000	0.010400
0.002320	-22.800000	0.011600
0.002330	-22.800000	0.011600
0.002340	-22.800000	0.011200
0.002350	-22.800000	0.010800
0.002360	-22.800000	0.010800
0.002370	-23.200000	0.011600
0.002380	-23.200000	0.010800
0.002390	-22.800000	0.011600
0.002400	-22.800000	0.011600
0.002410	-22.800000	0.011600
0.002420	-22.800000	0.010800
0.002430	-22.800000	0.011600
0.002440	-22.800000	0.011200
0.002450	-22.800000	0.010800
0.002460	-22.800000	0.011200
0.002470	-22.800000	0.011200
0.002480	-22.800000	0.010800
0.002490	-22.800000	0.010800
0.002500	-22.800000	0.011600
0.002510	-22.800000	0.011600
0.002520	-22.800000	0.011200
0.002530	-22.800000	0.010800
0.002540	-22.800000	0.010800
0.002550	-22.800000	0.010800
0.002560	-22.800000	0.011200
0.002570	-22.800000	0.011600
0.002580	-22.800000	0.010800
0.002590	-22.800000	0.010800
0.002600	-22.800000	0.011200
0.002610	-22.800000	0.010800
0.002620	-22.800000	0.011200
0.002630	-22.800000	0.010800
0.002640	-22.800000	0.011200
0.002650	-23.200000	0.012000
0.002660	-22.800000	0.011200
0.002670	-22.800000	0.011200
0.002680	-22.800000	0.012000
0.002690	-22.800000	0.011600
0.002700	27.600000	0.012000
0.002710	27.600000	0.011600
0.002720	28.000000	0.012000
0.002730	28.000000	0.011200
0.002740	27.600000	0.010800
0.002750	28.000000	0.011200
0.002760	28.000000	0.010400
0.002770	28.000000	0.010800
0.002780	28.000000	0.011200
0.002790	28.000000	0.010800
0.002800	27.600000	0.010800
0.002810	28.000000	0.011200
0.002820	27.600000	0.011600
0.002830	27.600000	0.011200
0.002840	27.600000	0.012000
0.002850	27.600000	0.012000
0.002860	27.600000	0.011600
0.002870	27.600000	0.011200
0.002880	27.600000	0.011600
0.002890	27.600000	0.011600
0.002900	27.600000	0.011200
0.002910	27.600000	0.010800
0.002920	27.600000	0.011200
0.002930	27.600000	0.011200
0.002940	27.200000	0.011600
0.002950	27.600000	0.011600
0.002960	27.600000	0.012000
0.002970	27.600000	0.011600
0.002980	27.600000	0.011200
0.002990	27.200000	0.011200
0.003000	27.600000	0.011200
0.003010	27.200000	0.010800
0.003020	27.200000	0.010800
0.003030	27.200000	0.010800
0.003040	27.600000	0.010800
0.003050	27.200000	0.011200
0.003060	27.600000	0.010800
0.003070	27.200000	0.010800
0.003080	27.200000	0.011600
0.003090	27.200000	0.010800
0.003100	27.200000	0.011200
0.003110	27.200000	0.011200
0.003120	27.200000	0.012400
0.003130	27.200000	0.011200
0.003140	27.200000	0.010800
0.003150	27.200000	0.011200
0.003160	27.200000	0.011200
0.003170	26.800000	0.010800
0.003180	27.200000	0.010800
0.003190	26.800000	0.011600
0.003200	27.200000	0.012000
0.003210	26.800000	0.012000
0.003220	26.800000	0.012000
0.003230	26.800000	0.011600
0.003240	27.200000	0.011600
0.003250	26.800000	0.011600
0.003260	26.800000	0.011200
0.003270	27.200000	0.010800
0.003280	26.800000	0.011200
0.003290	26.800000	0.011200
0.003300	26.800000	0.012000
0.003310	26.800000	0.012000
0.003320	26.800000	0.011200
0.003330	27.200000	0.011600
0.003340	26.800000	0.011600
0.003350	26.800000	0.011600
0.003360	26.800000	0.012800
0.003370	26.800000	0.012000
0.003380	26.800000	0.011600
0.003390	26.800000	0.011200
0.003400	26.800000	0.010800
0.003410	26.400000	0.011600
0.003420	26.800000	0.011600
0.003430	26.800000	0.011200
0.003440	26.800000	0.010800
0.003450	26.800000	0.011200
0.003460	26.800000	0.012000
0.003470	26.800000	0.011600
0.003480	26.400000	0.011200
0.003490	26.400000	0.010800
0.003500	26.400000	0.010800
0.003510	26.400000	0.010400
0.003520	26.400000	0.010800
0.003530	26.400000	0.010800
0.003540	26.800000	0.011200
0.003550	26.400000	0.010800
0.003560	26.400000	0.011200
0.003570	26.400000	0.010800
0.003580	26.400000	0.010800
0.003590	26.400000	0.010800
0.003600	26.800000	0.010800
0.003610	26.400000	0.010800
0.003620	26.400000	0.010800
0.003630	26.400000	0.011200
0.003640	26.400000	0.011200
0.003650	26.400000	0.010800
0.003660	26.400000	0.011200
0.003670	26.400000	0.011200
0.003680	26.400000	0.011200
0.003690	26.400000	0.012000
0.003700	26.400000	0.012000
0.003710	26.400000	0.011200
0.003720	26.400000	0.011600
0.003730	26.400000	0.011200
0.003740	26.400000	0.011600
0.003750	26.400000	0.012000
0.003760	26.400000	0.010800
0.003770	26.400000	0.011200
0.003780	26.000000	0.011600
0.003790	26.400000	0.011200
0.003800	26.400000	0.010800
0.003810	26.000000	0.010800
0.003820	26.400000	0.010800
0.003830	26.000000	0.010800
0.003840	26.400000	0.011200
0.003850	26.400000	0.010800
0.003860	26.000000	0.011600
0.003870	26.400000	0.011200
0.003880	26.000000	0.011600
0.003890	26.400000	0.012000
0.003900	26.400000	0.011600
0.003910	26.000000	0.011200
0.003920	26.000000	0.010800
0.003930	26.000000	0.011200
0.003940	26.400000	0.010800
0.003950	26.400000	0.010800
0.003960	26.400000	0.011200
0.003970	26.000000	0.011600
0.003980	26.000000	0.011200
0.003990	26.000000	0.010800
0.004000	26.000000	0.010400
0.004010	26.000000	0.010400
0.004020	26.000000	0.010400
0.004030	26.000000	0.010800
0.004040	26.000000	0.010800
0.004050	26.000000	0.010800
0.004060	26.000000	0.010400
0.004070	26.000000	0.011200
0.004080	26.000000	0.010800
0.004090	26.000000	0.010800
0.004100	26.000000	0.011200
0.004110	26.000000	0.010800
0.004120	26.000000	0.011200
0.004130	26.000000	0.010800
0.004140	26.000000	0.010800
0.004150	26.000000	0.010800
0.004160	26.000000	0.010800
0.004170	26.000000	0.010800
0.004180	26.000000	0.011200
0.004190	25.600000	0.010400
0.004200	25.600000	0.010800
0.004210	26.000000	0.010800
0.004220	26.000000	0.011200
0.004230	26.000000	0.010800
0.004240	25.600000	0.011200
0.004250	26.000000	0.010800
0.004260	26.000000	0.010400
0.004270	25.600000	0.010400
0.004280	25.600000	0.010400
0.004290	25.600000	0.010400
0.004300	26.000000	0.009600
0.004310	26.000000	0.010800
0.004320	25.600000	0.010800
0.004330	26.000000	0.010400
0.004340	26.000000	0.010800
0.004350	25.600000	0.010000
0.004360	25.600000	0.010800
0.004370	25.600000	0.010400
0.004380	25.600000	0.010800
0.004390	25.600000	0.010800
0.004400	25.600000	0.010400
0.004410	25.600000	0.010800
0.004420	26.000000	0.010800
0.004430	25.600000	0.010800
0.004440	25.600000	0.010000
0.004450	25.600000	0.010800
0.004460	25.600000	0.009600
0.004470	25.600000	0.010000
0.004480	25.600000	0.010800
0.004490	25.600000	0.010800
0.004500	25.600000	0.010000
0.004510	25.600000	0.010000
0.004520	25.600000	0.010800
0.004530	25.600000	0.010000
0.004540	25.600000	0.009600
0.004550	25.600000	0.009600
0.004560	25.600000	0.010800
0.004570	25.600000	0.010800
0.004580	25.600000	0.010800
0.004590	25.600000	0.010000
0.004600	25.600000	0.009600
0.004610	25.600000	0.009200
0.004620	25.600000	0.010000
0.004630	25.600000	0.009600
0.004640	25.600000	0.010000
0.004650	25.600000	0.009600
0.004660	25.600000	0.009600
0.004670	25.600000	0.009600
0.004680	25.200000	0.010000
0.004690	25.600000	0.009200
0.004700	25.600000	0.009600
0.004710	25.600000	0.008800
0.004720	25.600000	0.008800
0.004730	25.200000	0.008400
0.004740	25.600000	0.008800
0.004750	25.600000	0.008000
0.004760	25.600000	0.008000
0.004770	25.200000	0.008000
0.004780	25.200000	0.007200
0.004790	25.600000	0.007200
0.004800	25.600000	0.006800
0.004810	25.600000	0.006800
0.004820	25.600000	0.005600
0.004830	25.200000	0.005200
0.004840	25.200000	0.004400
0.004850	25.600000	0.003600
0.004860	25.200000	0.003200
0.004870	25.600000	0.003200
0.004880	25.200000	0.002800
0.004890	25.600000	0.001200
0.004900	25.200000	0.000400
0.004910	25.200000	-0.000800
0.004920	25.600000	-0.002400
0.004930	25.200000	-0.004400
0.004940	25.200000	-0.005200
0.004950	25.200000	-0.007600
0.004960	25.200000	-0.010000
0.004970	25.200000	-0.011600
0.004980	25.200000	-0.014000
0.004990	25.200000	-0.017600
0.005000	25.200000	-0.020000
0.005010	25.200000	-0.022400
0.005020	25.200000	-0.024400
0.005030	25.200000	-0.026800
0.005040	25.200000	-0.029600
0.005050	25.600000	-0.031200
0.005060	25.200000	-0.033200
0.005070	25.200000	-0.034800
0.005080	25.200000	-0.036400
0.005090	25.200000	-0.038000
0.005100	25.200000	-0.040000
0.005110	25.200000	-0.040000
0.005120	25.200000	-0.041200
0.005130	25.200000	-0.042400
0.005140	25.200000	-0.042000
0.005150	25.200000	-0.042800
0.005160	25.200000	-0.043200
0.005170	25.200000	-0.043200
0.005180	25.200000	-0.043200
0.005190	25.200000	-0.043600
0.005200	25.200000	-0.043600
0.005210	25.200000	-0.043600
0.005220	25.200000	-0.043600
0.005230	25.200000	-0.043200
0.005240	25.200000	-0.044000
0.005250	25.200000	-0.043600
0.005260	25.200000	-0.043200
0.005270	25.200000	-0.043200
0.005280	25.200000	-0.043200
0.005290	25.200000	-0.043200
0.005300	25.200000	-0.043200
0.005310	25.200000	-0.043200
0.005320	25.200000	-0.043200
0.005330	25.200000	-0.042800
0.005340	25.200000	-0.043200
0.005350	25.200000	-0.042400
0.005360	25.200000	-0.042000
0.005370	25.200000	-0.042800
0.005380	25.200000	-0.042400
0.005390	25.200000	-0.042000
0.005400	24.800000	-0.042000
0.005410	25.200000	-0.041600
0.005420	25.200000	-0.041200
0.005430	25.200000	-0.041200
0.005440	25.200000	-0.041600
0.005450	25.200000	-0.040000
0.005460	25.200000	-0.040800
0.005470	25.200000	-0.040400
0.005480	25.200000	-0.040800
0.005490	25.200000	-0.040000
0.005500	25.200000	-0.040800
0.005510	25.200000	-0.039600
0.005520	25.200000	-0.039600
0.005530	25.200000	-0.040000
0.005540	25.200000	-0.040000
0.005550	25.200000	-0.038800
0.005560	25.200000	-0.038800
0.005570	25.200000	-0.038800
0.005580	24.800000	-0.039200
0.005590	25.200000	-0.038400
0.005600	24.800000	-0.038000
0.005610	24.800000	-0.038800
0.005620	25.200000	-0.038000
0.005630	25.200000	-0.038800
0.005640	25.200000	-0.037600
0.005650	24.800000	-0.037600
0.005660	25.200000	-0.038000
0.005670	25.200000	-0.036800
0.005680	25.200000	-0.036800
0.005690	24.800000	-0.037200
0.005700	25.200000	-0.036800
0.005710	25.200000	-0.037200
0.005720	25.200000	-0.036800
0.005730	25.200000	-0.036000
0.005740	25.200000	-0.035600
0.005750	24.800000	-0.036000
0.005760	25.200000	-0.036000
0.005770	25.200000	-0.036000
0.005780	24.800000	-0.034800
0.005790	24.800000	-0.035600
0.005800	25.200000	-0.034800
0.005810	24.800000	-0.035600
0.005820	24.800000	-0.034800
0.005830	25.200000	-0.034800
0.005840	25.200000	-0.034400
0.005850	24.800000	-0.034800
0.005860	25.200000	-0.034400
0.005870	25.200000	-0.034800
0.005880	24.800000	-0.034400
0.005890	24.800000	-0.034000
0.005900	25.200000	-0.034000
0.005910	24.800000	-0.032800
0.005920	24.800000	-0.032800
0.005930	25.200000	-0.032400
0.005940	24.800000	-0.032800
0.005950	24.800000	-0.032400
0.005960	25.200000	-0.032000
0.005970	24.800000	-0.032400
0.005980	24.800000	-0.032000
0.005990	25.200000	-0.031600
0.006000	24.800000	-0.032400
0.006010	25.200000	-0.032000
0.006020	24.800000	-0.032400
0.006030	24.800000	-0.031600
0.006040	24.800000	-0.031600
0.006050	24.800000	-0.031600
0.006060	24.800000	-0.031600
0.006070	24.800000	-0.031600
0.006080	24.800000	-0.031200
0.006090	24.800000	-0.030800
0.006100	24.800000	-0.031600
0.006110	24.800000	-0.031600
0.006120	24.800000	-0.031600
0.006130	24.800000	-0.030800
0.006140	24.800000	-0.030800
0.006150	24.800000	-0.030400
0.006160	24.800000	-0.030400
0.006170	24.800000	-0.029200
0.006180	24.800000	-0.029600
0.006190	24.800000	-0.029200
0.006200	24.800000	-0.030400
0.006210	24.800000	-0.029200
0.006220	24.800000	-0.028800
0.006230	24.800000	-0.029600
0.006240	24.800000	-0.029200
0.006250	24.800000	-0.028400
0.006260	24.800000	-0.028400
0.006270	24.800000	-0.028000
0.006280	24.800000	-0.028000
0.006290	25.200000	-0.028000
0.006300	25.200000	-0.028000
0.006310	24.800000	-0.027600
0.006320	24.800000	-0.028400
0.006330	24.800000	-0.027200
0.006340	24.800000	-0.028000
0.006350	24.800000	-0.028000
0.006360	24.800000	-0.026800
0.006370	24.800000	-0.027200
0.006380	24.800000	-0.026800
0.006390	24.800000	-0.026400
0.006400	24.800000	-0.026000
0.006410	24.800000	-0.026400
0.006420	24.800000	-0.026400
0.006430	24.800000	-0.027200
0.006440	24.800000	-0.025600
0.006450	24.800000	-0.025600
0.006460	24.800000	-0.025200
0.006470	24.800000	-0.025200
0.006480	24.800000	-0.026000
0.006490	24.800000	-0.024800
0.006500	24.800000	-0.025200
0.006510	24.800000	-0.025600
0.006520	24.800000	-0.024800
0.006530	24.800000	-0.024400
0.006540	24.800000	-0.024400
0.006550	24.400000	-0.024400
0.006560	24.800000	-0.025200
0.006570	24.800000	-0.025200
0.006580	24.400000	-0.024800
0.006590	24.800000	-0.025200
0.006600	24.800000	-0.024000
0.006610	24.800000	-0.024000
0.006620	24.800000	-0.024000
0.006630	24.800000	-0.024400
0.006640	24.800000	-0.024000
0.006650	24.800000	-0.024400
0.006660	24.800000	-0.023600
0.006670	24.800000	-0.024000
0.006680	24.800000	-0.023600
0.006690	24.800000	-0.022800
0.006700	24.800000	-0.022800
0.006710	24.800000	-0.022800
0.006720	24.800000	-0.022400
0.006730	24.800000	-0.022800
0.006740	24.800000	-0.023600
0.006750	24.800000	-0.022800
0.006760	24.800000	-0.022800
0.006770	24.800000	-0.022800
0.006780	24.800000	-0.022800
0.006790	24.400000	-0.022000
0.006800	24.800000	-0.022000
0.006810	24.400000	-0.022400
0.006820	24.800000	-0.021600
0.006830	24.800000	-0.021200
0.006840	24.800000	-0.021600
0.006850	24.800000	-0.021600
0.006860	24.800000	-0.021200
0.006870	24.800000	-0.020800
0.006880	24.400000	-0.020000
0.006890	24.800000	-0.021200
0.006900	24.800000	-0.020800
0.006910	24.800000	-0.020800
0.006920	24.400000	-0.020400
0.006930	24.800000	-0.020000
0.006940	24.800000	-0.020400
0.006950	24.800000	-0.020000
0.006960	24.400000	-0.020000
0.006970	24.400000	-0.020000
0.006980	24.800000	-0.020000
0.006990	24.800000	-0.019600
0.007000	24.400000	-0.019200
0.007010	24.800000	-0.018800
0.007020	24.400000	-0.018800
0.007030	24.800000	-0.018800
0.007040	24.400000	-0.019600
0.007050	24.400000	-0.018800
0.007060	24.400000	-0.018400
0.007070	24.400000	-0.019200
0.007080	24.800000	-0.019200
0.007090	24.400000	-0.018800
0.007100	24.400000	-0.018800
0.007110	24.400000	-0.018800
0.007120	24.800000	-0.019600
0.007130	24.800000	-0.019200
0.007140	24.400000	-0.019200
0.007150	24.400000	-0.018400
0.007160	24.800000	-0.017600
0.007170	24.400000	-0.018000
0.007180	24.800000	-0.017600
0.007190	24.400000	-0.017200
0.007200	24.800000	-0.018000
0.007210	24.400000	-0.017600
0.007220	24.400000	-0.018000
0.007230	24.400000	-0.016800
0.007240	24.400000	-0.017200
0.007250	24.800000	-0.016800
0.007260	24.800000	-0.016800
0.007270	24.400000	-0.016400
0.007280	24.400000	-0.016800
0.007290	24.400000	-0.016400
0.007300	24.800000	-0.016800
0.007310	24.800000	-0.016800
0.007320	24.400000	-0.016400
0.007330	24.400000	-0.016400
0.007340	24.400000	-0.016400
0.007350	24.400000	-0.015600
0.007360	24.400000	-0.016800
0.007370	24.400000	-0.017200
0.007380	24.400000	-0.016400
0.007390	24.400000	-0.016400
0.007400	24.400000	-0.016800
0.007410	24.800000	-0.016000
0.007420	24.400000	-0.015600
0.007430	24.400000	-0.016000
0.007440	24.400000	-0.016000
0.007450	24.400000	-0.016000
0.007460	24.800000	-0.014800
0.007470	24.400000	-0.014800
0.007480	24.400000	-0.015200
0.007490	24.400000	-0.015200
0.007500	24.400000	-0.014400
0.007510	24.400000	-0.014400
0.007520	24.400000	-0.014800
0.007530	24.400000	-0.015200
0.007540	24.400000	-0.014000
0.007550	24.800000	-0.014400
0.007560	24.400000	-0.014400
0.007570	24.400000	-0.014400
0.007580	24.400000	-0.015200
0.007590	24.400000	-0.014400
0.007600	24.400000	-0.014400
0.007610	24.800000	-0.015200
0.007620	24.400000	-0.014400
0.007630	24.400000	-0.014400
0.007640	24.400000	-0.013600
0.007650	24.000000	-0.014800
0.007660	24.400000	-0.013600
0.007670	24.400000	-0.014400
0.007680	24.400000	-0.013600
0.007690	24.400000	-0.012800
0.007700	24.400000	-0.013600
0.007710	24.400000	-0.013600
0.007720	24.000000	-0.013200
0.007730	24.400000	-0.012400
0.007740	24.400000	-0.012400
0.007750	24.400000	-0.012800
0.007760	24.400000	-0.013200
0.007770	24.400000	-0.012800
0.007780	24.400000	-0.012800
0.007790	24.400000	-0.012800
0.007800	24.400000	-0.012800
0.007810	24.000000	-0.012400
0.007820	24.400000	-0.012000
0.007830	24.400000	-0.012400
0.007840	24.400000	-0.012400
0.007850	24.400000	-0.012400
0.007860	24.400000	-0.012400
0.007870	24.400000	-0.012000
0.007880	24.400000	-0.012000
0.007890	24.000000	-0.011600
0.007900	24.400000	-0.011600
0.007910	24.000000	-0.012000
0.007920	24.400000	-0.011600
0.007930	24.400000	-0.011600
0.007940	24.400000	-0.011600
0.007950	24.400000	-0.010800
0.007960	24.400000	-0.010400
0.007970	24.400000	-0.011600
0.007980	24.400000	-0.011200
0.007990	24.000000	-0.011200
0.008000	24.400000	-0.011200
0.008010	24.400000	-0.011600
0.008020	24.000000	-0.010800
0.008030	24.400000	-0.011200
0.008040	24.400000	-0.010800
0.008050	24.400000	-0.010400
0.008060	24.400000	-0.010400
0.008070	24.400000	-0.011200
0.008080	24.000000	-0.010800
0.008090	24.000000	-0.010400
0.008100	24.000000	-0.010800
0.008110	24.400000	-0.010400
0.008120	24.400000	-0.010800
0.008130	24.400000	-0.010000
0.008140	24.000000	-0.010000
0.008150	24.400000	-0.010000
0.008160	24.000000	-0.010000
0.008170	24.400000	-0.010800
0.008180	24.000000	-0.010000
0.008190	24.400000	-0.009200
0.008200	24.400000	-0.009600
0.008210	24.400000	-0.009600
0.008220	24.400000	-0.009200
0.008230	24.400000	-0.009200
0.008240	24.000000	-0.009200
0.008250	24.000000	-0.009200
0.008260	24.400000	-0.010000
0.008270	24.400000	-0.008400
0.008280	24.400000	-0.010000
0.008290	24.400000	-0.009200
0.008300	24.400000	-0.009200
0.008310	24.400000	-0.008800
0.008320	24.000000	-0.008800
0.008330	24.400000	-0.009200
0.008340	24.000000	-0.009200
0.008350	24.400000	-0.009200
0.008360	24.400000	-0.008800
0.008370	24.000000	-0.008800
0.008380	24.000000	-0.009600
0.008390	24.000000	-0.008400
0.008400	24.000000	-0.008800
0.008410	24.000000	-0.008800
0.008420	24.000000	-0.008400
0.008430	24.000000	-0.008000
0.008440	24.000000	-0.007600
0.008450	24.000000	-0.008400
0.008460	24.400000	-0.008000
0.008470	24.000000	-0.007200
0.008480	24.400000	-0.007200
0.008490	24.400000	-0.007600
0.008500	24.000000	-0.007200
0.008510	24.000000	-0.008000
0.008520	24.000000	-0.007600
0.008530	24.000000	-0.007200
0.008540	24.000000	-0.007200
0.008550	24.400000	-0.008000
0.008560	24.000000	-0.007600
0.008570	24.000000	-0.007600
0.008580	24.000000	-0.008000
0.008590	24.000000	-0.007600
0.008600	24.000000	-0.007200
0.008610	24.000000	-0.007600
0.008620	24.400000	-0.006800
0.008630	24.000000	-0.007600
0.008640	24.000000	-0.007600
0.008650	24.400000	-0.007200
0.008660	24.000000	-0.007200
0.008670	24.000000	-0.007600
0.008680	24.000000	-0.006800
0.008690	24.000000	-0.006800
0.008700	24.000000	-0.006800
0.008710	24.400000	-0.006400
0.008720	24.000000	-0.006800
0.008730	24.000000	-0.006400
0.008740	24.000000	-0.006000
0.008750	24.000000	-0.006000
0.008760	24.000000	-0.005600
0.008770	24.000000	-0.005600
0.008780	24.000000	-0.006000
0.008790	24.000000	-0.006000
0.008800	24.000000	-0.006000
0.008810	24.000000	-0.006400
0.008820	24.000000	-0.006000
0.008830	24.400000	-0.006000
0.008840	24.000000	-0.006000
0.008850	24.000000	-0.006400
0.008860	24.000000	-0.006000
0.008870	24.000000	-0.005600
0.008880	24.000000	-0.005600
0.008890	24.000000	-0.006000
0.008900	24.000000	-0.006000
0.008910	24.000000	-0.006000
0.008920	24.000000	-0.006000
0.008930	24.000000	-0.004400
0.008940	24.000000	-0.005600
0.008950	24.000000	-0.005200
0.008960	24.000000	-0.005600
0.008970	24.000000	-0.005600
0.008980	24.000000	-0.005600
0.008990	24.000000	-0.004800
0.009000	24.000000	-0.004800
0.009010	24.000000	-0.004800
0.009020	24.000000	-0.004400
0.009030	24.000000	-0.005200
0.009040	24.000000	-0.004800
0.009050	24.000000	-0.005200
0.009060	24.400000	-0.004800
0.009070	24.000000	-0.004400
0.009080	24.000000	-0.004800
0.009090	24.000000	-0.004400
0.009100	24.000000	-0.004400
0.009110	24.000000	-0.004400
0.009120	24.000000	-0.004000
0.009130	24.000000	-0.005200
0.009140	24.000000	-0.004800
0.009150	24.000000	-0.004400
0.009160	24.000000	-0.005200
0.009170	24.000000	-0.004400
0.009180	24.000000	-0.004800
0.009190	24.000000	-0.004800
0.009200	24.000000	-0.004000
0.009210	24.000000	-0.004000
0.009220	24.000000	-0.003600
0.009230	24.000000	-0.003600
0.009240	24.000000	-0.003600
0.009250	24.000000	-0.004000
0.009260	24.000000	-0.004000
0.009270	24.000000	-0.003600
0.009280	24.000000	-0.004000
0.009290	24.000000	-0.003600
0.009300	24.000000	-0.004000
0.009310	24.000000	-0.003600
0.009320	24.000000	-0.002800
0.009330	24.000000	-0.003200
0.009340	24.000000	-0.003200
0.009350	24.000000	-0.003600
0.009360	24.000000	-0.003200
0.009370	24.000000	-0.003200
0.009380	24.000000	-0.003200
0.009390	24.000000	-0.002800
0.009400	24.000000	-0.003600
0.009410	24.000000	-0.003200
0.009420	24.000000	-0.003200
0.009430	24.000000	-0.002800
0.009440	24.000000	-0.003200
0.009450	24.000000	-0.003200
0.009460	24.000000	-0.003200
0.009470	24.000000	-0.003600
0.009480	24.000000	-0.003200
0.009490	24.000000	-0.002400
0.009500	24.000000	-0.002800
0.009510	24.000000	-0.002400
0.009520	24.000000	-0.003200
0.009530	24.000000	-0.002800
0.009540	24.000000	-0.002400
0.009550	24.000000	-0.002000
0.009560	24.000000	-0.002400
0.009570	24.000000	-0.003200
0.009580	24.000000	-0.002400
0.009590	24.000000	-0.002000
0.009600	24.000000	-0.002000
0.009610	24.000000	-0.001600
0.009620	24.000000	-0.002400
0.009630	24.000000	-0.002000
0.009640	24.000000	-0.002000
0.009650	24.000000	-0.002000
0.009660	24.000000	-0.002000
0.009670	24.000000	-0.002400
0.009680	24.000000	-0.002000
0.009690	24.000000	-0.001200
0.009700	24.000000	-0.001600
0.009710	24.000000	-0.002000
0.009720	24.000000	-0.000800
0.009730	24.000000	-0.001200
0.009740	24.000000	-0.002400
0.009750	24.000000	-0.001600
0.009760	24.000000	-0.002000
0.009770	24.000000	-0.000800
0.009780	24.000000	-0.001600
0.009790	24.000000	-0.001200
0.009800	24.000000	-0.001200
0.009810	24.000000	-0.001600
0.009820	24.000000	-0.000400
0.009830	24.000000	-0.000800
0.009840	24.000000	-0.001200
0.009850	23.600000	-0.001200
0.009860	24.000000	-0.000400
0.009870	24.000000	-0.002000
0.009880	24.000000	-0.000800
0.009890	24.000000	-0.001200
0.009900	24.000000	0.000000
0.009910	24.000000	-0.001600
0.009920	24.000000	-0.001200
0.009930	24.000000	-0.000400
0.009940	24.000000	0.000400
0.009950	24.000000	-0.000800
0.009960	24.000000	-0.000800
0.009970	24.000000	-0.000400
0.009980	24.000000	-0.001200
0.009990	24.000000	0.000000
0.010000	24.000000	-0.001200
0.010010	23.600000	-0.000800
0.010020	24.000000	0.000000
0.010030	24.000000	0.000000
0.010040	24.000000	-0.000800
0.010050	24.000000	-0.000400
0.010060	24.000000	-0.000400
0.010070	24.000000	-0.000800
0.010080	24.000000	0.000000
0.010090	24.000000	0.000400
0.010100	24.000000	-0.001200
0.010110	24.000000	0.000000
0.010120	24.000000	0.000400
0.010130	24.000000	0.000400
0.010140	24.000000	0.000000
0.010150	24.000000	0.000400
0.010160	24.000000	0.000400
0.010170	24.000000	0.000400
0.010180	24.000000	0.000400
0.010190	24.000000	0.000000
0.010200	24.000000	0.000000
0.010210	24.000000	0.000000
0.010220	24.000000	-0.000400
0.010230	24.000000	0.000000
0.010240	24.000000	0.000400
0.010250	24.000000	0.000400
0.010260	24.000000	0.000800
0.010270	23.600000	0.000800
0.010280	24.000000	0.000400
0.010290	24.000000	0.000800
0.010300	24.000000	0.000400
0.010310	24.000000	0.000000
0.010320	24.000000	0.000400
0.010330	24.000000	0.000400
0.010340	24.000000	0.000800
0.010350	24.000000	0.000400
0.010360	24.000000	0.001200
0.010370	23.600000	0.000400
0.010380	24.000000	0.000800
0.010390	24.000000	0.000400
0.010400	24.000000	0.000800
0.010410	24.000000	0.001200
0.010420	24.000000	0.001200
0.010430	24.000000	0.000800
0.010440	24.000000	0.000400
0.010450	24.000000	0.000400
0.010460	24.000000	0.000400
0.010470	24.000000	0.000400
0.010480	24.000000	0.000800
0.010490	24.000000	0.000400
0.010500	24.000000	0.000800
0.010510	24.000000	0.001600
0.010520	24.000000	0.001200
0.010530	24.000000	0.001600
0.010540	24.000000	0.001200
0.010550	24.000000	0.001600
0.010560	24.000000	0.001600
0.010570	24.000000	0.001600
0.010580	24.000000	0.001600
0.010590	24.000000	0.001600
0.010600	24.000000	0.001600
0.010610	24.000000	0.001200
0.010620	24.000000	0.002000
0.010630	24.000000	0.002400
0.010640	24.000000	0.002400
0.010650	24.000000	0.001600
0.010660	24.000000	0.000800
0.010670	24.000000	0.001600
0.010680	24.000000	0.001600
0.010690	24.000000	0.001600
0.010700	24.000000	0.001600
0.010710	24.000000	0.002000
0.010720	24.000000	0.001600
0.010730	24.000000	0.001600
0.010740	24.000000	0.002000
0.010750	24.000000	0.001600
0.010760	24.000000	0.001600
0.010770	24.000000	0.001600
0.010780	24.000000	0.002000
0.010790	24.000000	0.001600
0.010800	24.000000	0.002800
0.010810	24.000000	0.002000
0.010820	24.000000	0.002800
0.010830	24.000000	0.002400
0.010840	24.000000	0.002800
0.010850	24.000000	0.002400
0.010860	24.000000	0.001600
0.010870	24.000000	0.002400
0.010880	24.000000	0.002000
0.010890	24.000000	0.002400
0.010900	24.000000	0.002400
0.010910	23.600000	0.002400
0.010920	24.000000	0.002400
0.010930	24.000000	0.002000
0.010940	24.000000	0.002000
0.010950	24.000000	0.001600
0.010960	24.000000	0.002800
0.010970	24.000000	0.002400
0.010980	24.000000	0.002400
0.010990	24.000000	0.002800
0.011000	24.000000	0.002800
0.011010	24.000000	0.003600
0.011020	24.000000	0.003200
0.011030	24.000000	0.002800
0.011040	24.000000	0.003200
0.011050	24.000000	0.002400
0.011060	24.000000	0.002800
0.011070	24.000000	0.002800
0.011080	24.000000	0.003200
0.011090	23.600000	0.003600
0.011100	23.600000	0.003200
0.011110	24.000000	0.003200
0.011120	24.000000	0.002800
0.011130	23.600000	0.003200
0.011140	24.000000	0.003600
0.011150	24.000000	0.002800
0.011160	24.000000	0.002400
0.011170	24.000000	0.003200
0.011180	23.600000	0.002800
0.011190	24.000000	0.002800
0.011200	23.600000	0.002800
0.011210	24.000000	0.002800
0.011220	24.000000	0.003200
0.011230	24.000000	0.003600
0.011240	24.000000	0.003600
0.011250	24.000000	0.003200
0.011260	24.000000	0.003600
0.011270	24.000000	0.004000
0.011280	24.000000	0.004000
0.011290	24.000000	0.004000
0.011300	23.600000	0.004000
0.011310	23.600000	0.004000
0.011320	24.000000	0.004000
0.011330	24.000000	0.004000
0.011340	24.000000	0.004000
0.011350	23.600000	0.003600
0.011360	24.000000	0.003600
0.011370	24.000000	0.004400
0.011380	23.600000	0.004000
0.011390	24.000000	0.004400
0.011400	23.600000	0.003200
0.011410	24.000000	0.004000
0.011420	23.600000	0.003200
0.011430	24.000000	0.004000
0.011440	24.000000	0.004400
0.011450	24.000000	0.004800
0.011460	24.000000	0.004000
0.011470	24.000000	0.004400
0.011480	24.000000	0.003600
0.011490	23.600000	0.003600
0.011500	24.000000	0.004400
0.011510	24.000000	0.004800
0.011520	24.000000	0.004000
0.011530	24.000000	0.004400
0.011540	24.000000	0.005200
0.011550	24.000000	0.004800
0.011560	24.000000	0.004400
0.011570	24.000000	0.004800
0.011580	24.000000	0.005200
0.011590	23.600000	0.004400
0.011600	24.000000	0.004400
0.011610	24.000000	0.004800
0.011620	24.000000	0.004400
0.011630	24.000000	0.004400
0.011640	23.600000	0.004800
0.011650	24.000000	0.003600
0.011660	23.600000	0.005200
0.011670	23.600000	0.004400
0.011680	23.600000	0.004800
0.011690	23.600000	0.004800
0.011700	23.600000	0.005200
0.011710	24.000000	0.004800
0.011720	23.600000	0.005200
0.011730	24.000000	0.004800
0.011740	24.000000	0.004400
0.011750	23.600000	0.005600
0.011760	24.000000	0.006400
0.011770	24.000000	0.005200
0.011780	24.000000	0.004800
0.011790	23.600000	0.004400
0.011800	23.600000	0.005200
0.011810	24.000000	0.005200
0.011820	23.600000	0.005600
0.011830	23.600000	0.005600
0.011840	23.600000	0.005600
0.011850	24.000000	0.005600
0.011860	23.600000	0.005600
0.011870	24.000000	0.005200
0.011880	24.000000	0.005600
0.011890	24.000000	0.005200
0.011900	23.600000	0.004800
0.011910	24.000000	0.004800
0.011920	23.600000	0.005600
0.011930	24.000000	0.005200
0.011940	23.600000	0.004800
0.011950	23.600000	0.004800
0.011960	24.000000	0.005600
0.011970	23.600000	0.005600
0.011980	24.000000	0.005600
0.011990	24.000000	0.004800
0.012000	23.600000	0.005600
0.012010	23.600000	0.005600
0.012020	23.600000	0.004800
0.012030	23.600000	0.006400
0.012040	23.600000	0.005600
0.012050	24.000000	0.005200
0.012060	23.600000	0.006000
0.012070	24.000000	0.006800
0.012080	24.000000	0.006400
0.012090	23.600000	0.006000
0.012100	23.600000	0.006400
0.012110	24.000000	0.006400
0.012120	23.600000	0.006400
0.012130	23.600000	0.005600
0.012140	23.600000	0.005600
0.012150	24.000000	0.005600
0.012160	23.600000	0.006000
0.012170	24.000000	0.005600
0.012180	23.600000	0.005600
0.012190	24.000000	0.006000
0.012200	23.600000	0.006000
0.012210	23.600000	0.006400
0.012220	24.000000	0.006000
0.012230	24.000000	0.006000
0.012240	24.000000	0.006400
0.012250	24.000000	0.005600
0.012260	23.600000	0.005600
0.012270	23.600000	0.005600
0.012280	24.000000	0.006400
0.012290	23.600000	0.006800
0.012300	24.000000	0.006800
0.012310	24.000000	0.006000
0.012320	24.000000	0.007200
0.012330	24.000000	0.006800
0.012340	24.000000	0.006400
0.012350	23.600000	0.006400
0.012360	24.000000	0.006400
0.012370	23.600000	0.006800
0.012380	23.600000	0.006000
0.012390	23.600000	0.006400
0.012400	24.000000	0.006800
0.012410	23.600000	0.006400
0.012420	24.000000	0.007200
0.012430	23.600000	0.006800
0.012440	23.600000	0.006800
0.012450	23.600000	0.007200
0.012460	23.600000	0.007600
0.012470	24.000000	0.006800
0.012480	24.000000	0.006400
0.012490	24.000000	0.006800
0.012500	23.600000	0.007600
0.012510	24.000000	0.006800
0.012520	23.600000	0.006800
0.012530	23.600000	0.007200
0.012540	24.000000	0.006800
0.012550	24.000000	0.006800
0.012560	24.000000	0.007200
0.012570	23.600000	0.006800
0.012580	23.600000	0.007200
0.012590	24.000000	0.007600
0.012600	23.600000	0.007200
0.012610	24.000000	0.006800
0.012620	23.600000	0.006800
0.012630	23.600000	0.007200
0.012640	24.000000	0.007200
0.012650	24.000000	0.007200
0.012660	24.000000	0.007600
0.012670	24.000000	0.006800
0.012680	24.000000	0.006800
0.012690	24.000000	0.007600
0.012700	23.600000	0.007200
0.012710	23.600000	0.006800
0.012720	24.000000	0.007200
0.012730	23.600000	0.007200
0.012740	23.600000	0.006800
0.012750	24.000000	0.006800
0.012760	23.600000	0.008000
0.012770	24.000000	0.007600
0.012780	23.600000	0.007200
0.012790	23.600000	0.007200
0.012800	24.000000	0.007600
0.012810	23.600000	0.008000
0.012820	23.600000	0.008000
0.012830	23.600000	0.007600
0.012840	24.000000	0.007600
0.012850	24.000000	0.007200
0.012860	23.600000	0.008000
0.012870	23.600000	0.008000
0.012880	24.000000	0.007600
0.012890	23.600000	0.008000
0.012900	24.000000	0.008000
0.012910	24.000000	0.007600
0.012920	23.600000	0.007200
0.012930	23.600000	0.007200
0.012940	24.000000	0.008000
0.012950	23.600000	0.008000
0.012960	23.600000	0.007600
0.012970	24.000000	0.008400
0.012980	23.600000	0.008000
0.012990	23.600000	0.007600
0.013000	23.600000	0.008000
0.013010	24.000000	0.007600
0.013020	23.600000	0.007600
0.013030	23.600000	0.007600
0.013040	23.600000	0.007600
0.013050	23.600000	0.008000
0.013060	24.000000	0.008000
0.013070	24.000000	0.007600
0.013080	24.000000	0.008000
0.013090	24.000000	0.008000
0.013100	23.600000	0.008000
0.013110	23.600000	0.007600
0.013120	24.000000	0.008000
0.013130	24.000000	0.008000
0.013140	23.600000	0.008000
0.013150	24.000000	0.007600
0.013160	23.600000	0.007600
0.013170	24.000000	0.008400
0.013180	23.600000	0.007200
0.013190	24.000000	0.007200
0.013200	23.600000	0.008000
0.013210	23.600000	0.008400
0.013220	23.600000	0.008000
0.013230	23.600000	0.008400
0.013240	23.600000	0.008800
0.013250	23.600000	0.008400
0.013260	23.600000	0.008400
0.013270	23.600000	0.007600
0.013280	23.600000	0.007600
0.013290	24.000000	0.008000
0.013300	24.000000	0.008000
0.013310	24.000000	0.008800
0.013320	24.000000	0.008000
0.013330	23.600000	0.008000
0.013340	24.000000	0.009200
0.013350	23.600000	0.008400
0.013360	23.600000	0.008800
0.013370	24.000000	0.008400
0.013380	23.600000	0.009200
0.013390	23.600000	0.008400
0.013400	23.600000	0.008400
0.013410	23.600000	0.009200
0.013420	23.600000	0.009200
0.013430	24.000000	0.008000
0.013440	24.000000	0.008400
0.013450	23.600000	0.008400
0.013460	23.600000	0.008800
0.013470	24.000000	0.008000
0.013480	24.000000	0.008000
0.013490	23.600000	0.008400
0.013500	23.600000	0.009200
0.013510	23.600000	0.008400
0.013520	23.600000	0.008000
0.013530	23.600000	0.008400
0.013540	23.600000	0.008400
0.013550	23.600000	0.008400
0.013560	23.600000	0.008800
0.013570	24.000000	0.008000
0.013580	23.600000	0.008800
0.013590	23.600000	0.008000
0.013600	23.600000	0.008800
0.013610	23.600000	0.009200
0.013620	24.000000	0.009200
0.013630	24.000000	0.009200
0.013640	24.000000	0.010000
0.013650	24.000000	0.008800
0.013660	23.600000	0.009600
0.013670	23.600000	0.009200
0.013680	24.000000	0.009200
0.013690	23.600000	0.009200
0.013700	23.600000	0.008000
0.013710	23.600000	0.008400
0.013720	23.600000	0.008000
0.013730	24.000000	0.009200
0.013740	24.000000	0.008800
0.013750	23.600000	0.008400
0.013760	23.600000	0.008400
0.013770	24.000000	0.008800
0.013780	23.600000	0.008400
0.013790	23.600000	0.009600
0.013800	23.600000	0.009200
0.013810	24.000000	0.009200
0.013820	23.600000	0.009600
0.013830	23.600000	0.009600
0.013840	23.600000	0.009600
0.013850	23.600000	0.009600
0.013860	23.600000	0.009600
0.013870	23.600000	0.008400
0.013880	24.000000	0.009600
0.013890	23.600000	0.009600
0.013900	23.600000	0.009200
0.013910	23.600000	0.009200
0.013920	23.600000	0.009200
0.013930	23.600000	0.009200
0.013940	23.600000	0.009200
0.013950	23.600000	0.008400
0.013960	23.600000	0.008400
0.013970	23.600000	0.009200
0.013980	23.600000	0.008000
0.013990	23.600000	0.008800
0.014000	24.000000	0.008800
0.014010	23.600000	0.008800
0.014020	24.000000	0.009600
0.014030	23.600000	0.008800
0.014040	23.600000	0.008800
0.014050	24.000000	0.009200
0.014060	23.600000	0.009200
0.014070	24.000000	0.009600
0.014080	23.600000	0.009200
0.014090	23.600000	0.009600
0.014100	23.600000	0.009600
0.014110	23.600000	0.008800
0.014120	23.600000	0.010000
0.014130	23.600000	0.009600
0.014140	23.600000	0.009600
0.014150	23.600000	0.010000
0.014160	23.600000	0.009600
0.014170	24.000000	0.008800
0.014180	24.000000	0.008800
0.014190	24.000000	0.008400
0.014200	24.000000	0.009600
0.014210	23.600000	0.008800
0.014220	23.600000	0.009600
0.014230	24.000000	0.009600
0.014240	23.600000	0.009600
0.014250	23.600000	0.009200
0.014260	23.600000	0.009200
0.014270	23.600000	0.009600
0.014280	23.600000	0.009600
0.014290	23.600000	0.009200
0.014300	24.000000	0.009600
0.014310	23.600000	0.010000
0.014320	24.000000	0.009600
0.014330	23.600000	0.010000
0.014340	24.000000	0.010000
0.014350	23.600000	0.009600
0.014360	24.000000	0.010000
0.014370	23.600000	0.010000
0.014380	23.600000	0.009600
0.014390	24.000000	0.010400
0.014400	23.600000	0.010000
0.014410	23.600000	0.009600
0.014420	24.000000	0.009600
0.014430	23.600000	0.009600
0.014440	24.000000	0.009200
0.014450	23.600000	0.008800
0.014460	23.600000	0.009600
0.014470	23.600000	0.009600
0.014480	24.000000	0.009200
0.014490	24.000000	0.009600
0.014500	23.600000	0.010000
0.014510	23.600000	0.010000
0.014520	23.600000	0.009200
0.014530	23.600000	0.010000
0.014540	23.600000	0.009200
0.014550	24.000000	0.009600
0.014560	23.600000	0.009200
0.014570	23.600000	0.009600
0.014580	23.600000	0.009600
0.014590	23.600000	0.009200
0.014600	23.600000	0.009600
0.014610	23.600000	0.009200
0.014620	23.600000	0.009600
0.014630	23.600000	0.009600
0.014640	24.000000	0.010400
0.014650	23.600000	0.009600
0.014660	23.600000	0.010400
0.014670	24.000000	0.009600
0.014680	23.600000	0.010000
0.014690	23.600000	0.009600
0.014700	23.600000	0.009600
0.014710	23.600000	0.010000
0.014720	23.600000	0.009200
0.014730	23.600000	0.010000
0.014740	23.600000	0.008800
0.014750	23.600000	0.010400
0.014760	23.600000	0.009600
0.014770	23.600000	0.009200
0.014780	23.600000	0.008800
0.014790	24.000000	0.009200
0.014800	23.600000	0.009600
0.014810	23.600000	0.009600
0.014820	23.600000	0.009600
0.014830	23.600000	0.010400
0.014840	23.600000	0.010400
0.014850	23.600000	0.010000
0.014860	23.600000	0.009600
0.014870	23.600000	0.010000
0.014880	23.600000	0.010000
0.014890	23.600000	0.010000
0.014900	23.600000	0.010000
0.014910	24.000000	0.010800
0.014920	23.600000	0.010400
0.014930	24.000000	0.010400
0.014940	23.600000	0.010400
0.014950	23.600000	0.010000
0.014960	23.600000	0.009600
0.014970	23.600000	0.009600
0.014980	23.600000	0.010400
0.014990	24.000000	0.009600
0.015000	23.600000	0.010000
0.015010	23.600000	0.009600
0.015020	23.600000	0.009600
0.015030	24.000000	0.009200
0.015040	23.600000	0.010000
0.015050	23.600000	0.009600
0.015060	23.600000	0.010000
0.015070	23.600000	0.009600
0.015080	23.600000	0.009600
0.015090	23.600000	0.010400
0.015100	23.600000	0.010000
0.015110	23.600000	0.010000
0.015120	23.600000	0.010800
0.015130	23.600000	0.010000
0.015140	23.600000	0.010400
0.015150	24.000000	0.010000
0.015160	23.600000	0.010000
0.015170	23.600000	0.009600
0.015180	23.600000	0.010400
0.015190	23.600000	0.010000
0.015200	23.600000	0.010400
0.015210	23.600000	0.009600
0.015220	23.600000	0.010000
0.015230	23.600000	0.009200
0.015240	23.600000	0.010000
0.015250	23.600000	0.010000
0.015260	24.000000	0.009200
0.015270	23.600000	0.010000
0.015280	23.600000	0.009600
0.015290	23.600000	0.009200
0.015300	23.600000	0.009600
0.015310	23.600000	0.010400
0.015320	23.600000	0.010000
0.015330	24.000000	0.010800
0.015340	23.600000	0.010400
0.015350	23.600000	0.009600
0.015360	23.600000	0.010000
0.015370	23.600000	0.010000
0.015380	23.600000	0.010800
0.015390	23.600000	0.010000
0.015400	23.600000	0.010000
0.015410	24.000000	0.010400
0.015420	23.600000	0.010400
0.015430	23.600000	0.010800
0.015440	23.600000	0.010400
0.015450	24.000000	0.010400
0.015460	23.600000	0.009600
0.015470	23.600000	0.010800
0.015480	23.600000	0.009600
0.015490	23.600000	0.009600
0.015500	23.600000	0.010000
0.015510	23.600000	0.010000
0.015520	23.600000	0.010400
0.015530	23.600000	0.010000
0.015540	23.600000	0.010000
0.015550	23.600000	0.010400
0.015560	23.600000	0.010400
0.015570	23.600000	0.010400
0.015580	23.600000	0.010000
0.015590	23.600000	0.010400
0.015600	23.600000	0.010400
0.015610	23.600000	0.009200
0.015620	23.600000	0.009600
0.015630	23.600000	0.010400
0.015640	23.600000	0.010400
0.015650	23.600000	0.009600
0.015660	23.600000	0.010400
0.015670	23.600000	0.010400
0.015680	23.600000	0.010400
0.015690	23.600000	0.010400
0.015700	24.000000	0.010400
0.015710	23.600000	0.010800
0.015720	23.600000	0.010400
0.015730	23.600000	0.010000
0.015740	24.000000	0.009200
0.015750	24.000000	0.010400
0.015760	23.600000	0.009200
0.015770	23.600000	0.010000
0.015780	23.600000	0.010000
0.015790	24.000000	0.010400
0.015800	23.600000	0.009200
0.015810	23.600000	0.010000
0.015820	23.600000	0.010000
0.015830	23.600000	0.010400
0.015840	23.600000	0.009600
0.015850	23.600000	0.010800
0.015860	23.600000	0.010400
0.015870	23.600000	0.010000
0.015880	23.600000	0.009200
0.015890	23.600000	0.010000
0.015900	23.600000	0.010400
0.015910	23.600000	0.010400
0.015920	24.000000	0.010400
0.015930	23.600000	0.010000
0.015940	23.600000	0.009600
0.015950	23.600000	0.010000
0.015960	23.600000	0.010400
0.015970	23.600000	0.010000
0.015980	24.000000	0.010000
0.015990	23.600000	0.009600
0.016000	23.600000	0.010400
0.016010	23.600000	0.010400
0.016020	23.600000	0.010800
0.016030	23.600000	0.010400
0.016040	24.000000	0.010000
0.016050	24.000000	0.010000
0.016060	24.000000	0.010000
0.016070	23.600000	0.010800
0.016080	23.600000	0.010000
0.016090	24.000000	0.010400
0.016100	23.600000	0.010400
0.016110	23.600000	0.010800
0.016120	23.600000	0.011200
0.016130	23.600000	0.010800
0.016140	23.600000	0.010800
0.016150	23.600000	0.010800
0.016160	23.600000	0.010800
0.016170	23.600000	0.010800
0.016180	23.600000	0.011200
0.016190	23.600000	0.010800
0.016200	23.600000	0.010400
0.016210	23.600000	0.010800
0.016220	23.600000	0.010800
0.016230	23.600000	0.010800
0.016240	24.000000	0.010400
0.016250	23.600000	0.010000
0.016260	23.600000	0.010400
0.016270	23.600000	0.010400
0.016280	23.600000	0.009600
0.016290	23.600000	0.008400
0.016300	23.600000	0.009200
0.016310	23.600000	0.010800
0.016320	23.600000	0.010000
0.016330	23.600000	0.010000
0.016340	24.000000	0.010400
0.016350	23.600000	0.010800
0.016360	23.600000	0.010800
0.016370	23.600000	0.010800
0.016380	23.600000	0.010400
0.016390	24.000000	0.010000
0.016400	23.600000	0.010400
0.016410	23.600000	0.010800
0.016420	23.600000	0.010000
0.016430	23.600000	0.010800
0.016440	24.000000	0.010400
0.016450	23.600000	0.010400
0.016460	23.600000	0.010400
0.016470	23.600000	0.010400
0.016480	23.600000	0.010400
0.016490	23.600000	0.010000
0.016500	24.000000	0.010000
0.016510	23.600000	0.010000
0.016520	23.600000	0.010400
0.016530	23.600000	0.009600
0.016540	23.600000	0.010000
0.016550	24.000000	0.009600
0.016560	23.600000	0.010000
0.016570	23.600000	0.010800
0.016580	23.600000	0.010400
0.016590	23.600000	0.010800
0.016600	23.600000	0.010400
0.016610	23.600000	0.010800
0.016620	23.600000	0.010800
0.016630	23.600000	0.010400
0.016640	23.600000	0.010400
0.016650	24.000000	0.010800
0.016660	24.000000	0.010400
0.016670	24.000000	0.010800
0.016680	23.600000	0.010400
0.016690	23.600000	0.010400
0.016700	24.000000	0.010400
0.016710	23.600000	0.010800
0.016720	23.600000	0.009600
0.016730	23.600000	0.010400
0.016740	24.000000	0.010000
0.016750	23.600000	0.010400
0.016760	24.000000	0.010800
0.016770	24.000000	0.009600
0.016780	23.600000	0.009200
0.016790	23.600000	0.010400
0.016800	23.600000	0.010800
0.016810	23.600000	0.010400
0.016820	23.600000	0.010800
0.016830	23.600000	0.010000
0.016840	23.600000	0.010400
0.016850	23.600000	0.010000
0.016860	23.600000	0.010400
0.016870	23.600000	0.010400
0.016880	23.600000	0.010400
0.016890	23.600000	0.010000
0.016900	23.600000	0.010400
0.016910	23.600000	0.010400
0.016920	23.600000	0.010400
0.016930	23.600000	0.010000
0.016940	23.600000	0.010400
0.016950	23.600000	0.010000
0.016960	23.600000	0.010800
0.016970	24.000000	0.010400
0.016980	23.600000	0.010800
0.016990	23.600000	0.010400
0.017000	23.600000	0.009600
0.017010	23.600000	0.010000
0.017020	23.600000	0.010800
0.017030	23.600000	0.010000
0.017040	23.600000	0.010000
0.017050	23.600000	0.009600
0.017060	23.600000	0.009600
0.017070	23.600000	0.009600
0.017080	23.600000	0.010000
0.017090	23.600000	0.010000
0.017100	24.000000	0.009600
0.017110	23.600000	0.010000
0.017120	23.600000	0.009600
0.017130	23.600000	0.010000
0.017140	23.600000	0.010000
0.017150	23.600000	0.010400
0.017160	23.600000	0.010000
0.017170	23.600000	0.010800
0.017180	23.600000	0.010800
0.017190	24.000000	0.010400
0.017200	24.000000	0.010400
0.017210	23.600000	0.010000
0.017220	23.600000	0.010400
0.017230	23.600000	0.010400
0.017240	23.600000	0.010000
0.017250	23.600000	0.010800
0.017260	23.600000	0.009600
0.017270	23.600000	0.010000
0.017280	23.600000	0.010000
0.017290	23.600000	0.010000
0.017300	23.600000	0.010400
0.017310	23.600000	0.010400
0.017320	23.600000	0.010400
0.017330	23.600000	0.009600
0.017340	23.600000	0.010800
0.017350	23.600000	0.010800
0.017360	23.600000	0.010400
0.017370	23.600000	0.010400
0.017380	23.600000	0.010800
0.017390	23.600000	0.010000
0.017400	23.600000	0.010000
0.017410	23.600000	0.010400
0.017420	23.600000	0.010800
0.017430	23.600000	0.010800
0.017440	23.600000	0.010000
0.017450	23.600000	0.010000
0.017460	23.600000	0.010800
0.017470	23.600000	0.010400
0.017480	23.600000	0.010800
0.017490	23.600000	0.010400
0.017500	23.600000	0.010000
0.017510	23.600000	0.010000
0.017520	23.600000	0.010400
0.017530	23.600000	0.010000
0.017540	23.600000	0.009600
0.017550	23.600000	0.010000
0.017560	23.600000	0.010000
0.017570	23.600000	0.009600
0.017580	23.600000	0.009600
0.017590	23.600000	0.010400
0.017600	23.600000	0.010800
0.017610	23.600000	0.010400
0.017620	23.600000	0.009600
0.017630	23.600000	0.010000
0.017640	23.600000	0.010800
0.017650	23.600000	0.010800
0.017660	23.600000	0.010800
0.017670	23.600000	0.009200
0.017680	23.600000	0.009600
0.017690	23.600000	0.010800
0.017700	23.600000	0.010000
0.017710	24.000000	0.010400
0.017720	24.000000	0.010400
0.017730	23.600000	0.010400
0.017740	23.600000	0.010800
0.017750	23.600000	0.010400
0.017760	23.600000	0.010800
0.017770	23.600000	0.010800
0.017780	23.600000	0.010800
0.017790	23.600000	0.010800
0.017800	23.600000	0.010800
0.017810	23.600000	0.010400
0.017820	24.000000	0.010400
0.017830	23.600000	0.010000
0.017840	23.600000	0.010000
0.017850	23.600000	0.010000
0.017860	23.600000	0.010400
0.017870	23.600000	0.009600
0.017880	23.600000	0.009600
0.017890	23.600000	0.010400
0.017900	23.600000	0.010400
0.017910	24.000000	0.010400
0.017920	23.600000	0.010400
0.017930	23.600000	0.010000
0.017940	23.600000	0.010000
0.017950	23.600000	0.010400
0.017960	23.600000	0.010800
0.017970	23.600000	0.009600
0.017980	23.600000	0.010400
0.017990	23.600000	0.010400
0.018000	23.600000	0.010000
0.018010	23.600000	0.010000
0.018020	23.600000	0.009600
0.018030	23.200000	0.010400
0.018040	23.600000	0.010800
0.018050	23.600000	0.010400
0.018060	24.000000	0.010000
0.018070	23.600000	0.010000
0.018080	24.000000	0.009600
0.018090	23.600000	0.010000
0.018100	23.600000	0.010800
0.018110	23.600000	0.010400
0.018120	23.600000	0.010400
0.018130	23.600000	0.010400
0.018140	23.600000	0.010800
0.018150	23.600000	0.010000
0.018160	23.600000	0.010800
0.018170	23.600000	0.010400
0.018180	23.600000	0.010400
0.018190	23.600000	0.010400
0.018200	23.600000	0.010800
0.018210	23.600000	0.010800
0.018220	23.600000	0.010000
0.018230	23.600000	0.010000
0.018240	23.600000	0.010000
0.018250	24.000000	0.010000
0.018260	23.600000	0.010000
0.018270	23.600000	0.010000
0.018280	23.600000	0.010400
0.018290	23.600000	0.010400
0.018300	23.600000	0.010000
0.018310	23.600000	0.010000
0.018320	23.600000	0.009200
0.018330	23.600000	0.009600
0.018340	23.600000	0.009200
0.018350	23.600000	0.010400
0.018360	23.600000	0.010400
0.018370	23.600000	0.010000
0.018380	23.600000	0.010000
0.018390	23.600000	0.010800
0.018400	23.600000	0.010800
0.018410	24.000000	0.010400
0.018420	24.000000	0.010400
0.018430	23.600000	0.010400
0.018440	23.600000	0.010800
0.018450	23.600000	0.010800
0.018460	23.600000	0.010000
0.018470	23.600000	0.010000
0.018480	23.600000	0.010000
0.018490	23.600000	0.010000
0.018500	23.600000	0.010000
0.018510	23.600000	0.010400
0.018520	23.600000	0.009600
0.018530	24.000000	0.010000
0.018540	23.600000	0.010400
0.018550	23.600000	0.010000
0.018560	23.600000	0.010400
0.018570	23.600000	0.009600
0.018580	23.600000	0.010800
0.018590	23.600000	0.010400
0.018600	23.600000	0.010800
0.018610	23.600000	0.010000
0.018620	23.600000	0.010400
0.018630	23.600000	0.010800
0.018640	23.600000	0.010000
0.018650	23.600000	0.010800
0.018660	23.600000	0.010000
0.018670	23.600000	0.010800
0.018680	23.600000	0.010400
0.018690	24.000000	0.010800
0.018700	23.600000	0.011200
0.018710	23.600000	0.010000
0.018720	23.600000	0.010400
0.018730	23.600000	0.009600
0.018740	23.600000	0.010400
0.018750	23.600000	0.009600
0.018760	23.600000	0.010400
0.018770	23.600000	0.009600
0.018780	23.600000	0.010800
0.018790	23.600000	0.010400
0.018800	23.600000	0.010000
0.018810	23.600000	0.009600
0.018820	23.600000	0.010000
0.018830	-26.800000	0.009600
0.018840	-27.200000	0.010000
0.018850	-27.200000	0.010400
0.018860	-27.200000	0.009600
0.018870	-27.200000	0.010400
0.018880	-27.200000	0.010400
0.018890	-27.200000	0.010000
0.018900	-27.200000	0.010000
0.018910	-27.200000	0.010000
0.018920	-27.200000	0.010400
0.018930	-27.200000	0.010800
0.018940	-27.200000	0.010000
0.018950	-27.200000	0.010400
0.018960	-27.200000	0.010000
0.018970	-26.800000	0.010400
0.018980	-26.800000	0.010800
0.018990	-26.800000	0.010000
0.019000	-26.800000	0.010400
0.019010	-26.800000	0.010400
0.019020	-26.800000	0.010400
0.019030	-27.200000	0.010800
0.019040	-26.800000	0.010800
0.019050	-26.800000	0.010000
0.019060	-26.800000	0.009600
0.019070	-26.800000	0.010800
0.019080	-26.800000	0.010000
0.019090	-26.800000	0.010400
0.019100	-26.800000	0.009600
0.019110	-26.800000	0.010000
0.019120	-26.800000	0.009600
0.019130	-26.400000	0.009600
0.019140	-26.800000	0.010000
0.019150	-26.400000	0.009600
0.019160	-26.400000	0.010800
0.019170	-26.400000	0.010400
0.019180	-26.400000	0.009600
0.019190	-26.400000	0.010000
0.019200	-26.400000	0.010400
0.019210	-26.400000	0.010800
0.019220	-26.400000	0.011200
0.019230	-26.400000	0.010400
0.019240	-26.400000	0.010800
0.019250	-26.400000	0.010000
0.019260	-26.400000	0.010000
0.019270	-26.000000	0.009600
0.019280	-26.000000	0.010400
0.019290	-26.400000	0.010400
0.019300	-26.400000	0.010000
0.019310	-26.400000	0.009600
0.019320	-26.400000	0.010000
0.019330	-26.400000	0.010800
0.019340	-26.000000	0.010000
0.019350	-26.400000	0.010000
0.019360	-26.000000	0.010800
0.019370	-26.000000	0.010400
0.019380	-26.400000	0.010400
0.019390	-26.400000	0.010800
0.019400	-26.400000	0.010000
0.019410	-26.000000	0.010000
0.019420	-26.400000	0.010000
0.019430	-26.000000	0.010400
0.019440	-26.400000	0.010400
0.019450	-26.000000	0.010400
0.019460	-26.000000	0.010000
0.019470	-26.000000	0.009600
0.019480	-26.000000	0.010000
0.019490	-26.000000	0.010400
0.019500	-26.000000	0.010800
0.019510	-26.000000	0.010800
0.019520	-26.000000	0.010800
0.019530	-26.000000	0.010000
0.019540	-26.000000	0.010000
0.019550	-26.000000	0.010000
0.019560	-26.000000	0.009600
0.019570	-26.000000	0.010400
0.019580	-26.000000	0.010000
0.019590	-26.000000	0.009200
0.019600	-26.000000	0.009200
0.019610	-26.000000	0.008800
0.019620	-26.000000	0.010800
0.019630	-26.000000	0.009200
0.019640	-26.000000	0.010400
0.019650	-25.600000	0.009600
0.019660	-25.600000	0.009600
0.019670	-26.000000	0.010000
0.019680	-26.000000	0.009600
0.019690	-26.000000	0.009600
0.019700	-25.600000	0.010800
0.019710	-26.000000	0.010400
0.019720	-25.600000	0.009600
0.019730	-25.600000	0.010400
0.019740	-25.600000	0.009600
0.019750	-25.600000	0.010000
0.019760	-25.600000	0.009600
0.019770	-25.600000	0.010000
0.019780	-25.600000	0.010000
0.019790	-25.600000	0.009600
0.019800	-25.600000	0.010000
0.019810	-25.600000	0.009600
0.019820	-25.600000	0.009600
0.019830	-25.600000	0.010000
0.019840	-25.600000	0.010000
0.019850	-25.600000	0.008800
0.019860	-25.600000	0.009600
0.019870	-25.600000	0.010000
0.019880	-25.600000	0.009600
0.019890	-25.600000	0.010400
0.019900	-25.600000	0.010000
0.019910	-25.600000	0.009600
0.019920	-25.600000	0.010000
0.019930	-25.600000	0.009600
0.019940	-25.600000	0.009600
0.019950	-25.600000	0.010400
0.019960	-25.600000	0.010000
0.019970	-25.600000	0.010800
0.019980	-25.600000	0.010400
0.019990	-25.600000	0.009600
0.020000	-25.600000	0.010000
0.020010	-25.600000	0.008800
0.020020	-25.600000	0.010000
0.020030	-25.600000	0.009600
0.020040	-25.600000	0.009600
0.020050	-25.600000	0.009200
0.020060	-25.600000	0.009600
0.020070	-25.600000	0.008400
0.020080	-25.600000	0.008400
0.020090	-25.600000	0.008800
0.020100	-25.200000	0.008400
0.020110	-25.200000	0.009200
0.020120	-25.600000	0.009200
0.020130	-25.200000	0.009200
0.020140	-25.600000	0.009200
0.020150	-25.200000	0.009600
0.020160	-25.600000	0.009200
0.020170	-25.200000	0.009600
0.020180	-25.200000	0.008800
0.020190	-25.200000	0.009600
0.020200	-25.200000	0.008800
0.020210	-25.200000	0.009200
0.020220	-25.200000	0.009200
0.020230	-25.200000	0.009200
0.020240	-25.200000	0.008400
0.020250	-25.200000	0.008800
0.020260	-25.600000	0.009200
0.020270	-25.200000	0.009600
0.020280	-25.200000	0.009200
0.020290	-25.200000	0.009600
0.020300	-25.200000	0.010000
0.020310	-25.200000	0.009200
0.020320	-25.200000	0.009200
0.020330	-25.200000	0.009200
0.020340	-25.200000	0.008800
0.020350	-25.200000	0.009600
0.020360	-25.200000	0.009200
0.020370	-25.200000	0.009600
0.020380	-25.200000	0.009600
0.020390	-25.200000	0.009600
0.020400	-25.200000	0.008800
0.020410	-25.200000	0.009600
0.020420	-25.200000	0.008800
0.020430	-25.200000	0.009200
0.020440	-25.200000	0.009200
0.020450	-25.200000	0.009200
0.020460	-25.200000	0.008800
0.020470	-25.200000	0.009200
0.020480	-25.200000	0.009200
0.020490	-25.200000	0.008800
0.020500	-25.200000	0.009200
0.020510	-24.800000	0.008800
0.020520	-24.800000	0.008800
0.020530	-25.200000	0.008400
0.020540	-24.800000	0.009200
0.020550	-25.200000	0.008400
0.020560	-25.200000	0.009200
0.020570	-24.800000	0.008400
0.020580	-25.200000	0.008000
0.020590	-24.800000	0.007600
0.020600	-25.200000	0.008000
0.020610	-25.200000	0.008800
0.020620	-25.200000	0.008000
0.020630	-25.200000	0.008000
0.020640	-25.200000	0.008000
0.020650	-25.200000	0.008800
0.020660	-25.200000	0.008000
0.020670	-24.800000	0.008400
0.020680	-24.800000	0.008400
0.020690	-24.800000	0.008000
0.020700	-24.800000	0.008000
0.020710	-24.800000	0.008000
0.020720	-24.800000	0.007600
0.020730	-25.200000	0.008000
0.020740	-24.800000	0.008000
0.020750	-24.800000	0.008000
0.020760	-24.800000	0.008000
0.020770	-24.800000	0.007600
0.020780	-24.800000	0.008000
0.020790	-24.800000	0.006000
0.020800	-25.200000	0.006400
0.020810	-25.200000	0.006400
0.020820	-24.800000	0.006800
0.020830	-24.800000	0.006800
0.020840	-24.800000	0.006800
0.020850	-25.200000	0.006400
0.020860	-24.800000	0.005600
0.020870	-24.800000	0.006000
0.020880	-24.800000	0.006400
0.020890	-24.800000	0.006000
0.020900	-24.800000	0.005600
0.020910	-24.800000	0.005600
0.020920	-24.800000	0.005200
0.020930	-24.800000	0.005600
0.020940	-24.800000	0.004800
0.020950	-24.800000	0.004400
0.020960	-24.800000	0.004000
0.020970	-24.800000	0.004000
0.020980	-24.400000	0.004000
0.020990	-24.800000	0.003200
0.021000	-24.800000	0.002800
0.021010	-24.800000	0.002000
0.021020	-24.400000	0.002000
0.021030	-24.400000	0.001200
0.021040	-24.800000	0.000400
0.021050	-24.800000	-0.001200
0.021060	-24.800000	-0.001200
0.021070	-24.800000	-0.002400
0.021080	-24.800000	-0.004000
0.021090	-24.400000	-0.004800
0.021100	-24.800000	-0.005600
0.021110	-24.400000	-0.006800
0.021120	-24.800000	-0.008000
0.021130	-24.800000	-0.009600
0.021140	-24.400000	-0.012400
0.021150	-24.800000	-0.012400
0.021160	-24.400000	-0.015200
0.021170	-24.800000	-0.017200
0.021180	-24.400000	-0.019200
0.021190	-24.400000	-0.020400
0.021200	-24.800000	-0.022400
0.021210	-24.400000	-0.024400
0.021220	-24.400000	-0.026000
0.021230	-24.800000	-0.028000
0.021240	-24.800000	-0.030400
0.021250	-24.800000	-0.031600
0.021260	-24.800000	-0.033600
0.021270	-24.400000	-0.035200
0.021280	-24.400000	-0.036400
0.021290	-24.800000	-0.037600
0.021300	-24.400000	-0.039600
0.021310	-24.400000	-0.039600
0.021320	-24.400000	-0.041600
0.021330	-24.400000	-0.041600
0.021340	-24.400000	-0.042800
0.021350	-24.400000	-0.042400
0.021360	-24.800000	-0.043200
0.021370	-24.400000	-0.044000
0.021380	-24.400000	-0.043600
0.021390	-24.400000	-0.043600
0.021400	-24.400000	-0.044000
0.021410	-24.400000	-0.043600
0.021420	-24.400000	-0.043600
0.021430	-24.400000	-0.043600
0.021440	-24.400000	-0.044000
0.021450	-24.400000	-0.042800
0.021460	-24.400000	-0.043600
0.021470	-24.400000	-0.043600
0.021480	-24.400000	-0.043200
0.021490	-24.400000	-0.043200
0.021500	-24.400000	-0.043200
0.021510	-24.400000	-0.042800
0.021520	-24.800000	-0.042400
0.021530	-24.400000	-0.042400
0.021540	-24.400000	-0.042400
0.021550	-24.400000	-0.042400
0.021560	-24.400000	-0.042000
0.021570	-24.400000	-0.042400
0.021580	-24.400000	-0.043200
0.021590	-24.400000	-0.042000
0.021600	-24.400000	-0.042000
0.021610	-24.400000	-0.042000
0.021620	-24.400000	-0.041600
0.021630	-24.400000	-0.041200
0.021640	-24.400000	-0.041600
0.021650	-24.400000	-0.041200
0.021660	-24.400000	-0.041200
0.021670	-24.400000	-0.040800
0.021680	-24.400000	-0.040800
0.021690	-24.400000	-0.040400
0.021700	-24.400000	-0.040800
0.021710	-24.400000	-0.040400
0.021720	-24.400000	-0.039600
0.021730	-24.400000	-0.039600
0.021740	-24.400000	-0.040000
0.021750	-24.400000	-0.039600
0.021760	-24.400000	-0.039200
0.021770	-24.400000	-0.038800
0.021780	-24.000000	-0.037600
0.021790	-24.400000	-0.038800
0.021800	-24.000000	-0.038400
0.021810	-24.000000	-0.037600
0.021820	-24.400000	-0.038400
0.021830	-24.400000	-0.038000
0.021840	-24.400000	-0.037600
0.021850	-24.400000	-0.037600
0.021860	-24.400000	-0.036800
0.021870	-24.400000	-0.037200
0.021880	-24.400000	-0.036800
0.021890	-24.400000	-0.036800
0.021900	-24.400000	-0.036800
0.021910	-24.400000	-0.036400
0.021920	-24.000000	-0.036400
0.021930	-24.400000	-0.036000
0.021940	-24.400000	-0.036000
0.021950	-24.000000	-0.035600
0.021960	-24.400000	-0.035600
0.021970	-24.400000	-0.035200
0.021980	-24.400000	-0.035200
0.021990	-24.400000	-0.035200
0.022000	-24.000000	-0.035200
0.022010	-24.400000	-0.034400
0.022020	-24.000000	-0.034400
0.022030	-24.000000	-0.034800
0.022040	-24.400000	-0.033600
0.022050	-24.000000	-0.034400
0.022060	-24.400000	-0.034000
0.022070	-24.400000	-0.033200
0.022080	-24.000000	-0.033600
0.022090	-24.400000	-0.033600
0.022100	-24.000000	-0.034400
0.022110	-24.000000	-0.033600
0.022120	-24.000000	-0.032800
0.022130	-24.400000	-0.032400
0.022140	-24.000000	-0.032400
0.022150	-24.000000	-0.032400
0.022160	-24.000000	-0.032800
0.022170	-24.000000	-0.031600
0.022180	-24.400000	-0.031600
0.022190	-24.000000	-0.031600
0.022200	-24.400000	-0.031600
0.022210	-24.000000	-0.031200
0.022220	-24.400000	-0.031600
0.022230	-24.000000	-0.030800
0.022240	-24.000000	-0.031200
0.022250	-24.000000	-0.030400
0.022260	-24.000000	-0.030800
0.022270	-24.000000	-0.030400
0.022280	-24.000000	-0.030400
0.022290	-24.000000	-0.029200
0.022300	-24.400000	-0.030000
0.022310	-24.000000	-0.028800
0.022320	-24.000000	-0.028800
0.022330	-24.000000	-0.029600
0.022340	-24.000000	-0.030000
0.022350	-24.400000	-0.029200
0.022360	-24.400000	-0.028400
0.022370	-24.400000	-0.028800
0.022380	-24.000000	-0.028400
0.022390	-24.000000	-0.028400
0.022400	-24.000000	-0.028800
0.022410	-24.000000	-0.029600
0.022420	-24.000000	-0.028000
0.022430	-24.000000	-0.027600
0.022440	-24.000000	-0.028400
0.022450	-24.000000	-0.028400
0.022460	-24.000000	-0.027600
0.022470	-24.000000	-0.028000
0.022480	-23.600000	-0.027600
0.022490	-24.000000	-0.028400
0.022500	-24.000000	-0.027600
0.022510	-23.600000	-0.027200
0.022520	-24.000000	-0.027200
0.022530	-24.000000	-0.027600
0.022540	-24.000000	-0.026800
0.022550	-23.600000	-0.026800
0.022560	-24.000000	-0.026000
0.022570	-24.000000	-0.026400
0.022580	-24.000000	-0.026000
0.022590	-24.000000	-0.025600
0.022600	-23.600000	-0.025200
0.022610	-23.600000	-0.025600
0.022620	-24.000000	-0.025600
0.022630	-24.000000	-0.024800
0.022640	-23.600000	-0.025200
0.022650	-24.000000	-0.025200
0.022660	-24.000000	-0.024800
0.022670	-24.000000	-0.025200
0.022680	-23.600000	-0.024800
0.022690	-23.600000	-0.024400
0.022700	-24.000000	-0.025200
0.022710	-24.000000	-0.024400
0.022720	-24.000000	-0.024000
0.022730	-23.600000	-0.024000
0.022740	-24.000000	-0.024000
0.022750	-23.600000	-0.023200
0.022760	-23.600000	-0.024000
0.022770	-23.600000	-0.023200
0.022780	-24.000000	-0.023200
0.022790	-24.000000	-0.022800
0.022800	-24.000000	-0.022800
0.022810	-24.000000	-0.022800
0.022820	-23.600000	-0.022800
0.022830	-24.000000	-0.023200
0.022840	-24.000000	-0.022800
0.022850	-23.600000	-0.022800
0.022860	-24.000000	-0.022000
0.022870	-24.000000	-0.022400
0.022880	-24.000000	-0.022400
0.022890	-23.600000	-0.022800
0.022900	-24.000000	-0.022000
0.022910	-23.600000	-0.021600
0.022920	-23.600000	-0.021600
0.022930	-23.600000	-0.022000
0.022940	-23.600000	-0.022000
0.022950	-24.000000	-0.021200
0.022960	-23.600000	-0.020800
0.022970	-23.600000	-0.021200
0.022980	-23.600000	-0.021600
0.022990	-23.600000	-0.020800
0.023000	-24.000000	-0.021600
0.023010	-23.600000	-0.020800
0.023020	-24.000000	-0.020000
0.023030	-23.600000	-0.020000
0.023040	-24.000000	-0.020400
0.023050	-23.600000	-0.020000
0.023060	-23.600000	-0.019200
0.023070	-24.000000	-0.020000
0.023080	-23.600000	-0.019600
0.023090	-23.600000	-0.018800
0.023100	-23.600000	-0.019200
0.023110	-23.600000	-0.019200
0.023120	-23.600000	-0.019600
0.023130	-23.600000	-0.018400
0.023140	-23.600000	-0.019200
0.023150	-23.600000	-0.018800
0.023160	-23.600000	-0.020000
0.023170	-23.600000	-0.018800
0.023180	-24.000000	-0.020000
0.023190	-23.600000	-0.018800
0.023200	-23.600000	-0.018000
0.023210	-23.600000	-0.018400
0.023220	-23.600000	-0.018400
0.023230	-24.000000	-0.018800
0.023240	-24.000000	-0.019200
0.023250	-23.600000	-0.017600
0.023260	-23.600000	-0.017600
0.023270	-23.600000	-0.017600
0.023280	-23.600000	-0.017600
0.023290	-23.600000	-0.017600
0.023300	-23.600000	-0.017600
0.023310	-23.600000	-0.017600
0.023320	-23.600000	-0.016400
0.023330	-23.600000	-0.016800
0.023340	-23.600000	-0.018000
0.023350	-23.600000	-0.017200
0.023360	-23.600000	-0.017200
0.023370	-23.600000	-0.016800
0.023380	-23.600000	-0.016400
0.023390	-23.600000	-0.016400
0.023400	-23.600000	-0.016000
0.023410	-23.600000	-0.016400
0.023420	-24.000000	-0.016400
0.023430	-23.600000	-0.016000
0.023440	-23.600000	-0.015200
0.023450	-23.600000	-0.015600
0.023460	-23.600000	-0.016000
0.023470	-23.600000	-0.016400
0.023480	-23.600000	-0.016000
0.023490	-23.600000	-0.015600
0.023500	-23.600000	-0.016000
0.023510	-23.600000	-0.015600
0.023520	-23.600000	-0.015200
0.023530	-23.600000	-0.015200
0.023540	-23.600000	-0.015200
0.023550	-23.600000	-0.014800
0.023560	-23.600000	-0.014400
0.023570	-23.600000	-0.013600
0.023580	-23.600000	-0.014800
0.023590	-23.600000	-0.013600
0.023600	-23.600000	-0.014400
0.023610	-23.600000	-0.014400
0.023620	-23.600000	-0.013600
0.023630	-23.600000	-0.013600
0.023640	-23.600000	-0.014000
0.023650	-23.600000	-0.013600
0.023660	-23.600000	-0.014400
0.023670	-23.600000	-0.013600
0.023680	-23.600000	-0.014000
0.023690	-23.600000	-0.013600
0.023700	-23.600000	-0.014000
0.023710	-23.600000	-0.013600
0.023720	-23.600000	-0.013200
0.023730	-23.600000	-0.013200
0.023740	-23.600000	-0.013200
0.023750	-23.600000	-0.012400
0.023760	-23.600000	-0.012400
0.023770	-23.600000	-0.012800
0.023780	-23.600000	-0.011600
0.023790	-23.600000	-0.012800
0.023800	-23.600000	-0.013200
0.023810	-23.600000	-0.013200
0.023820	-23.600000	-0.012400
0.023830	-23.600000	-0.012800
0.023840	-23.200000	-0.012000
0.023850	-23.600000	-0.012000
0.023860	-23.600000	-0.012000
0.023870	-23.600000	-0.012400
0.023880	-23.600000	-0.012000
0.023890	-23.600000	-0.011200
0.023900	-23.600000	-0.012000
0.023910	-23.600000	-0.011600
0.023920	-23.600000	-0.011600
0.023930	-23.600000	-0.011200
0.023940	-23.200000	-0.011600
0.023950	-23.600000	-0.011200
0.023960	-23.600000	-0.012000
0.023970	-23.200000	-0.012000
0.023980	-23.600000	-0.011200
0.023990	-23.600000	-0.011200
0.024000	-23.200000	-0.011200
0.024010	-23.600000	-0.011200
0.024020	-23.600000	-0.010400
0.024030	-23.600000	-0.010400
0.024040	-23.600000	-0.010000
0.024050	-23.600000	-0.010000
0.024060	-23.600000	-0.010800
0.024070	-23.600000	-0.010000
0.024080	-23.600000	-0.010000
0.024090	-23.600000	-0.010000
0.024100	-23.600000	-0.009600
0.024110	-23.600000	-0.010400
0.024120	-23.600000	-0.010400
0.024130	-23.600000	-0.010400
0.024140	-23.600000	-0.010000
0.024150	-23.600000	-0.010000
0.024160	-23.600000	-0.009600
0.024170	-23.600000	-0.009600
0.024180	-23.600000	-0.010000
0.024190	-23.600000	-0.010000
0.024200	-23.600000	-0.009200
0.024210	-23.600000	-0.009200
0.024220	-23.600000	-0.009200
0.024230	-23.600000	-0.008400
0.024240	-23.600000	-0.008800
0.024250	-23.200000	-0.010000
0.024260	-23.600000	-0.009600
0.024270	-23.600000	-0.008800
0.024280	-23.600000	-0.008400
0.024290	-23.600000	-0.008000
0.024300	-23.600000	-0.008800
0.024310	-23.600000	-0.008800
0.024320	-23.600000	-0.008800
0.024330	-23.200000	-0.008800
0.024340	-23.600000	-0.008800
0.024350	-23.600000	-0.009600
0.024360	-23.600000	-0.008400
0.024370	-23.600000	-0.007600
0.024380	-23.200000	-0.008800
0.024390	-23.600000	-0.008000
0.024400	-23.600000	-0.008000
0.024410	-23.600000	-0.007600
0.024420	-23.600000	-0.007600
0.024430	-23.600000	-0.008000
0.024440	-23.200000	-0.007600
0.024450	-23.600000	-0.008000
0.024460	-23.600000	-0.008000
0.024470	-23.600000	-0.007200
0.024480	-23.200000	-0.006800
0.024490	-23.600000	-0.007600
0.024500	-23.600000	-0.007200
0.024510	-23.200000	-0.006800
0.024520	-23.600000	-0.006400
0.024530	-23.200000	-0.007200
0.024540	-23.200000	-0.006800
0.024550	-23.200000	-0.006800
0.024560	-23.200000	-0.006800
0.024570	-23.600000	-0.007200
0.024580	-23.200000	-0.006800
0.024590	-23.200000	-0.006800
0.024600	-23.200000	-0.006000
0.024610	-23.200000	-0.006800
0.024620	-23.200000	-0.006400
0.024630	-23.200000	-0.007200
0.024640	-23.200000	-0.006400
0.024650	-23.600000	-0.006800
0.024660	-23.600000	-0.006400
0.024670	-23.200000	-0.006400
0.024680	-23.200000	-0.006800
0.024690	-23.200000	-0.006000
0.024700	-23.200000	-0.006400
0.024710	-23.200000	-0.006000
0.024720	-23.600000	-0.006000
0.024730	-23.600000	-0.006000
0.024740	-23.200000	-0.006000
0.024750	-23.200000	-0.006000
0.024760	-23.200000	-0.005200
0.024770	-23.200000	-0.005600
0.024780	-23.600000	-0.006000
0.024790	-23.200000	-0.005600
0.024800	-23.600000	-0.005600
0.024810	-23.200000	-0.005600
0.024820	-23.200000	-0.005200
0.024830	-23.200000	-0.005200
0.024840	-23.200000	-0.005200
0.024850	-23.200000	-0.005200
0.024860	-23.200000	-0.005200
0.024870	-23.200000	-0.005200
0.024880	-23.600000	-0.005600
0.024890	-23.200000	-0.004800
0.024900	-23.200000	-0.004800
0.024910	-23.200000	-0.005200
0.024920	-23.200000	-0.005200
0.024930	-23.200000	-0.005200
0.024940	-23.200000	-0.004800
0.024950	-23.200000	-0.004400
0.024960	-23.200000	-0.004400
0.024970	-23.200000	-0.004800
0.024980	-23.200000	-0.005200
0.024990	-23.200000	-0.004800
