0.000000	-11.400000	1.734400
0.000100	-11.400000	1.732000
0.000200	-11.400000	1.732800
0.000300	-11.200000	1.733600
0.000400	-11.600000	1.732000
0.000500	-11.200000	1.733600
0.000600	-11.400000	1.732800
0.000700	-11.200000	1.733600
0.000800	-11.200000	1.733600
0.000900	-11.400000	1.732000
0.001000	-11.200000	1.734400
0.001100	-11.200000	1.733600
0.001200	-11.400000	1.733600
0.001300	-11.200000	1.733600
0.001400	-11.400000	1.732800
0.001500	-11.200000	1.732800
0.001600	-11.200000	1.732800
0.001700	-11.400000	1.732800
0.001800	-11.200000	1.733600
0.001900	-11.200000	1.733600
0.002000	-11.200000	1.733600
0.002100	-11.000000	1.734400
0.002200	-11.400000	1.734400
0.002300	-11.200000	1.733600
0.002400	-11.200000	1.732800
0.002500	-11.000000	1.733600
0.002600	-11.000000	1.733600
0.002700	-11.200000	1.732800
0.002800	-11.000000	1.732800
0.002900	-11.000000	1.733600
0.003000	-11.000000	1.733600
0.003100	-11.000000	1.735200
0.003200	-11.000000	1.733600
0.003300	-11.000000	1.733600
0.003400	-11.000000	1.732800
0.003500	-11.000000	1.732800
0.003600	-11.000000	1.732800
0.003700	-11.000000	1.732800
0.003800	-11.000000	1.734400
0.003900	-11.000000	1.733600
0.004000	-11.000000	1.732800
0.004100	-10.800000	1.734400
0.004200	-11.000000	1.732800
0.004300	-11.000000	1.732800
0.004400	-11.000000	1.733600
0.004500	-10.800000	1.733600
0.004600	-10.800000	1.734400
0.004700	-11.000000	1.733600
0.004800	-10.800000	1.733600
0.004900	-10.800000	1.733600
0.005000	-10.800000	1.733600
0.005100	-10.800000	1.733600
0.005200	-11.000000	1.733600
0.005300	-10.800000	1.733600
0.005400	-10.800000	1.734400
0.005500	-10.800000	1.734400
0.005600	-11.000000	1.733600
0.005700	-10.600000	1.732800
0.005800	-10.800000	1.733600
0.005900	-10.800000	1.732800
0.006000	-10.800000	1.732800
0.006100	-10.800000	1.733600
0.006200	-10.800000	1.733600
0.006300	-10.800000	1.732800
0.006400	-10.800000	1.733600
0.006500	-10.600000	1.733600
0.006600	-10.600000	1.733600
0.006700	-10.800000	1.733600
0.006800	-10.600000	1.733600
0.006900	-10.600000	1.733600
0.007000	-10.600000	1.733600
0.007100	-10.600000	1.733600
0.007200	-10.600000	1.733600
0.007300	-10.600000	1.734400
0.007400	-10.600000	1.733600
0.007500	-10.600000	1.733600
0.007600	-10.600000	1.734400
0.007700	-10.600000	1.732800
0.007800	-10.600000	1.734400
0.007900	-10.600000	1.733600
0.008000	-10.600000	1.734400
0.008100	-10.600000	1.733600
0.008200	-10.600000	1.732800
0.008300	-10.600000	1.733600
0.008400	-10.600000	1.732800
0.008500	-10.600000	1.733600
0.008600	-10.600000	1.732800
0.008700	-10.600000	1.733600
0.008800	-10.600000	1.732800
0.008900	-10.600000	1.733600
0.009000	-10.600000	1.732800
0.009100	-10.400000	1.733600
0.009200	-10.600000	1.733600
0.009300	-10.600000	1.733600
0.009400	-10.400000	1.733600
0.009500	-10.400000	1.733600
0.009600	-10.400000	1.734400
0.009700	-10.400000	1.733600
0.009800	-10.400000	1.732800
0.009900	-10.400000	1.734400
0.010000	-10.400000	1.733600
0.010100	-10.400000	1.733600
0.010200	-10.400000	1.734400
0.010300	-10.400000	1.734400
0.010400	-10.400000	1.732000
0.010500	-10.400000	1.733600
0.010600	-10.400000	1.732800
0.010700	-10.400000	1.732000
0.010800	-10.400000	1.733600
0.010900	-10.400000	1.732800
0.011000	-10.200000	1.733600
0.011100	-10.200000	1.732800
0.011200	-10.400000	1.733600
0.011300	-10.400000	1.732800
0.011400	-10.200000	1.733600
0.011500	-10.200000	1.733600
0.011600	-10.200000	1.732800
0.011700	-10.200000	1.733600
0.011800	-10.200000	1.733600
0.011900	-10.200000	1.734400
0.012000	-10.200000	1.733600
0.012100	-10.200000	1.733600
0.012200	-10.200000	1.733600
0.012300	-10.200000	1.733600
0.012400	-10.200000	1.733600
0.012500	-10.200000	1.733600
0.012600	-10.200000	1.732800
0.012700	-10.200000	1.732800
0.012800	-10.200000	1.732800
0.012900	-10.200000	1.733600
0.013000	-10.000000	1.733600
0.013100	-10.000000	1.733600
0.013200	-10.200000	1.733600
0.013300	-10.200000	1.734400
0.013400	-10.200000	1.732800
0.013500	-10.000000	1.734400
0.013600	-10.000000	1.733600
0.013700	-10.000000	1.734400
0.013800	-10.000000	1.733600
0.013900	-10.000000	1.733600
0.014000	-10.000000	1.733600
0.014100	-10.000000	1.734400
0.014200	-10.000000	1.734400
0.014300	-10.000000	1.733600
0.014400	-10.000000	1.733600
0.014500	-10.000000	1.732800
0.014600	-10.000000	1.733600
0.014700	-10.000000	1.733600
0.014800	-10.000000	1.733600
0.014900	-10.000000	1.734400
0.015000	-10.000000	1.733600
0.015100	-10.200000	1.733600
0.015200	-10.000000	1.734400
0.015300	-10.000000	1.733600
0.015400	-10.000000	1.734400
0.015500	-9.800000	1.734400
0.015600	-9.800000	1.732800
0.015700	-9.800000	1.734400
0.015800	-9.800000	1.733600
0.015900	-10.000000	1.734400
0.016000	-9.800000	1.732800
0.016100	-9.800000	1.733600
0.016200	-9.800000	1.732800
0.016300	-9.800000	1.734400
0.016400	-10.000000	1.733600
0.016500	-9.800000	1.734400
0.016600	-9.800000	1.733600
0.016700	-9.600000	1.733600
0.016800	-9.800000	1.734400
0.016900	-9.800000	1.733600
0.017000	-9.800000	1.734400
0.017100	-9.800000	1.732800
0.017200	-9.800000	1.733600
0.017300	-9.800000	1.733600
0.017400	-9.600000	1.734400
0.017500	-9.800000	1.733600
0.017600	-9.800000	1.734400
0.017700	-9.600000	1.733600
0.017800	-9.800000	1.733600
0.017900	-9.800000	1.732000
0.018000	-9.600000	1.733600
0.018100	-9.600000	1.733600
0.018200	-9.600000	1.734400
0.018300	-9.600000	1.733600
0.018400	-9.600000	1.733600
0.018500	-9.600000	1.734400
0.018600	-9.600000	1.733600
0.018700	-9.600000	1.733600
0.018800	-9.600000	1.732800
0.018900	-9.600000	1.734400
0.019000	-9.400000	1.733600
0.019100	-9.600000	1.733600
0.019200	-9.600000	1.733600
0.019300	-9.600000	1.732800
0.019400	-9.600000	1.733600
0.019500	-9.400000	1.733600
0.019600	-9.600000	1.733600
0.019700	-9.600000	1.732800
0.019800	-9.600000	1.733600
0.019900	-9.400000	1.732800
0.020000	-9.600000	1.732800
0.020100	-9.600000	1.733600
0.020200	-9.400000	1.732800
0.020300	-9.600000	1.732800
0.020400	-9.400000	1.733600
0.020500	-9.600000	1.732800
0.020600	-9.400000	1.732800
0.020700	-9.200000	1.733600
0.020800	-9.600000	1.733600
0.020900	-9.400000	1.732800
0.021000	-9.400000	1.733600
0.021100	-9.400000	1.733600
0.021200	-9.400000	1.733600
0.021300	-9.400000	1.733600
0.021400	-9.400000	1.733600
0.021500	-9.200000	1.733600
0.021600	-9.200000	1.733600
0.021700	-9.400000	1.733600
0.021800	-9.200000	1.733600
0.021900	-9.200000	1.733600
0.022000	-9.200000	1.734400
0.022100	-9.200000	1.732800
0.022200	-9.200000	1.732800
0.022300	-9.200000	1.733600
0.022400	-9.200000	1.733600
0.022500	-9.400000	1.733600
0.022600	-9.200000	1.733600
0.022700	-9.000000	1.734400
0.022800	-9.200000	1.733600
0.022900	-9.000000	1.733600
0.023000	-9.200000	1.733600
0.023100	-9.000000	1.733600
0.023200	-9.200000	1.732800
0.023300	-9.200000	1.732800
0.023400	-9.000000	1.732800
0.023500	-9.200000	1.732800
0.023600	-9.200000	1.733600
0.023700	-9.200000	1.733600
0.023800	-9.000000	1.734400
0.023900	-9.000000	1.733600
0.024000	-9.000000	1.733600
0.024100	-9.000000	1.732800
0.024200	-9.000000	1.734400
0.024300	-9.000000	1.733600
0.024400	-9.000000	1.733600
0.024500	-9.000000	1.732800
0.024600	-8.800000	1.734400
0.024700	-9.000000	1.733600
0.024800	-8.800000	1.732800
0.024900	-9.000000	1.733600
0.025000	-9.000000	1.733600
0.025100	-9.000000	1.734400
0.025200	-9.000000	1.733600
0.025300	-9.000000	1.732800
0.025400	-9.000000	1.733600
0.025500	-9.000000	1.733600
0.025600	-9.000000	1.733600
0.025700	-9.000000	1.733600
0.025800	-8.600000	1.733600
0.025900	-9.000000	1.734400
0.026000	-9.000000	1.732800
0.026100	-8.800000	1.733600
0.026200	-8.800000	1.733600
0.026300	-8.800000	1.733600
0.026400	-8.600000	1.733600
0.026500	-8.600000	1.733600
0.026600	-8.800000	1.733600
0.026700	-8.800000	1.733600
0.026800	-8.800000	1.732000
0.026900	-8.600000	1.733600
0.027000	-8.800000	1.732800
0.027100	-8.800000	1.732800
0.027200	-8.800000	1.733600
0.027300	-8.800000	1.732800
0.027400	-8.600000	1.732000
0.027500	-8.800000	1.732800
0.027600	-8.800000	1.732800
0.027700	-8.600000	1.732800
0.027800	-8.600000	1.733600
0.027900	-8.800000	1.732800
0.028000	-8.600000	1.732800
0.028100	-8.600000	1.733600
0.028200	-8.600000	1.733600
0.028300	-8.600000	1.732800
0.028400	-8.800000	1.733600
0.028500	-8.600000	1.732800
0.028600	-8.600000	1.732000
0.028700	-8.600000	1.732800
0.028800	-8.600000	1.732800
0.028900	-8.600000	1.732800
0.029000	-8.600000	1.732800
0.029100	-8.600000	1.733600
0.029200	-8.600000	1.732800
0.029300	-8.600000	1.732800
0.029400	-8.600000	1.733600
0.029500	-8.600000	1.732000
0.029600	-8.600000	1.732000
0.029700	-8.600000	1.732800
0.029800	-8.200000	1.732800
0.029900	-8.600000	1.732800
0.030000	-8.600000	1.733600
0.030100	-8.600000	1.732800
0.030200	-8.400000	1.732000
0.030300	-8.400000	1.733600
0.030400	-8.400000	1.732800
0.030500	-8.400000	1.732800
0.030600	-8.400000	1.732800
0.030700	-8.400000	1.732800
0.030800	-8.400000	1.732800
0.030900	-8.200000	1.732000
0.031000	-8.400000	1.732800
0.031100	-8.400000	1.732800
0.031200	-8.400000	1.732800
0.031300	-8.400000	1.733600
0.031400	-8.400000	1.732000
0.031500	-8.200000	1.732800
0.031600	-8.200000	1.732800
0.031700	-8.200000	1.732800
0.031800	-8.200000	1.732800
0.031900	-8.200000	1.732000
0.032000	-8.200000	1.732800
0.032100	-8.200000	1.732800
0.032200	-8.200000	1.732800
0.032300	-8.200000	1.731200
0.032400	-8.200000	1.732000
0.032500	-8.200000	1.732800
0.032600	-8.200000	1.732000
0.032700	-8.200000	1.732800
0.032800	-8.200000	1.733600
0.032900	-8.200000	1.732800
0.033000	-8.200000	1.733600
0.033100	-8.200000	1.732800
0.033200	-8.200000	1.732800
0.033300	-8.200000	1.733600
0.033400	-8.200000	1.732800
0.033500	-8.000000	1.734400
0.033600	-8.000000	1.732800
0.033700	-8.200000	1.733600
0.033800	-8.000000	1.732800
0.033900	-8.000000	1.732800
0.034000	-8.200000	1.732800
0.034100	-8.000000	1.734400
0.034200	-8.000000	1.732800
0.034300	-8.000000	1.734400
0.034400	-8.000000	1.732800
0.034500	-7.800000	1.732800
0.034600	-8.000000	1.732800
0.034700	-8.000000	1.732800
0.034800	-8.000000	1.733600
0.034900	-8.000000	1.733600
0.035000	-8.000000	1.733600
0.035100	-8.000000	1.732800
0.035200	-8.000000	1.733600
0.035300	-7.800000	1.733600
0.035400	-8.000000	1.733600
0.035500	-7.800000	1.733600
0.035600	-8.000000	1.732800
0.035700	-8.000000	1.732800
0.035800	-8.000000	1.733600
0.035900	-7.800000	1.733600
0.036000	-7.800000	1.733600
0.036100	-7.800000	1.733600
0.036200	-8.000000	1.732800
0.036300	-7.800000	1.733600
0.036400	-7.800000	1.733600
0.036500	-8.000000	1.732800
0.036600	-8.000000	1.732800
0.036700	-7.800000	1.734400
0.036800	-7.800000	1.733600
0.036900	-7.800000	1.732800
0.037000	-7.800000	1.733600
0.037100	-7.800000	1.732800
0.037200	-7.800000	1.733600
0.037300	-7.800000	1.732800
0.037400	-7.800000	1.733600
0.037500	-7.800000	1.732800
0.037600	-7.600000	1.733600
0.037700	-7.600000	1.732800
0.037800	-7.600000	1.732000
0.037900	-7.600000	1.733600
0.038000	-7.600000	1.732800
0.038100	-7.600000	1.732800
0.038200	-7.600000	1.732800
0.038300	-7.600000	1.732800
0.038400	-7.600000	1.733600
0.038500	-7.400000	1.732000
0.038600	-7.600000	1.732000
0.038700	-7.600000	1.732800
0.038800	-7.600000	1.733600
0.038900	-7.600000	1.733600
0.039000	-7.600000	1.732800
0.039100	-7.600000	1.732800
0.039200	-7.600000	1.732800
0.039300	-7.400000	1.732000
0.039400	-7.600000	1.732800
0.039500	-7.400000	1.732800
0.039600	-7.400000	1.733600
0.039700	-7.400000	1.732800
0.039800	-7.600000	1.733600
0.039900	-7.600000	1.733600
0.040000	-7.400000	1.732800
0.040100	-7.400000	1.733600
0.040200	-7.200000	1.732800
0.040300	-7.200000	1.732800
0.040400	-7.400000	1.733600
0.040500	-7.400000	1.733600
0.040600	-7.200000	1.732800
0.040700	-7.400000	1.732000
0.040800	-7.400000	1.733600
0.040900	-7.400000	1.733600
0.041000	-7.200000	1.733600
0.041100	-7.400000	1.732800
0.041200	-7.400000	1.732800
0.041300	-7.400000	1.732800
0.041400	-7.200000	1.732800
0.041500	-7.200000	1.732800
0.041600	-7.200000	1.732800
0.041700	-7.200000	1.733600
0.041800	-7.400000	1.733600
0.041900	-7.400000	1.732000
0.042000	-7.200000	1.732000
0.042100	-7.200000	1.733600
0.042200	-7.200000	1.732800
0.042300	-7.200000	1.733600
0.042400	-7.200000	1.732800
0.042500	-7.200000	1.732800
0.042600	-7.200000	1.732000
0.042700	-7.200000	1.733600
0.042800	-7.200000	1.732800
0.042900	-7.200000	1.732800
0.043000	-7.200000	1.733600
0.043100	-7.000000	1.732000
0.043200	-7.200000	1.733600
0.043300	-7.200000	1.733600
0.043400	-7.200000	1.732800
0.043500	-7.000000	1.732000
0.043600	-7.200000	1.733600
0.043700	-7.200000	1.732000
0.043800	-7.200000	1.732800
0.043900	-7.000000	1.732800
0.044000	-7.000000	1.733600
0.044100	-7.200000	1.732000
0.044200	-7.200000	1.733600
0.044300	-7.000000	1.733600
0.044400	-7.200000	1.733600
0.044500	-7.200000	1.732000
0.044600	-7.000000	1.733600
0.044700	-7.000000	1.733600
0.044800	-7.000000	1.732800
0.044900	-7.000000	1.733600
0.045000	-7.000000	1.732800
0.045100	-6.800000	1.732800
0.045200	-7.000000	1.733600
0.045300	-6.800000	1.733600
0.045400	-7.000000	1.732800
0.045500	-7.000000	1.733600
0.045600	-6.800000	1.732800
0.045700	-7.000000	1.732800
0.045800	-6.800000	1.732800
0.045900	-7.000000	1.733600
0.046000	-7.000000	1.732800
0.046100	-7.000000	1.732800
0.046200	-6.800000	1.733600
0.046300	-6.800000	1.732800
0.046400	-6.800000	1.733600
0.046500	-6.800000	1.733600
0.046600	-6.800000	1.732800
0.046700	-6.800000	1.733600
0.046800	-6.800000	1.732800
0.046900	-6.800000	1.734400
0.047000	-6.800000	1.732800
0.047100	-6.800000	1.733600
0.047200	-6.800000	1.732000
0.047300	-6.800000	1.733600
0.047400	-6.600000	1.732800
0.047500	-6.800000	1.733600
0.047600	-6.800000	1.732800
0.047700	-6.800000	1.732800
0.047800	-6.600000	1.732800
0.047900	-6.600000	1.733600
0.048000	-6.800000	1.732800
0.048100	-6.600000	1.733600
0.048200	-6.600000	1.733600
0.048300	-6.600000	1.733600
0.048400	-6.800000	1.732800
0.048500	-6.600000	1.733600
0.048600	-6.600000	1.732800
0.048700	-6.600000	1.732800
0.048800	-6.600000	1.732800
0.048900	-6.600000	1.733600
0.049000	-6.600000	1.733600
0.049100	-6.600000	1.733600
0.049200	-6.600000	1.733600
0.049300	-6.600000	1.732800
0.049400	-6.600000	1.732800
0.049500	-6.600000	1.733600
0.049600	-6.600000	1.732800
0.049700	-6.600000	1.732800
0.049800	-6.600000	1.732800
0.049900	-6.400000	1.732800
0.050000	-6.600000	1.732800
0.050100	-6.600000	1.732800
0.050200	-6.400000	1.732000
0.050300	-6.400000	1.733600
0.050400	-6.400000	1.732800
0.050500	-6.600000	1.732000
0.050600	-6.600000	1.733600
0.050700	-6.600000	1.733600
0.050800	-6.400000	1.733600
0.050900	-6.800000	1.732000
0.051000	-6.400000	1.732800
0.051100	-6.400000	1.732800
0.051200	-6.200000	1.732800
0.051300	-6.600000	1.733600
0.051400	-6.400000	1.732800
0.051500	-6.400000	1.732800
0.051600	-6.400000	1.732800
0.051700	-6.400000	1.732800
0.051800	-6.400000	1.732800
0.051900	-6.400000	1.733600
0.052000	-6.200000	1.732000
0.052100	-6.200000	1.733600
0.052200	-6.400000	1.734400
0.052300	-6.200000	1.732800
0.052400	-6.200000	1.733600
0.052500	-6.200000	1.733600
0.052600	-6.400000	1.733600
0.052700	-6.200000	1.732800
0.052800	-6.400000	1.733600
0.052900	-6.400000	1.733600
0.053000	-6.400000	1.732000
0.053100	-6.400000	1.732800
0.053200	-6.400000	1.733600
0.053300	-6.200000	1.733600
0.053400	-6.200000	1.732800
0.053500	-6.200000	1.732800
0.053600	-6.200000	1.732000
0.053700	-6.200000	1.732800
0.053800	-6.200000	1.733600
0.053900	-6.000000	1.732800
0.054000	-6.200000	1.732000
0.054100	-6.200000	1.733600
0.054200	-6.200000	1.732000
0.054300	-6.200000	1.733600
0.054400	-6.000000	1.732800
0.054500	-6.000000	1.733600
0.054600	-6.200000	1.733600
0.054700	-6.200000	1.732800
0.054800	-6.000000	1.733600
0.054900	-6.000000	1.733600
0.055000	-6.200000	1.732800
0.055100	-6.000000	1.734400
0.055200	-6.000000	1.733600
0.055300	-6.000000	1.732800
0.055400	-5.800000	1.733600
0.055500	-5.800000	1.733600
0.055600	-6.000000	1.733600
0.055700	-6.000000	1.734400
0.055800	-6.000000	1.732000
0.055900	-5.800000	1.733600
0.056000	-6.000000	1.733600
0.056100	-6.000000	1.733600
0.056200	-5.800000	1.733600
0.056300	-5.800000	1.732800
0.056400	-5.800000	1.733600
0.056500	-5.800000	1.732800
0.056600	-5.800000	1.734400
0.056700	-5.800000	1.734400
0.056800	-5.800000	1.732800
0.056900	-5.600000	1.733600
0.057000	-5.800000	1.732800
0.057100	-5.600000	1.733600
0.057200	-5.800000	1.733600
0.057300	-5.800000	1.732800
0.057400	-5.800000	1.733600
0.057500	-5.800000	1.732800
0.057600	-5.600000	1.732800
0.057700	-5.800000	1.733600
0.057800	-5.800000	1.732800
0.057900	-5.600000	1.734400
0.058000	-5.600000	1.732800
0.058100	-5.600000	1.733600
0.058200	-5.600000	1.732800
0.058300	-5.600000	1.732000
0.058400	-5.600000	1.733600
0.058500	-5.600000	1.732000
0.058600	-5.600000	1.732800
0.058700	-5.600000	1.732000
0.058800	-5.800000	1.732800
0.058900	-5.800000	1.732800
0.059000	-5.600000	1.732800
0.059100	-5.600000	1.732000
0.059200	-5.600000	1.732800
0.059300	-5.600000	1.733600
0.059400	-5.600000	1.733600
0.059500	-5.600000	1.733600
0.059600	-5.600000	1.732000
0.059700	-5.800000	1.732000
0.059800	-5.600000	1.732800
0.059900	-5.800000	1.732000
0.060000	-5.400000	1.733600
0.060100	-5.600000	1.732800
0.060200	-5.600000	1.733600
0.060300	-5.400000	1.732800
0.060400	-5.400000	1.732000
0.060500	-5.400000	1.732000
0.060600	-5.600000	1.732000
0.060700	-5.400000	1.732000
0.060800	-5.400000	1.732800
0.060900	-5.400000	1.733600
0.061000	-5.400000	1.732000
0.061100	-5.400000	1.731200
0.061200	-5.400000	1.732000
0.061300	-5.400000	1.732800
0.061400	-5.400000	1.733600
0.061500	-5.400000	1.733600
0.061600	-5.400000	1.732000
0.061700	-5.400000	1.733600
0.061800	-5.200000	1.732800
0.061900	-5.400000	1.732000
0.062000	-5.400000	1.732800
0.062100	-5.200000	1.732000
0.062200	-5.400000	1.732800
0.062300	-5.400000	1.733600
0.062400	-5.200000	1.732800
0.062500	-5.200000	1.732800
0.062600	-5.200000	1.732800
0.062700	-5.200000	1.732800
0.062800	-5.200000	1.732800
0.062900	-5.200000	1.733600
0.063000	-5.200000	1.732800
0.063100	-5.200000	1.732000
0.063200	-5.200000	1.732800
0.063300	-5.200000	1.732800
0.063400	-5.200000	1.732800
0.063500	-5.200000	1.732800
0.063600	-5.000000	1.732800
0.063700	-5.000000	1.732800
0.063800	-5.200000	1.732800
0.063900	-5.200000	1.732800
0.064000	-5.200000	1.732800
0.064100	-5.000000	1.732000
0.064200	-5.200000	1.732800
0.064300	-5.200000	1.732000
0.064400	-5.000000	1.732000
0.064500	-5.000000	1.733600
0.064600	-5.000000	1.733600
0.064700	-5.200000	1.732800
0.064800	-5.200000	1.733600
0.064900	-5.000000	1.732000
0.065000	-5.000000	1.732000
0.065100	-5.000000	1.733600
0.065200	-5.000000	1.732800
0.065300	-5.000000	1.733600
0.065400	-5.000000	1.732800
0.065500	-5.000000	1.732800
0.065600	-5.000000	1.733600
0.065700	-5.000000	1.733600
0.065800	-5.000000	1.733600
0.065900	-5.000000	1.732800
0.066000	-5.000000	1.732800
0.066100	-5.000000	1.733600
0.066200	-5.000000	1.732000
0.066300	-4.800000	1.732800
0.066400	-5.000000	1.732000
0.066500	-5.000000	1.732000
0.066600	-5.000000	1.732000
0.066700	-5.000000	1.733600
0.066800	-4.800000	1.732800
0.066900	-4.800000	1.732800
0.067000	-4.800000	1.732000
0.067100	-5.000000	1.733600
0.067200	-4.600000	1.732800
0.067300	-5.000000	1.732000
0.067400	-4.800000	1.732000
0.067500	-4.800000	1.732800
0.067600	-4.800000	1.732800
0.067700	-4.800000	1.732000
0.067800	-4.800000	1.733600
0.067900	-5.000000	1.732800
0.068000	-4.800000	1.732000
0.068100	-4.600000	1.732000
0.068200	-4.800000	1.733600
0.068300	-4.800000	1.732000
0.068400	-4.600000	1.732000
0.068500	-4.600000	1.732000
0.068600	-4.800000	1.732800
0.068700	-4.800000	1.732000
0.068800	-4.800000	1.732000
0.068900	-4.800000	1.732800
0.069000	-4.800000	1.732800
0.069100	-4.600000	1.732000
0.069200	-4.600000	1.732000
0.069300	-4.600000	1.733600
0.069400	-4.600000	1.732000
0.069500	-4.600000	1.733600
0.069600	-4.400000	1.732800
0.069700	-4.800000	1.732800
0.069800	-4.600000	1.732800
0.069900	-4.600000	1.732800
0.070000	-4.600000	1.732000
0.070100	-4.600000	1.732800
0.070200	-4.400000	1.732800
0.070300	-4.600000	1.732800
0.070400	-4.400000	1.732800
0.070500	-4.600000	1.732800
0.070600	-4.400000	1.732800
0.070700	-4.600000	1.732800
0.070800	-4.400000	1.732000
0.070900	-4.400000	1.732000
0.071000	-4.400000	1.732000
0.071100	-4.400000	1.732000
0.071200	-4.400000	1.732000
0.071300	-4.400000	1.732000
0.071400	-4.600000	1.732000
0.071500	-4.400000	1.732800
0.071600	-4.600000	1.732000
0.071700	-4.600000	1.731200
0.071800	-4.400000	1.732000
0.071900	-4.400000	1.731200
0.072000	-4.400000	1.730400
0.072100	-4.200000	1.732000
0.072200	-4.400000	1.732800
0.072300	-4.200000	1.732000
0.072400	-4.400000	1.732000
0.072500	-4.200000	1.730400
0.072600	-4.400000	1.732000
0.072700	-4.200000	1.732000
0.072800	-4.400000	1.732000
0.072900	-4.200000	1.732000
0.073000	-4.200000	1.731200
0.073100	-4.200000	1.732000
0.073200	-4.400000	1.731200
0.073300	-4.200000	1.731200
0.073400	-4.200000	1.732000
0.073500	-4.200000	1.731200
0.073600	-4.400000	1.731200
0.073700	-4.200000	1.732000
0.073800	-4.200000	1.732000
0.073900	-4.200000	1.731200
0.074000	-4.200000	1.729600
0.074100	-4.200000	1.731200
0.074200	-4.400000	1.730400
0.074300	-4.000000	1.730400
0.074400	-4.200000	1.729600
0.074500	-4.200000	1.731200
0.074600	-4.200000	1.731200
0.074700	-4.000000	1.730400
0.074800	-4.000000	1.728800
0.074900	-4.200000	1.728000
0.075000	-4.200000	1.728800
0.075100	-4.200000	1.728000
0.075200	-4.000000	1.727200
0.075300	-4.000000	1.727200
0.075400	-4.000000	1.724800
0.075500	-4.000000	1.724000
0.075600	-4.000000	1.723200
0.075700	-4.000000	1.720800
0.075800	-4.000000	1.718400
0.075900	-4.000000	1.716000
0.076000	-4.000000	1.713600
0.076100	-4.000000	1.712000
0.076200	-4.000000	1.712000
0.076300	-3.800000	1.709600
0.076400	-4.000000	1.708000
0.076500	-4.000000	1.708800
0.076600	-4.000000	1.707200
0.076700	-4.000000	1.708000
0.076800	-3.800000	1.707200
0.076900	-3.800000	1.708000
0.077000	-3.800000	1.707200
0.077100	-4.000000	1.709600
0.077200	-3.800000	1.709600
0.077300	-3.800000	1.710400
0.077400	-3.800000	1.710400
0.077500	-3.800000	1.712800
0.077600	-3.600000	1.711200
0.077700	-3.800000	1.712000
0.077800	-3.800000	1.713600
0.077900	-4.000000	1.713600
0.078000	-3.800000	1.712800
0.078100	-3.800000	1.714400
0.078200	-3.800000	1.714400
0.078300	-3.800000	1.715200
0.078400	-3.600000	1.715200
0.078500	-3.600000	1.716800
0.078600	-3.800000	1.716000
0.078700	-3.600000	1.716800
0.078800	-3.600000	1.717600
0.078900	-3.800000	1.717600
0.079000	-3.600000	1.717600
0.079100	-3.600000	1.717600
0.079200	-3.600000	1.718400
0.079300	-3.600000	1.719200
0.079400	-3.600000	1.720000
0.079500	-3.600000	1.720000
0.079600	-3.600000	1.720000
0.079700	-3.600000	1.720000
0.079800	-3.600000	1.720000
0.079900	-3.600000	1.720800
0.080000	-3.600000	1.721600
0.080100	-3.600000	1.720000
0.080200	-3.600000	1.720800
0.080300	-3.400000	1.720800
0.080400	-3.600000	1.721600
0.080500	-3.400000	1.722400
0.080600	-3.400000	1.721600
0.080700	-3.600000	1.721600
0.080800	-3.600000	1.722400
0.080900	-3.400000	1.723200
0.081000	-3.600000	1.722400
0.081100	-3.600000	1.723200
0.081200	-3.400000	1.724000
0.081300	-3.400000	1.724800
0.081400	-3.400000	1.724000
0.081500	-3.400000	1.724000
0.081600	-3.400000	1.724800
0.081700	-3.400000	1.724000
0.081800	-3.400000	1.724800
0.081900	-3.200000	1.726400
0.082000	-3.400000	1.724800
0.082100	-3.400000	1.724800
0.082200	-3.400000	1.724800
0.082300	-3.400000	1.725600
0.082400	-3.200000	1.724800
0.082500	-3.400000	1.725600
0.082600	-3.200000	1.725600
0.082700	-3.200000	1.725600
0.082800	-3.200000	1.726400
0.082900	-3.400000	1.725600
0.083000	-3.200000	1.726400
0.083100	-3.400000	1.727200
0.083200	-3.200000	1.727200
0.083300	-3.200000	1.727200
0.083400	-3.200000	1.727200
0.083500	-3.400000	1.727200
0.083600	-3.200000	1.727200
0.083700	-3.200000	1.727200
0.083800	-3.200000	1.727200
0.083900	-3.200000	1.727200
0.084000	-3.200000	1.725600
0.084100	-3.200000	1.727200
0.084200	-3.200000	1.728000
0.084300	-3.200000	1.727200
0.084400	-3.200000	1.727200
0.084500	-3.200000	1.727200
0.084600	-3.200000	1.728000
0.084700	-3.200000	1.727200
0.084800	-3.200000	1.728800
0.084900	-3.200000	1.728000
0.085000	-3.200000	1.728000
0.085100	-3.200000	1.728800
0.085200	-3.200000	1.728800
0.085300	-3.000000	1.728800
0.085400	-3.200000	1.729600
0.085500	-3.200000	1.728000
0.085600	-3.000000	1.728000
0.085700	-3.000000	1.728800
0.085800	-3.200000	1.728800
0.085900	-2.800000	1.728800
0.086000	-3.000000	1.728800
0.086100	-3.000000	1.728800
0.086200	-3.200000	1.728000
0.086300	-3.000000	1.728000
0.086400	-3.000000	1.728800
0.086500	-2.800000	1.728000
0.086600	-3.000000	1.729600
0.086700	-3.000000	1.729600
0.086800	-2.800000	1.729600
0.086900	-3.000000	1.729600
0.087000	-3.000000	1.730400
0.087100	-3.000000	1.729600
0.087200	-3.000000	1.729600
0.087300	-2.800000	1.729600
0.087400	-3.000000	1.729600
0.087500	-3.000000	1.729600
0.087600	-3.000000	1.730400
0.087700	-2.800000	1.729600
0.087800	-2.800000	1.728800
0.087900	-2.800000	1.729600
0.088000	-3.000000	1.728800
0.088100	-2.800000	1.729600
0.088200	-2.800000	1.729600
0.088300	-2.800000	1.729600
0.088400	-2.800000	1.729600
0.088500	-3.000000	1.729600
0.088600	-2.800000	1.728800
0.088700	-2.800000	1.730400
0.088800	-2.800000	1.728800
0.088900	-2.800000	1.729600
0.089000	-2.800000	1.729600
0.089100	-2.800000	1.730400
0.089200	-2.800000	1.729600
0.089300	-2.800000	1.728800
0.089400	-2.600000	1.729600
0.089500	-2.800000	1.729600
0.089600	-2.600000	1.729600
0.089700	-2.600000	1.729600
0.089800	-2.600000	1.729600
0.089900	-2.600000	1.730400
0.090000	-2.600000	1.729600
0.090100	-2.800000	1.729600
0.090200	-2.600000	1.728800
0.090300	-2.600000	1.729600
0.090400	-2.600000	1.728800
0.090500	-2.600000	1.730400
0.090600	-2.600000	1.729600
0.090700	-2.600000	1.729600
0.090800	-2.600000	1.729600
0.090900	-2.600000	1.729600
0.091000	-2.800000	1.729600
0.091100	-2.600000	1.728800
0.091200	-2.600000	1.729600
0.091300	-2.600000	1.728800
0.091400	-2.400000	1.729600
0.091500	-2.600000	1.728000
0.091600	-2.600000	1.728800
0.091700	-2.400000	1.728800
0.091800	-2.400000	1.728000
0.091900	-2.400000	1.729600
0.092000	-2.400000	1.728000
0.092100	-2.200000	1.728000
0.092200	-2.400000	1.728800
0.092300	-2.400000	1.726400
0.092400	-2.400000	1.726400
0.092500	-2.200000	1.726400
0.092600	-2.400000	1.725600
0.092700	-2.400000	1.724800
0.092800	-2.200000	1.724000
0.092900	-2.400000	1.722400
0.093000	-2.200000	1.721600
0.093100	-2.200000	1.722400
0.093200	-2.200000	1.720800
0.093300	-2.200000	1.720800
0.093400	-2.400000	1.719200
0.093500	-2.200000	1.720800
0.093600	-2.200000	1.721600
0.093700	-2.400000	1.720800
0.093800	-2.400000	1.721600
0.093900	-2.200000	1.721600
0.094000	-2.200000	1.722400
0.094100	-2.200000	1.722400
0.094200	-2.200000	1.722400
0.094300	-2.200000	1.722400
0.094400	-2.200000	1.723200
0.094500	-2.200000	1.723200
0.094600	-2.200000	1.723200
0.094700	-2.000000	1.723200
0.094800	-2.200000	1.724000
0.094900	-2.000000	1.724800
0.095000	-2.200000	1.724800
0.095100	-2.200000	1.724000
0.095200	-2.200000	1.724000
0.095300	-2.200000	1.725600
0.095400	-2.000000	1.724000
0.095500	-2.000000	1.724800
0.095600	-2.000000	1.726400
0.095700	-2.000000	1.726400
0.095800	-2.000000	1.727200
0.095900	-2.000000	1.725600
0.096000	-2.000000	1.727200
0.096100	-2.000000	1.726400
0.096200	-2.000000	1.726400
0.096300	-2.000000	1.726400
0.096400	-2.000000	1.727200
0.096500	-2.000000	1.726400
0.096600	-2.000000	1.726400
0.096700	-2.000000	1.726400
0.096800	-2.000000	1.727200
0.096900	-2.000000	1.726400
0.097000	-2.000000	1.727200
0.097100	-2.000000	1.727200
0.097200	-1.800000	1.727200
0.097300	-2.000000	1.727200
0.097400	-1.800000	1.727200
0.097500	-1.800000	1.727200
0.097600	-1.800000	1.727200
0.097700	-2.000000	1.727200
0.097800	-1.800000	1.728000
0.097900	-2.000000	1.727200
0.098000	-1.800000	1.727200
0.098100	-1.800000	1.726400
0.098200	-1.800000	1.728000
0.098300	-1.800000	1.728800
0.098400	-1.800000	1.727200
0.098500	-1.800000	1.727200
0.098600	-2.000000	1.727200
0.098700	-1.800000	1.727200
0.098800	-1.800000	1.727200
0.098900	-1.800000	1.728800
0.099000	-1.800000	1.727200
0.099100	-1.800000	1.728000
0.099200	-1.800000	1.727200
0.099300	-1.600000	1.728800
0.099400	-1.800000	1.727200
0.099500	-1.800000	1.728000
0.099600	-1.600000	1.728800
0.099700	-1.800000	1.728800
0.099800	-1.600000	1.728800
0.099900	-1.600000	1.727200
0.100000	-1.800000	1.727200
0.100100	-1.600000	1.728000
0.100200	-1.600000	1.728800
0.100300	-1.600000	1.728800
0.100400	-1.600000	1.728000
0.100500	-1.600000	1.728000
0.100600	-1.600000	1.729600
0.100700	-1.600000	1.727200
0.100800	-1.600000	1.728000
0.100900	-1.600000	1.727200
0.101000	-1.600000	1.727200
0.101100	-1.400000	1.728000
0.101200	-1.600000	1.727200
0.101300	-1.600000	1.727200
0.101400	-1.600000	1.728000
0.101500	-1.600000	1.728000
0.101600	-1.600000	1.727200
0.101700	-1.600000	1.728800
0.101800	-1.400000	1.727200
0.101900	-1.600000	1.727200
0.102000	-1.600000	1.728800
0.102100	-1.400000	1.728800
0.102200	-1.600000	1.728000
0.102300	-1.400000	1.728000
0.102400	-1.400000	1.728000
0.102500	-1.400000	1.727200
0.102600	-1.400000	1.727200
0.102700	-1.400000	1.728800
0.102800	-1.200000	1.728000
0.102900	-1.600000	1.728800
0.103000	-1.400000	1.728000
0.103100	-1.200000	1.728800
0.103200	-1.400000	1.728000
0.103300	-1.400000	1.728000
0.103400	-1.400000	1.728800
0.103500	-1.200000	1.725600
0.103600	-1.400000	1.727200
0.103700	-1.400000	1.727200
0.103800	-1.200000	1.726400
0.103900	-1.200000	1.727200
0.104000	-1.200000	1.727200
0.104100	-1.200000	1.728000
0.104200	-1.200000	1.728800
0.104300	-1.200000	1.728000
0.104400	-1.200000	1.728000
0.104500	-1.200000	1.728000
0.104600	-1.200000	1.728000
0.104700	-1.400000	1.728000
0.104800	-1.200000	1.726400
0.104900	-1.200000	1.728800
0.105000	-1.200000	1.727200
0.105100	-1.200000	1.728000
0.105200	-1.200000	1.728000
0.105300	-1.200000	1.729600
0.105400	-1.000000	1.727200
0.105500	-1.200000	1.728000
0.105600	-1.000000	1.728000
0.105700	-1.200000	1.728000
0.105800	-1.200000	1.727200
0.105900	-1.200000	1.727200
0.106000	-1.200000	1.727200
0.106100	-1.200000	1.727200
0.106200	-1.200000	1.727200
0.106300	-1.200000	1.727200
0.106400	-1.200000	1.727200
0.106500	-1.200000	1.728000
0.106600	-1.000000	1.727200
0.106700	-1.000000	1.726400
0.106800	-1.000000	1.728800
0.106900	-1.000000	1.728000
0.107000	-1.000000	1.728000
0.107100	-0.800000	1.726400
0.107200	-1.200000	1.726400
0.107300	-1.000000	1.726400
0.107400	-0.800000	1.727200
0.107500	-1.000000	1.726400
0.107600	-1.000000	1.725600
0.107700	-0.800000	1.725600
0.107800	-0.800000	1.726400
0.107900	-1.000000	1.725600
0.108000	-0.800000	1.726400
0.108100	-0.800000	1.726400
0.108200	-0.800000	1.726400
0.108300	-0.800000	1.726400
0.108400	-0.800000	1.726400
0.108500	-0.800000	1.725600
0.108600	-1.000000	1.724800
0.108700	-0.800000	1.725600
0.108800	-0.800000	1.724800
0.108900	-0.800000	1.725600
0.109000	-0.800000	1.726400
0.109100	-0.800000	1.726400
0.109200	-0.800000	1.725600
0.109300	-0.800000	1.724800
0.109400	-0.600000	1.726400
0.109500	-0.800000	1.724800
0.109600	-0.800000	1.724800
0.109700	-0.800000	1.725600
0.109800	-0.600000	1.726400
0.109900	-0.800000	1.724800
0.110000	-0.600000	1.725600
0.110100	-0.600000	1.724800
0.110200	-0.600000	1.724800
0.110300	-0.400000	1.725600
0.110400	-0.600000	1.724800
0.110500	-0.600000	1.724800
0.110600	-0.600000	1.724000
0.110700	-0.400000	1.724000
0.110800	-0.400000	1.725600
0.110900	-0.600000	1.724800
0.111000	-0.800000	1.723200
0.111100	-0.600000	1.723200
0.111200	-0.600000	1.724000
0.111300	-0.600000	1.724000
0.111400	-0.400000	1.724000
0.111500	-0.600000	1.724000
0.111600	-0.600000	1.724000
0.111700	-0.600000	1.724000
0.111800	-0.600000	1.723200
0.111900	-0.600000	1.723200
0.112000	-0.400000	1.724000
0.112100	-0.600000	1.723200
0.112200	-0.400000	1.722400
0.112300	-0.400000	1.724000
0.112400	-0.400000	1.722400
0.112500	-0.400000	1.723200
0.112600	-0.400000	1.724000
0.112700	-0.400000	1.722400
0.112800	-0.400000	1.722400
0.112900	-0.200000	1.722400
0.113000	-0.400000	1.722400
0.113100	-0.200000	1.721600
0.113200	-0.400000	1.723200
0.113300	-0.200000	1.722400
0.113400	-0.400000	1.722400
0.113500	-0.400000	1.722400
0.113600	-0.400000	1.721600
0.113700	-0.200000	1.722400
0.113800	-0.400000	1.721600
0.113900	-0.200000	1.722400
0.114000	-0.400000	1.720800
0.114100	-0.200000	1.722400
0.114200	-0.200000	1.722400
0.114300	-0.400000	1.721600
0.114400	-0.200000	1.722400
0.114500	-0.200000	1.721600
0.114600	-0.200000	1.721600
0.114700	0.000000	1.721600
0.114800	-0.200000	1.721600
0.114900	-0.200000	1.721600
0.115000	-0.200000	1.720800
0.115100	-0.200000	1.720800
0.115200	-0.200000	1.720800
0.115300	-0.200000	1.720800
0.115400	-0.200000	1.719200
0.115500	0.000000	1.720000
0.115600	-0.200000	1.720000
0.115700	-0.200000	1.720000
0.115800	0.000000	1.721600
0.115900	-0.200000	1.719200
0.116000	-0.200000	1.719200
0.116100	0.000000	1.719200
0.116200	-0.200000	1.719200
0.116300	-0.200000	1.720000
0.116400	-0.200000	1.718400
0.116500	-0.200000	1.718400
0.116600	0.000000	1.719200
0.116700	0.000000	1.718400
0.116800	0.000000	1.718400
0.116900	0.000000	1.718400
0.117000	0.000000	1.718400
0.117100	0.200000	1.719200
0.117200	0.000000	1.717600
0.117300	0.000000	1.718400
0.117400	0.000000	1.718400
0.117500	0.200000	1.717600
0.117600	0.000000	1.717600
0.117700	0.200000	1.717600
0.117800	0.000000	1.717600
0.117900	0.000000	1.716000
0.118000	0.200000	1.716800
0.118100	0.000000	1.716800
0.118200	0.000000	1.716000
0.118300	0.200000	1.715200
0.118400	0.200000	1.716000
0.118500	0.200000	1.716000
0.118600	0.200000	1.715200
0.118700	0.000000	1.716000
0.118800	0.200000	1.715200
0.118900	0.200000	1.715200
0.119000	0.200000	1.714400
0.119100	0.200000	1.713600
0.119200	0.200000	1.714400
0.119300	0.200000	1.713600
0.119400	0.200000	1.713600
0.119500	0.200000	1.713600
0.119600	0.200000	1.713600
0.119700	0.200000	1.712800
0.119800	0.200000	1.712800
0.119900	0.200000	1.712000
0.120000	0.200000	1.712800
0.120100	0.200000	1.711200
0.120200	0.200000	1.712800
0.120300	0.200000	1.712000
0.120400	0.200000	1.712800
0.120500	0.200000	1.711200
0.120600	0.200000	1.712000
0.120700	0.200000	1.712000
0.120800	0.200000	1.711200
0.120900	0.400000	1.711200
0.121000	0.400000	1.712000
0.121100	0.400000	1.711200
0.121200	0.400000	1.711200
0.121300	0.400000	1.709600
0.121400	0.600000	1.709600
0.121500	0.400000	1.710400
0.121600	0.400000	1.710400
0.121700	0.400000	1.710400
0.121800	0.400000	1.709600
0.121900	0.400000	1.708800
0.122000	0.400000	1.709600
0.122100	0.400000	1.709600
0.122200	0.400000	1.708800
0.122300	0.600000	1.708800
0.122400	0.400000	1.708800
0.122500	0.400000	1.708800
0.122600	0.400000	1.707200
0.122700	0.600000	1.709600
0.122800	0.800000	1.708800
0.122900	0.400000	1.708800
0.123000	0.400000	1.708000
0.123100	0.400000	1.708000
0.123200	0.600000	1.707200
0.123300	0.600000	1.708800
0.123400	0.600000	1.707200
0.123500	0.800000	1.707200
0.123600	0.800000	1.708000
0.123700	0.600000	1.707200
0.123800	0.800000	1.707200
0.123900	0.800000	1.707200
0.124000	0.600000	1.707200
0.124100	0.600000	1.707200
0.124200	0.600000	1.708000
0.124300	0.600000	1.708000
0.124400	0.600000	1.707200
0.124500	0.600000	1.708000
0.124600	0.800000	1.707200
0.124700	0.600000	1.708000
0.124800	0.800000	1.706400
0.124900	0.800000	1.706400
0.125000	0.800000	1.706400
0.125100	0.800000	1.707200
0.125200	0.800000	1.706400
0.125300	0.800000	1.707200
0.125400	0.800000	1.707200
0.125500	0.800000	1.707200
0.125600	0.800000	1.706400
0.125700	0.800000	1.708000
0.125800	0.800000	1.706400
0.125900	1.000000	1.707200
0.126000	0.800000	1.707200
0.126100	0.800000	1.708000
0.126200	0.800000	1.706400
0.126300	0.800000	1.707200
0.126400	1.000000	1.706400
0.126500	0.800000	1.706400
0.126600	0.800000	1.706400
0.126700	1.000000	1.706400
0.126800	1.000000	1.707200
0.126900	1.000000	1.706400
0.127000	1.000000	1.708000
0.127100	1.000000	1.708000
0.127200	1.000000	1.708000
0.127300	1.000000	1.708000
0.127400	1.200000	1.708000
0.127500	1.000000	1.707200
0.127600	1.000000	1.707200
0.127700	1.000000	1.707200
0.127800	1.000000	1.708000
0.127900	1.000000	1.707200
0.128000	1.000000	1.707200
0.128100	1.200000	1.708800
0.128200	1.000000	1.708000
0.128300	1.000000	1.708000
0.128400	1.200000	1.708000
0.128500	1.200000	1.708000
0.128600	1.000000	1.707200
0.128700	1.200000	1.708000
0.128800	1.200000	1.708800
0.128900	1.200000	1.708000
0.129000	1.200000	1.708000
0.129100	1.200000	1.708800
0.129200	1.200000	1.708800
0.129300	1.200000	1.708800
0.129400	1.200000	1.708800
0.129500	1.200000	1.708800
0.129600	1.200000	1.708800
0.129700	1.200000	1.708800
0.129800	1.200000	1.708000
0.129900	1.200000	1.708800
0.130000	1.200000	1.709600
0.130100	1.200000	1.708800
0.130200	1.200000	1.708800
0.130300	1.200000	1.709600
0.130400	1.200000	1.708800
0.130500	1.400000	1.709600
0.130600	1.200000	1.709600
0.130700	1.200000	1.710400
0.130800	1.400000	1.709600
0.130900	1.200000	1.710400
0.131000	1.400000	1.709600
0.131100	1.400000	1.710400
0.131200	1.400000	1.710400
0.131300	1.400000	1.711200
0.131400	1.400000	1.711200
0.131500	1.400000	1.710400
0.131600	1.400000	1.712000
0.131700	1.400000	1.711200
0.131800	1.400000	1.711200
0.131900	1.400000	1.712000
0.132000	1.400000	1.711200
0.132100	1.400000	1.712800
0.132200	1.600000	1.711200
0.132300	1.600000	1.712800
0.132400	1.600000	1.712800
0.132500	1.600000	1.713600
0.132600	1.600000	1.712800
0.132700	1.800000	1.712800
0.132800	1.600000	1.712800
0.132900	1.600000	1.713600
0.133000	1.600000	1.712800
0.133100	1.600000	1.713600
0.133200	1.600000	1.714400
0.133300	1.600000	1.713600
0.133400	1.600000	1.713600
0.133500	1.600000	1.713600
0.133600	1.600000	1.714400
0.133700	1.600000	1.713600
0.133800	1.600000	1.714400
0.133900	1.600000	1.715200
0.134000	1.800000	1.714400
0.134100	1.600000	1.716000
0.134200	1.600000	1.716000
0.134300	1.800000	1.716800
0.134400	1.600000	1.716000
0.134500	1.800000	1.716000
0.134600	1.800000	1.714400
0.134700	1.800000	1.716000
0.134800	1.800000	1.716000
0.134900	1.800000	1.716000
0.135000	1.800000	1.716000
0.135100	1.800000	1.716000
0.135200	1.800000	1.716000
0.135300	1.800000	1.715200
0.135400	1.800000	1.716000
0.135500	1.800000	1.716000
0.135600	1.800000	1.716800
0.135700	1.800000	1.717600
0.135800	1.800000	1.716000
0.135900	1.800000	1.718400
0.136000	1.800000	1.718400
0.136100	1.800000	1.717600
0.136200	1.800000	1.718400
0.136300	1.800000	1.718400
0.136400	2.000000	1.718400
0.136500	1.800000	1.717600
0.136600	1.800000	1.717600
0.136700	2.000000	1.718400
0.136800	1.800000	1.719200
0.136900	1.800000	1.719200
0.137000	1.800000	1.717600
0.137100	1.800000	1.719200
0.137200	2.000000	1.719200
0.137300	2.000000	1.718400
0.137400	1.800000	1.719200
0.137500	2.000000	1.719200
0.137600	1.800000	1.719200
0.137700	2.200000	1.719200
0.137800	2.000000	1.719200
0.137900	2.000000	1.718400
0.138000	2.200000	1.720000
0.138100	2.000000	1.720000
0.138200	2.200000	1.720000
0.138300	2.200000	1.719200
0.138400	2.200000	1.719200
0.138500	2.000000	1.719200
0.138600	2.200000	1.719200
0.138700	2.000000	1.719200
0.138800	2.200000	1.720000
0.138900	2.200000	1.720000
0.139000	2.200000	1.720800
0.139100	2.000000	1.720000
0.139200	2.200000	1.720000
0.139300	2.200000	1.719200
0.139400	2.200000	1.720800
0.139500	2.200000	1.720800
0.139600	2.200000	1.720800
0.139700	2.200000	1.720800
0.139800	2.200000	1.720800
0.139900	2.200000	1.720000
0.140000	2.200000	1.720800
0.140100	2.200000	1.721600
0.140200	2.200000	1.721600
0.140300	2.200000	1.720800
0.140400	2.400000	1.720000
0.140500	2.400000	1.721600
0.140600	2.400000	1.721600
0.140700	2.400000	1.720800
0.140800	2.400000	1.721600
0.140900	2.200000	1.722400
0.141000	2.400000	1.722400
0.141100	2.400000	1.720800
0.141200	2.400000	1.722400
0.141300	2.400000	1.723200
0.141400	2.400000	1.721600
0.141500	2.600000	1.723200
0.141600	2.600000	1.721600
0.141700	2.400000	1.722400
0.141800	2.400000	1.722400
0.141900	2.400000	1.722400
0.142000	2.400000	1.722400
0.142100	2.600000	1.723200
0.142200	2.600000	1.722400
0.142300	2.400000	1.722400
0.142400	2.600000	1.723200
0.142500	2.600000	1.723200
0.142600	2.600000	1.723200
0.142700	2.600000	1.722400
0.142800	2.600000	1.723200
0.142900	2.600000	1.723200
0.143000	2.600000	1.724000
0.143100	2.600000	1.723200
0.143200	2.800000	1.724000
0.143300	2.600000	1.724000
0.143400	2.600000	1.723200
0.143500	2.600000	1.724000
0.143600	2.600000	1.723200
0.143700	2.600000	1.724000
0.143800	2.600000	1.724800
0.143900	2.400000	1.724800
0.144000	2.800000	1.724800
0.144100	2.400000	1.724000
0.144200	2.600000	1.724000
0.144300	2.600000	1.724000
0.144400	2.600000	1.724800
0.144500	2.600000	1.724800
0.144600	2.600000	1.724800
0.144700	2.600000	1.724000
0.144800	2.800000	1.724800
0.144900	2.600000	1.724800
0.145000	2.800000	1.724800
0.145100	2.600000	1.724800
0.145200	2.600000	1.724800
0.145300	2.600000	1.724800
0.145400	2.800000	1.724800
0.145500	2.800000	1.724800
0.145600	2.600000	1.724800
0.145700	2.800000	1.724800
0.145800	2.800000	1.725600
0.145900	2.800000	1.725600
0.146000	2.800000	1.725600
0.146100	2.800000	1.726400
0.146200	2.800000	1.724800
0.146300	2.800000	1.726400
0.146400	3.000000	1.725600
0.146500	3.000000	1.725600
0.146600	2.800000	1.725600
0.146700	2.800000	1.724800
0.146800	2.800000	1.725600
0.146900	3.000000	1.727200
0.147000	2.800000	1.725600
0.147100	3.000000	1.725600
0.147200	3.000000	1.725600
0.147300	3.000000	1.725600
0.147400	3.000000	1.726400
0.147500	3.000000	1.725600
0.147600	3.200000	1.727200
0.147700	3.000000	1.726400
0.147800	3.000000	1.726400
0.147900	3.000000	1.726400
0.148000	3.200000	1.726400
0.148100	3.000000	1.727200
0.148200	3.200000	1.726400
0.148300	3.000000	1.727200
0.148400	3.000000	1.727200
0.148500	3.000000	1.727200
0.148600	3.200000	1.727200
0.148700	3.000000	1.726400
0.148800	3.200000	1.726400
0.148900	3.200000	1.727200
0.149000	3.200000	1.727200
0.149100	3.000000	1.727200
0.149200	3.200000	1.725600
0.149300	3.200000	1.726400
0.149400	3.200000	1.726400
0.149500	3.200000	1.727200
0.149600	3.200000	1.727200
0.149700	3.200000	1.727200
0.149800	3.200000	1.726400
0.149900	3.200000	1.726400
0.150000	3.400000	1.727200
0.150100	3.200000	1.726400
0.150200	3.400000	1.726400
0.150300	3.400000	1.726400
0.150400	3.200000	1.726400
0.150500	3.400000	1.726400
0.150600	3.400000	1.727200
0.150700	3.200000	1.727200
0.150800	3.200000	1.726400
0.150900	3.200000	1.727200
0.151000	3.200000	1.727200
0.151100	3.400000	1.727200
0.151200	3.400000	1.726400
0.151300	3.200000	1.726400
0.151400	3.200000	1.727200
0.151500	3.400000	1.726400
0.151600	3.400000	1.728000
0.151700	3.400000	1.726400
0.151800	3.400000	1.726400
0.151900	3.400000	1.728000
0.152000	3.400000	1.727200
0.152100	3.400000	1.728000
0.152200	3.400000	1.728000
0.152300	3.400000	1.727200
0.152400	3.400000	1.727200
0.152500	3.400000	1.727200
0.152600	3.400000	1.728000
0.152700	3.400000	1.728000
0.152800	3.400000	1.728000
0.152900	3.600000	1.727200
0.153000	3.400000	1.727200
0.153100	3.400000	1.728000
0.153200	3.600000	1.728000
0.153300	3.600000	1.727200
0.153400	3.600000	1.728000
0.153500	3.400000	1.728000
0.153600	3.400000	1.728000
0.153700	3.600000	1.728000
0.153800	3.600000	1.728000
0.153900	3.600000	1.729600
0.154000	3.600000	1.728800
0.154100	3.600000	1.728000
0.154200	3.600000	1.728800
0.154300	3.600000	1.728800
0.154400	3.600000	1.728000
0.154500	3.600000	1.728000
0.154600	3.600000	1.728800
0.154700	3.600000	1.728000
0.154800	3.600000	1.727200
0.154900	3.600000	1.728000
0.155000	3.600000	1.727200
0.155100	3.600000	1.727200
0.155200	3.600000	1.726400
0.155300	3.600000	1.726400
0.155400	3.800000	1.725600
0.155500	3.800000	1.725600
0.155600	3.800000	1.724800
0.155700	3.600000	1.724000
0.155800	3.800000	1.722400
0.155900	3.800000	1.721600
0.156000	3.600000	1.721600
0.156100	3.800000	1.721600
0.156200	3.800000	1.720000
0.156300	3.800000	1.720000
0.156400	4.000000	1.720000
0.156500	3.800000	1.720800
0.156600	3.600000	1.720000
0.156700	3.800000	1.720800
0.156800	3.800000	1.720800
0.156900	3.800000	1.720800
0.157000	3.800000	1.722400
0.157100	4.200000	1.720800
0.157200	4.000000	1.721600
0.157300	3.800000	1.721600
0.157400	4.000000	1.722400
0.157500	4.000000	1.720800
0.157600	4.200000	1.722400
0.157700	3.800000	1.722400
0.157800	4.000000	1.723200
0.157900	4.000000	1.723200
0.158000	4.000000	1.722400
0.158100	4.000000	1.722400
0.158200	4.000000	1.724000
0.158300	4.000000	1.723200
0.158400	4.000000	1.723200
0.158500	4.000000	1.724000
0.158600	4.000000	1.724000
0.158700	4.200000	1.724800
0.158800	4.000000	1.724800
0.158900	4.000000	1.725600
0.159000	4.000000	1.725600
0.159100	4.200000	1.724000
0.159200	4.000000	1.724800
0.159300	4.200000	1.725600
0.159400	4.200000	1.725600
0.159500	4.000000	1.726400
0.159600	4.400000	1.725600
0.159700	4.200000	1.724800
0.159800	4.200000	1.726400
0.159900	4.200000	1.724800
0.160000	4.200000	1.725600
0.160100	4.200000	1.725600
0.160200	4.200000	1.725600
0.160300	4.200000	1.725600
0.160400	4.000000	1.726400
0.160500	4.200000	1.727200
0.160600	4.200000	1.726400
0.160700	4.200000	1.726400
0.160800	4.200000	1.726400
0.160900	4.400000	1.727200
0.161000	4.200000	1.726400
0.161100	4.200000	1.727200
0.161200	4.400000	1.727200
0.161300	4.400000	1.727200
0.161400	4.400000	1.727200
0.161500	4.200000	1.727200
0.161600	4.400000	1.728000
0.161700	4.400000	1.728800
0.161800	4.200000	1.727200
0.161900	4.400000	1.727200
0.162000	4.400000	1.728000
0.162100	4.400000	1.727200
0.162200	4.400000	1.728800
0.162300	4.400000	1.728000
0.162400	4.200000	1.727200
0.162500	4.600000	1.728800
0.162600	4.400000	1.728000
0.162700	4.400000	1.728000
0.162800	4.400000	1.727200
0.162900	4.600000	1.728800
0.163000	4.400000	1.728000
0.163100	4.400000	1.727200
0.163200	4.600000	1.727200
0.163300	4.600000	1.728000
0.163400	4.600000	1.728800
0.163500	4.600000	1.728800
0.163600	4.400000	1.729600
0.163700	4.600000	1.728800
0.163800	4.600000	1.729600
0.163900	4.600000	1.729600
0.164000	4.600000	1.729600
0.164100	4.600000	1.729600
0.164200	4.600000	1.729600
0.164300	4.600000	1.729600
0.164400	4.600000	1.729600
0.164500	4.600000	1.728800
0.164600	4.600000	1.729600
0.164700	4.600000	1.728800
0.164800	4.600000	1.728800
0.164900	4.600000	1.730400
0.165000	4.800000	1.729600
0.165100	4.600000	1.728800
0.165200	4.600000	1.729600
0.165300	4.800000	1.729600
0.165400	4.600000	1.730400
0.165500	4.600000	1.730400
0.165600	4.600000	1.729600
0.165700	4.800000	1.730400
0.165800	4.600000	1.729600
0.165900	4.800000	1.730400
0.166000	4.800000	1.729600
0.166100	4.800000	1.729600
0.166200	4.800000	1.729600
0.166300	5.000000	1.729600
0.166400	5.000000	1.728800
0.166500	4.800000	1.728800
0.166600	5.000000	1.729600
0.166700	4.800000	1.730400
0.166800	4.800000	1.729600
0.166900	4.800000	1.729600
0.167000	5.000000	1.730400
0.167100	4.800000	1.729600
0.167200	5.000000	1.730400
0.167300	5.000000	1.729600
0.167400	5.000000	1.730400
0.167500	5.000000	1.729600
0.167600	4.800000	1.729600
0.167700	5.000000	1.730400
0.167800	5.000000	1.729600
0.167900	5.000000	1.730400
0.168000	5.000000	1.730400
0.168100	5.000000	1.731200
0.168200	5.000000	1.729600
0.168300	5.000000	1.729600
0.168400	5.000000	1.729600
0.168500	5.000000	1.730400
0.168600	4.800000	1.728800
0.168700	5.000000	1.730400
0.168800	5.000000	1.729600
0.168900	5.000000	1.729600
0.169000	5.000000	1.729600
0.169100	5.200000	1.729600
0.169200	5.000000	1.728800
0.169300	5.200000	1.729600
0.169400	5.000000	1.729600
0.169500	5.200000	1.729600
0.169600	5.200000	1.729600
0.169700	5.200000	1.729600
0.169800	5.200000	1.730400
0.169900	5.200000	1.729600
0.170000	5.000000	1.729600
0.170100	5.200000	1.728800
0.170200	5.200000	1.729600
0.170300	5.200000	1.728800
0.170400	5.000000	1.728800
0.170500	5.000000	1.728800
0.170600	5.200000	1.730400
0.170700	5.200000	1.728800
0.170800	5.200000	1.728800
0.170900	5.200000	1.729600
0.171000	5.400000	1.728800
0.171100	5.200000	1.728000
0.171200	5.200000	1.727200
0.171300	5.200000	1.728800
0.171400	5.200000	1.727200
0.171500	5.200000	1.727200
0.171600	5.200000	1.727200
0.171700	5.200000	1.727200
0.171800	5.200000	1.726400
0.171900	5.400000	1.724800
0.172000	5.400000	1.724800
0.172100	5.400000	1.724000
0.172200	5.400000	1.723200
0.172300	5.400000	1.720800
0.172400	5.200000	1.719200
0.172500	5.400000	1.717600
0.172600	5.400000	1.715200
0.172700	5.400000	1.713600
0.172800	5.400000	1.712000
0.172900	5.600000	1.710400
0.173000	5.400000	1.708800
0.173100	5.400000	1.707200
0.173200	5.600000	1.708000
0.173300	5.600000	1.708000
0.173400	5.600000	1.707200
0.173500	5.400000	1.708000
0.173600	5.600000	1.707200
0.173700	5.400000	1.708800
0.173800	5.400000	1.709600
0.173900	5.400000	1.710400
0.174000	5.400000	1.710400
0.174100	5.600000	1.711200
0.174200	5.600000	1.711200
0.174300	5.600000	1.712000
0.174400	5.600000	1.711200
0.174500	5.400000	1.712000
0.174600	5.600000	1.712000
0.174700	5.600000	1.712800
0.174800	5.600000	1.713600
0.174900	5.600000	1.713600
0.175000	5.800000	1.715200
0.175100	5.600000	1.715200
0.175200	5.600000	1.715200
0.175300	5.600000	1.716000
0.175400	5.600000	1.716800
0.175500	5.600000	1.716800
0.175600	5.600000	1.717600
0.175700	5.800000	1.718400
0.175800	5.800000	1.719200
0.175900	5.600000	1.718400
0.176000	5.600000	1.718400
0.176100	5.600000	1.720000
0.176200	5.600000	1.718400
0.176300	5.600000	1.719200
0.176400	6.000000	1.720000
0.176500	5.600000	1.720000
0.176600	5.800000	1.720000
0.176700	5.800000	1.720000
0.176800	5.800000	1.721600
0.176900	6.000000	1.720000
0.177000	5.800000	1.722400
0.177100	5.800000	1.721600
0.177200	6.000000	1.720800
0.177300	5.800000	1.721600
0.177400	5.800000	1.722400
0.177500	6.000000	1.722400
0.177600	5.800000	1.722400
0.177700	5.800000	1.722400
0.177800	6.000000	1.724000
0.177900	5.800000	1.723200
0.178000	5.800000	1.722400
0.178100	6.000000	1.724000
0.178200	5.800000	1.722400
0.178300	6.000000	1.724800
0.178400	6.000000	1.724800
0.178500	5.800000	1.724000
0.178600	6.200000	1.724800
0.178700	6.000000	1.724800
0.178800	6.000000	1.724800
0.178900	6.200000	1.724800
0.179000	6.000000	1.724800
0.179100	6.000000	1.724000
0.179200	6.200000	1.724800
0.179300	6.000000	1.724800
0.179400	6.200000	1.724800
0.179500	6.200000	1.726400
0.179600	6.000000	1.725600
0.179700	6.200000	1.725600
0.179800	6.000000	1.724800
0.179900	6.000000	1.726400
0.180000	6.200000	1.725600
0.180100	5.800000	1.726400
0.180200	6.200000	1.727200
0.180300	6.000000	1.727200
0.180400	6.200000	1.726400
0.180500	6.200000	1.728000
0.180600	6.200000	1.727200
0.180700	6.200000	1.727200
0.180800	6.200000	1.726400
0.180900	6.400000	1.727200
0.181000	6.200000	1.726400
0.181100	6.200000	1.727200
0.181200	6.400000	1.727200
0.181300	6.400000	1.727200
0.181400	6.200000	1.727200
0.181500	6.200000	1.726400
0.181600	6.200000	1.727200
0.181700	6.200000	1.727200
0.181800	6.400000	1.727200
0.181900	6.400000	1.728000
0.182000	6.400000	1.728000
0.182100	6.400000	1.728000
0.182200	6.400000	1.728000
0.182300	6.400000	1.728000
0.182400	6.200000	1.728000
0.182500	6.400000	1.728000
0.182600	6.200000	1.728000
0.182700	6.400000	1.727200
0.182800	6.200000	1.727200
0.182900	6.400000	1.729600
0.183000	6.400000	1.728000
0.183100	6.400000	1.728800
0.183200	6.400000	1.728800
0.183300	6.600000	1.729600
0.183400	6.400000	1.728800
0.183500	6.400000	1.728800
0.183600	6.600000	1.729600
0.183700	6.400000	1.728800
0.183800	6.400000	1.728800
0.183900	6.600000	1.729600
0.184000	6.600000	1.728800
0.184100	6.600000	1.729600
0.184200	6.600000	1.728800
0.184300	6.600000	1.729600
0.184400	6.400000	1.730400
0.184500	6.600000	1.730400
0.184600	6.600000	1.730400
0.184700	6.600000	1.730400
0.184800	6.600000	1.729600
0.184900	6.600000	1.730400
0.185000	6.600000	1.730400
0.185100	6.600000	1.730400
0.185200	6.600000	1.729600
0.185300	6.800000	1.730400
0.185400	6.600000	1.729600
0.185500	6.600000	1.729600
0.185600	6.800000	1.730400
0.185700	6.800000	1.730400
0.185800	6.800000	1.730400
0.185900	6.600000	1.729600
0.186000	6.600000	1.731200
0.186100	6.600000	1.730400
0.186200	6.800000	1.730400
0.186300	6.800000	1.730400
0.186400	6.800000	1.732000
0.186500	6.800000	1.732000
0.186600	6.800000	1.729600
0.186700	6.800000	1.731200
0.186800	6.800000	1.730400
0.186900	6.800000	1.731200
0.187000	6.800000	1.731200
0.187100	6.800000	1.729600
0.187200	6.800000	1.732000
0.187300	6.800000	1.730400
0.187400	6.800000	1.730400
0.187500	6.800000	1.730400
0.187600	6.800000	1.730400
0.187700	6.800000	1.730400
0.187800	6.800000	1.731200
0.187900	6.800000	1.730400
0.188000	6.800000	1.732000
0.188100	6.800000	1.730400
0.188200	7.000000	1.731200
0.188300	7.000000	1.731200
0.188400	7.000000	1.730400
0.188500	7.000000	1.731200
0.188600	7.200000	1.731200
0.188700	7.000000	1.732000
0.188800	6.800000	1.730400
0.188900	7.000000	1.731200
0.189000	7.000000	1.731200
0.189100	7.000000	1.730400
0.189200	7.000000	1.730400
0.189300	6.800000	1.730400
0.189400	7.000000	1.730400
0.189500	7.200000	1.730400
0.189600	7.000000	1.731200
0.189700	7.200000	1.731200
0.189800	7.200000	1.731200
0.189900	7.200000	1.730400
0.190000	7.200000	1.731200
0.190100	7.200000	1.731200
0.190200	7.200000	1.730400
0.190300	7.000000	1.732000
0.190400	7.000000	1.731200
0.190500	7.200000	1.730400
0.190600	7.200000	1.731200
0.190700	7.200000	1.731200
0.190800	7.200000	1.731200
0.190900	7.400000	1.731200
0.191000	7.200000	1.731200
0.191100	7.200000	1.729600
0.191200	7.200000	1.731200
0.191300	7.200000	1.732000
0.191400	7.200000	1.731200
0.191500	7.200000	1.730400
0.191600	7.200000	1.732000
0.191700	7.200000	1.731200
0.191800	7.200000	1.730400
0.191900	7.200000	1.732000
0.192000	7.200000	1.731200
0.192100	7.200000	1.732000
0.192200	7.400000	1.731200
0.192300	7.200000	1.732000
0.192400	7.400000	1.732000
0.192500	7.400000	1.732000
0.192600	7.600000	1.731200
0.192700	7.400000	1.731200
0.192800	7.400000	1.732800
0.192900	7.400000	1.730400
0.193000	7.400000	1.732000
0.193100	7.400000	1.731200
0.193200	7.400000	1.729600
0.193300	7.200000	1.731200
0.193400	7.400000	1.732000
0.193500	7.600000	1.730400
0.193600	7.400000	1.732000
0.193700	7.600000	1.731200
0.193800	7.400000	1.732000
0.193900	7.200000	1.732000
0.194000	7.600000	1.731200
0.194100	7.600000	1.731200
0.194200	7.400000	1.732000
0.194300	7.600000	1.731200
0.194400	7.600000	1.732000
0.194500	7.400000	1.732000
0.194600	7.600000	1.733600
0.194700	7.600000	1.732000
0.194800	7.600000	1.732000
0.194900	7.600000	1.732800
0.195000	7.600000	1.730400
0.195100	7.400000	1.732800
0.195200	7.600000	1.732000
0.195300	7.600000	1.732000
0.195400	7.600000	1.732000
0.195500	7.600000	1.731200
0.195600	7.600000	1.732000
0.195700	7.600000	1.731200
0.195800	7.600000	1.732000
0.195900	7.800000	1.732800
0.196000	7.600000	1.732000
0.196100	7.800000	1.732800
0.196200	7.600000	1.731200
0.196300	7.600000	1.731200
0.196400	7.600000	1.732000
0.196500	7.600000	1.732000
0.196600	7.600000	1.732800
0.196700	7.600000	1.732000
0.196800	7.600000	1.732000
0.196900	7.600000	1.732000
0.197000	7.800000	1.732000
0.197100	7.600000	1.732800
0.197200	7.600000	1.732000
0.197300	7.800000	1.732000
0.197400	7.800000	1.732000
0.197500	7.800000	1.732000
0.197600	8.000000	1.732000
0.197700	7.800000	1.732000
0.197800	8.000000	1.732000
0.197900	7.800000	1.732000
0.198000	7.800000	1.730400
0.198100	7.800000	1.732800
0.198200	7.800000	1.732000
0.198300	8.000000	1.731200
0.198400	8.000000	1.732800
0.198500	8.200000	1.732000
0.198600	7.800000	1.732000
0.198700	8.000000	1.732000
0.198800	8.000000	1.732000
0.198900	7.800000	1.732000
0.199000	8.000000	1.732800
0.199100	8.000000	1.732800
0.199200	8.200000	1.732800
0.199300	8.200000	1.732000
0.199400	8.000000	1.732000
0.199500	8.200000	1.732000
0.199600	8.000000	1.732000
0.199700	8.000000	1.732000
0.199800	8.200000	1.730400
0.199900	8.000000	1.732800
0.200000	8.200000	1.731200
0.200100	8.200000	1.731200
0.200200	8.200000	1.731200
0.200300	8.000000	1.732000
0.200400	8.200000	1.731200
0.200500	8.200000	1.731200
0.200600	8.200000	1.731200
0.200700	8.200000	1.731200
0.200800	8.200000	1.732000
0.200900	8.200000	1.732000
0.201000	8.200000	1.731200
0.201100	8.200000	1.732800
0.201200	8.200000	1.732000
0.201300	8.000000	1.732000
0.201400	8.200000	1.732800
0.201500	8.200000	1.731200
0.201600	8.200000	1.733600
0.201700	8.200000	1.732800
0.201800	8.200000	1.732000
0.201900	8.200000	1.732000
0.202000	8.200000	1.732000
0.202100	8.400000	1.732000
0.202200	8.200000	1.732000
0.202300	8.400000	1.732000
0.202400	8.400000	1.732000
0.202500	8.400000	1.731200
0.202600	8.200000	1.732000
0.202700	8.400000	1.731200
0.202800	8.200000	1.731200
0.202900	8.200000	1.732000
0.203000	8.400000	1.732800
0.203100	8.400000	1.730400
0.203200	8.600000	1.732000
0.203300	8.400000	1.732800
0.203400	8.400000	1.732800
0.203500	8.400000	1.732800
0.203600	8.400000	1.731200
0.203700	8.400000	1.732000
0.203800	8.400000	1.732000
0.203900	8.400000	1.732000
0.204000	8.600000	1.731200
0.204100	8.400000	1.732000
0.204200	8.200000	1.732800
0.204300	8.600000	1.732800
0.204400	8.600000	1.732000
0.204500	8.400000	1.732000
0.204600	8.600000	1.732000
0.204700	8.600000	1.732800
0.204800	8.600000	1.732000
0.204900	8.400000	1.732000
0.205000	8.600000	1.733600
0.205100	8.600000	1.732000
0.205200	8.600000	1.732800
0.205300	8.600000	1.732800
0.205400	8.600000	1.732000
0.205500	8.600000	1.732000
0.205600	8.600000	1.731200
0.205700	8.600000	1.732000
0.205800	8.600000	1.732800
0.205900	8.600000	1.733600
0.206000	8.600000	1.732000
0.206100	8.600000	1.732000
0.206200	8.600000	1.732800
0.206300	8.600000	1.732000
0.206400	8.600000	1.731200
0.206500	8.600000	1.732000
0.206600	8.600000	1.732000
0.206700	8.800000	1.732800
0.206800	8.800000	1.732000
0.206900	8.600000	1.732800
0.207000	8.800000	1.732000
0.207100	8.600000	1.731200
0.207200	8.800000	1.731200
0.207300	8.800000	1.732000
0.207400	8.600000	1.732000
0.207500	8.600000	1.732800
0.207600	8.800000	1.732000
0.207700	8.800000	1.732000
0.207800	8.800000	1.732800
0.207900	8.800000	1.732000
0.208000	9.000000	1.731200
0.208100	8.800000	1.732000
0.208200	9.000000	1.731200
0.208300	8.800000	1.732000
0.208400	9.000000	1.732800
0.208500	9.000000	1.732800
0.208600	8.800000	1.731200
0.208700	8.800000	1.732000
0.208800	8.800000	1.732000
0.208900	8.800000	1.732800
0.209000	8.800000	1.732000
0.209100	8.800000	1.732800
0.209200	8.800000	1.732800
0.209300	9.000000	1.732800
0.209400	9.000000	1.732000
0.209500	8.800000	1.732000
0.209600	9.000000	1.732000
0.209700	9.000000	1.732800
0.209800	9.000000	1.732000
0.209900	9.000000	1.732800
0.210000	9.000000	1.732800
0.210100	9.000000	1.732000
0.210200	9.000000	1.731200
0.210300	9.000000	1.732800
0.210400	9.000000	1.732000
0.210500	9.200000	1.732800
0.210600	9.000000	1.732000
0.210700	9.200000	1.732000
0.210800	9.000000	1.732000
0.210900	9.000000	1.732000
0.211000	9.000000	1.732000
0.211100	9.000000	1.732800
0.211200	9.000000	1.731200
0.211300	9.200000	1.731200
0.211400	9.000000	1.732000
0.211500	9.200000	1.731200
0.211600	9.200000	1.732000
0.211700	8.800000	1.732000
0.211800	9.200000	1.732000
0.211900	9.200000	1.732800
0.212000	9.400000	1.732800
0.212100	9.200000	1.732000
0.212200	9.200000	1.731200
0.212300	9.200000	1.732000
0.212400	9.200000	1.732000
0.212500	9.200000	1.732000
0.212600	9.200000	1.732000
0.212700	9.400000	1.732000
0.212800	9.200000	1.732000
0.212900	9.400000	1.731200
0.213000	9.200000	1.732000
0.213100	9.200000	1.732000
0.213200	9.400000	1.732000
0.213300	9.400000	1.732800
0.213400	9.400000	1.732800
0.213500	9.400000	1.732000
0.213600	9.400000	1.732800
0.213700	9.200000	1.732800
0.213800	9.400000	1.732000
0.213900	9.400000	1.733600
0.214000	9.400000	1.733600
0.214100	9.400000	1.732800
0.214200	9.400000	1.733600
0.214300	9.600000	1.732800
0.214400	9.600000	1.732000
0.214500	9.600000	1.733600
0.214600	9.600000	1.732000
0.214700	9.600000	1.733600
0.214800	9.600000	1.733600
0.214900	9.600000	1.734400
0.215000	9.400000	1.732000
0.215100	9.600000	1.733600
0.215200	9.600000	1.733600
0.215300	9.400000	1.732800
0.215400	9.600000	1.733600
0.215500	9.600000	1.733600
0.215600	9.600000	1.733600
0.215700	9.600000	1.732800
0.215800	9.400000	1.732800
0.215900	9.600000	1.732000
0.216000	9.600000	1.733600
0.216100	9.600000	1.733600
0.216200	9.600000	1.732800
0.216300	9.600000	1.733600
0.216400	9.600000	1.732800
0.216500	9.800000	1.733600
0.216600	9.600000	1.732800
0.216700	9.800000	1.732800
0.216800	9.600000	1.732800
0.216900	9.800000	1.732800
0.217000	9.800000	1.733600
0.217100	9.800000	1.732800
0.217200	9.600000	1.732000
0.217300	9.800000	1.732000
0.217400	9.600000	1.732800
0.217500	9.800000	1.732800
0.217600	9.800000	1.732800
0.217700	9.800000	1.732800
0.217800	9.800000	1.732000
0.217900	9.800000	1.732000
0.218000	9.800000	1.733600
0.218100	10.000000	1.732000
0.218200	9.800000	1.732800
0.218300	9.800000	1.732800
0.218400	9.800000	1.732800
0.218500	9.800000	1.732800
0.218600	9.600000	1.732800
0.218700	10.000000	1.733600
0.218800	10.000000	1.732800
0.218900	9.800000	1.732800
0.219000	9.800000	1.733600
0.219100	9.800000	1.732000
0.219200	9.800000	1.733600
0.219300	10.000000	1.732800
0.219400	10.000000	1.732000
0.219500	10.000000	1.732800
0.219600	10.000000	1.732800
0.219700	10.000000	1.732800
0.219800	10.000000	1.732800
0.219900	9.800000	1.730400
0.220000	10.000000	1.732000
0.220100	10.000000	1.732000
0.220200	10.000000	1.732000
0.220300	10.000000	1.732800
0.220400	10.000000	1.731200
0.220500	10.000000	1.732000
0.220600	10.200000	1.732000
0.220700	10.000000	1.732000
0.220800	10.000000	1.732000
0.220900	10.200000	1.732800
0.221000	10.000000	1.732800
0.221100	10.200000	1.731200
0.221200	10.200000	1.732000
0.221300	10.000000	1.732800
0.221400	10.200000	1.733600
0.221500	10.000000	1.732000
0.221600	10.200000	1.732800
0.221700	10.000000	1.732000
0.221800	10.200000	1.732000
0.221900	10.200000	1.732800
0.222000	10.200000	1.732000
0.222100	10.200000	1.732800
0.222200	10.400000	1.732000
0.222300	10.200000	1.732800
0.222400	10.200000	1.732000
0.222500	10.400000	1.732000
0.222600	10.200000	1.732000
0.222700	10.200000	1.731200
0.222800	10.200000	1.732800
0.222900	10.200000	1.732000
0.223000	10.200000	1.732800
0.223100	10.400000	1.732000
0.223200	10.400000	1.733600
0.223300	10.400000	1.732000
0.223400	10.400000	1.732800
0.223500	10.400000	1.732800
0.223600	10.400000	1.732800
0.223700	10.400000	1.732800
0.223800	10.400000	1.732800
0.223900	10.400000	1.732800
0.224000	10.400000	1.732800
0.224100	10.400000	1.732800
0.224200	10.400000	1.732000
0.224300	10.400000	1.732800
0.224400	10.400000	1.732000
0.224500	10.400000	1.732000
0.224600	10.600000	1.733600
0.224700	10.400000	1.733600
0.224800	10.400000	1.733600
0.224900	10.400000	1.733600
0.225000	10.600000	1.733600
0.225100	10.600000	1.733600
0.225200	10.400000	1.732800
0.225300	10.400000	1.733600
0.225400	10.400000	1.732800
0.225500	10.600000	1.733600
0.225600	10.600000	1.733600
0.225700	10.600000	1.731200
0.225800	10.600000	1.733600
0.225900	10.600000	1.732800
0.226000	10.600000	1.733600
0.226100	10.600000	1.733600
0.226200	10.600000	1.733600
0.226300	10.600000	1.733600
0.226400	10.600000	1.732800
0.226500	10.600000	1.732800
0.226600	10.600000	1.732800
0.226700	10.600000	1.732800
0.226800	10.600000	1.732800
0.226900	10.600000	1.732800
0.227000	10.600000	1.733600
0.227100	10.600000	1.732800
0.227200	10.600000	1.733600
0.227300	10.800000	1.732000
0.227400	10.800000	1.733600
0.227500	10.800000	1.733600
0.227600	10.600000	1.733600
0.227700	10.600000	1.733600
0.227800	10.800000	1.732800
0.227900	10.600000	1.732800
0.228000	10.800000	1.732800
0.228100	10.800000	1.732000
0.228200	10.800000	1.732800
0.228300	10.800000	1.732000
0.228400	10.800000	1.732000
0.228500	10.800000	1.732800
0.228600	11.000000	1.733600
0.228700	10.800000	1.732000
0.228800	11.000000	1.732000
0.228900	10.800000	1.733600
0.229000	10.800000	1.732800
0.229100	11.000000	1.732000
0.229200	10.600000	1.732000
0.229300	11.000000	1.732800
0.229400	10.800000	1.733600
0.229500	10.800000	1.732800
0.229600	11.000000	1.732000
0.229700	11.000000	1.732800
0.229800	11.000000	1.732000
0.229900	10.800000	1.732800
0.230000	11.000000	1.733600
0.230100	11.000000	1.732000
0.230200	10.800000	1.732000
0.230300	11.000000	1.732000
0.230400	11.000000	1.732800
0.230500	11.000000	1.732000
0.230600	11.000000	1.733600
0.230700	11.000000	1.732800
0.230800	11.000000	1.732000
0.230900	11.200000	1.732800
0.231000	11.200000	1.732000
0.231100	11.000000	1.732000
0.231200	11.000000	1.733600
0.231300	11.000000	1.732000
0.231400	11.200000	1.732000
0.231500	11.000000	1.732800
0.231600	11.000000	1.732800
0.231700	11.200000	1.732000
0.231800	11.000000	1.732800
0.231900	11.200000	1.732800
0.232000	11.200000	1.731200
0.232100	11.200000	1.732000
0.232200	11.200000	1.732000
0.232300	11.200000	1.732000
0.232400	11.200000	1.732000
0.232500	11.400000	1.732000
0.232600	11.200000	1.732000
0.232700	11.200000	1.732800
0.232800	11.200000	1.732000
0.232900	11.200000	1.732800
0.233000	11.200000	1.732000
0.233100	11.200000	1.732800
0.233200	11.400000	1.732800
0.233300	11.400000	1.732800
0.233400	11.200000	1.733600
0.233500	11.200000	1.732800
0.233600	11.400000	1.732800
0.233700	11.200000	1.732800
0.233800	11.400000	1.732800
0.233900	11.200000	1.732800
0.234000	11.400000	1.732000
0.234100	11.200000	1.732000
0.234200	11.200000	1.732800
0.234300	11.400000	1.732800
0.234400	11.400000	1.732000
0.234500	11.400000	1.732800
0.234600	11.400000	1.733600
0.234700	11.400000	1.732800
0.234800	11.400000	1.733600
0.234900	11.400000	1.734400
0.235000	11.600000	1.732800
0.235100	11.400000	1.733600
0.235200	11.400000	1.733600
0.235300	11.400000	1.732000
0.235400	11.400000	1.733600
0.235500	11.600000	1.732800
0.235600	11.400000	1.732800
0.235700	11.600000	1.732000
0.235800	11.400000	1.732000
0.235900	11.600000	1.732000
0.236000	11.600000	1.733600
0.236100	11.400000	1.733600
0.236200	11.600000	1.732800
0.236300	11.600000	1.733600
0.236400	11.600000	1.732000
0.236500	11.600000	1.734400
0.236600	11.400000	1.732800
0.236700	11.600000	1.732800
0.236800	11.800000	1.733600
0.236900	11.400000	1.732000
0.237000	11.600000	1.732800
0.237100	11.600000	1.732000
0.237200	11.800000	1.732800
0.237300	11.800000	1.732000
0.237400	11.800000	1.732800
0.237500	11.600000	1.732800
0.237600	11.600000	1.732000
0.237700	11.800000	1.732800
0.237800	11.800000	1.732800
0.237900	11.800000	1.732000
0.238000	11.800000	1.733600
0.238100	11.800000	1.732000
0.238200	11.800000	1.732000
0.238300	11.600000	1.732800
0.238400	11.800000	1.732000
0.238500	11.800000	1.733600
0.238600	11.800000	1.732800
0.238700	11.800000	1.732800
0.238800	11.800000	1.733600
0.238900	12.000000	1.732800
0.239000	11.800000	1.733600
0.239100	12.000000	1.732800
0.239200	11.800000	1.732000
0.239300	12.000000	1.732800
0.239400	11.800000	1.733600
0.239500	11.800000	1.732800
0.239600	11.800000	1.732800
0.239700	12.000000	1.732000
0.239800	12.000000	1.732800
0.239900	11.800000	1.732000
0.240000	12.000000	1.732800
0.240100	11.800000	1.733600
0.240200	12.000000	1.732000
0.240300	12.000000	1.732800
0.240400	12.000000	1.732000
0.240500	12.000000	1.732800
0.240600	12.000000	1.733600
0.240700	12.000000	1.732000
0.240800	12.000000	1.732800
0.240900	12.000000	1.732800
0.241000	12.000000	1.732800
0.241100	12.000000	1.732800
0.241200	12.200000	1.732800
0.241300	12.000000	1.732000
0.241400	12.000000	1.732800
0.241500	12.000000	1.732800
0.241600	12.000000	1.732800
0.241700	12.000000	1.732800
0.241800	12.000000	1.732000
0.241900	12.200000	1.733600
0.242000	12.200000	1.732800
0.242100	12.000000	1.732800
0.242200	12.200000	1.732000
0.242300	12.200000	1.732800
0.242400	12.200000	1.732800
0.242500	12.200000	1.732800
0.242600	12.200000	1.733600
0.242700	12.000000	1.732800
0.242800	12.200000	1.732800
0.242900	12.200000	1.733600
0.243000	12.400000	1.732800
0.243100	12.400000	1.732800
0.243200	12.400000	1.732000
0.243300	12.200000	1.732000
0.243400	12.200000	1.732800
0.243500	12.200000	1.732800
0.243600	12.400000	1.732800
0.243700	12.400000	1.732800
0.243800	12.200000	1.733600
0.243900	12.400000	1.733600
0.244000	12.400000	1.732800
0.244100	12.400000	1.732800
0.244200	12.400000	1.732800
0.244300	12.400000	1.732800
0.244400	12.400000	1.732000
0.244500	12.400000	1.732800
0.244600	12.400000	1.733600
0.244700	12.400000	1.732800
0.244800	12.400000	1.732800
0.244900	12.600000	1.733600
0.245000	12.400000	1.732800
0.245100	12.600000	1.732000
0.245200	12.400000	1.733600
0.245300	12.200000	1.732800
0.245400	12.600000	1.733600
0.245500	12.400000	1.733600
0.245600	12.600000	1.733600
0.245700	12.600000	1.733600
0.245800	12.600000	1.732800
0.245900	12.600000	1.733600
0.246000	12.600000	1.733600
0.246100	12.600000	1.733600
0.246200	12.600000	1.733600
0.246300	12.600000	1.733600
0.246400	12.600000	1.732800
0.246500	12.600000	1.732000
0.246600	12.600000	1.733600
0.246700	12.600000	1.732800
0.246800	12.600000	1.732000
0.246900	12.800000	1.733600
0.247000	12.600000	1.732800
0.247100	12.600000	1.732800
0.247200	12.600000	1.733600
0.247300	12.600000	1.733600
0.247400	12.600000	1.732000
0.247500	12.800000	1.732800
0.247600	12.600000	1.732000
0.247700	12.600000	1.732000
0.247800	12.600000	1.733600
0.247900	12.600000	1.733600
0.248000	12.600000	1.732800
0.248100	12.800000	1.733600
0.248200	12.800000	1.732800
0.248300	12.800000	1.732800
0.248400	12.800000	1.733600
0.248500	12.800000	1.732800
0.248600	12.800000	1.732000
0.248700	12.800000	1.734400
0.248800	12.800000	1.732800
0.248900	12.800000	1.732800
0.249000	13.000000	1.732800
0.249100	12.800000	1.732800
0.249200	13.000000	1.733600
0.249300	13.000000	1.732800
0.249400	12.800000	1.733600
0.249500	13.000000	1.732800
0.249600	13.000000	1.733600
0.249700	12.800000	1.732800
0.249800	12.800000	1.733600
0.249900	13.000000	1.732000
