0.000000	-4.480000	1.741600
4.000000E-5	-4.400000	1.742400
8.000000E-5	-4.480000	1.741600
0.000120	-4.480000	1.741600
0.000160	-4.480000	1.742400
0.000200	-4.400000	1.742400
0.000240	-4.400000	1.742400
0.000280	-4.400000	1.741600
0.000320	-4.480000	1.741600
0.000360	-4.480000	1.742400
0.000400	-4.400000	1.742400
0.000440	-4.400000	1.742400
0.000480	-4.400000	1.741600
0.000520	-4.400000	1.741600
0.000560	-4.320000	1.742400
0.000600	-4.400000	1.740800
0.000640	-4.400000	1.740800
0.000680	-4.400000	1.742400
0.000720	-4.400000	1.742400
0.000760	-4.400000	1.741600
0.000800	-4.400000	1.741600
0.000840	-4.320000	1.740800
0.000880	-4.320000	1.742400
0.000920	-4.400000	1.743200
0.000960	-4.400000	1.741600
0.001000	-4.400000	1.740800
0.001040	-4.320000	1.740800
0.001080	-4.400000	1.741600
0.001120	-4.320000	1.742400
0.001160	-4.400000	1.741600
0.001200	-4.400000	1.742400
0.001240	-4.400000	1.742400
0.001280	-4.320000	1.742400
0.001320	-4.320000	1.741600
0.001360	-4.400000	1.741600
0.001400	-4.400000	1.741600
0.001440	-4.400000	1.741600
0.001480	-4.240000	1.741600
0.001520	-4.320000	1.742400
0.001560	-4.240000	1.741600
0.001600	-4.320000	1.742400
0.001640	-4.320000	1.742400
0.001680	-4.320000	1.742400
0.001720	-4.320000	1.742400
0.001760	-4.240000	1.742400
0.001800	-4.240000	1.743200
0.001840	-4.240000	1.742400
0.001880	-4.240000	1.741600
0.001920	-4.240000	1.741600
0.001960	-4.240000	1.742400
0.002000	-4.240000	1.742400
0.002040	-4.240000	1.740800
0.002080	-4.240000	1.741600
0.002120	-4.240000	1.741600
0.002160	-4.240000	1.742400
0.002200	-4.240000	1.741600
0.002240	-4.240000	1.742400
0.002280	-4.240000	1.740800
0.002320	-4.240000	1.741600
0.002360	-4.240000	1.740800
0.002400	-4.160000	1.741600
0.002440	-4.240000	1.742400
0.002480	-4.240000	1.742400
0.002520	-4.160000	1.741600
0.002560	-4.160000	1.741600
0.002600	-4.240000	1.741600
0.002640	-4.240000	1.740800
0.002680	-4.160000	1.740800
0.002720	-4.160000	1.740800
0.002760	-4.160000	1.741600
0.002800	-4.240000	1.742400
0.002840	-4.160000	1.741600
0.002880	-4.160000	1.741600
0.002920	-4.160000	1.740800
0.002960	-4.160000	1.742400
0.003000	-4.080000	1.742400
0.003040	-4.160000	1.740800
0.003080	-4.160000	1.740800
0.003120	-4.080000	1.742400
0.003160	-4.160000	1.742400
0.003200	-4.080000	1.742400
0.003240	-4.160000	1.742400
0.003280	-4.160000	1.741600
0.003320	-4.000000	1.741600
0.003360	-4.160000	1.740800
0.003400	-4.160000	1.741600
0.003440	-4.080000	1.741600
0.003480	-4.080000	1.742400
0.003520	-4.160000	1.742400
0.003560	-4.080000	1.742400
0.003600	-4.080000	1.742400
0.003640	-4.080000	1.741600
0.003680	-4.080000	1.740800
0.003720	-4.080000	1.743200
0.003760	-4.080000	1.742400
0.003800	-4.000000	1.742400
0.003840	-4.080000	1.741600
0.003880	-4.080000	1.741600
0.003920	-4.080000	1.742400
0.003960	-4.080000	1.742400
0.004000	-4.080000	1.742400
0.004040	-4.080000	1.742400
0.004080	-4.080000	1.740800
0.004120	-4.080000	1.740800
0.004160	-4.000000	1.740800
0.004200	-4.080000	1.743200
0.004240	-4.080000	1.742400
0.004280	-4.000000	1.742400
0.004320	-4.080000	1.741600
0.004360	-4.000000	1.741600
0.004400	-4.080000	1.740800
0.004440	-4.000000	1.740800
0.004480	-4.000000	1.741600
0.004520	-4.000000	1.740800
0.004560	-4.000000	1.741600
0.004600	-3.920000	1.740800
0.004640	-4.000000	1.740800
0.004680	-3.920000	1.740800
0.004720	-3.920000	1.741600
0.004760	-4.000000	1.741600
0.004800	-4.000000	1.741600
0.004840	-4.000000	1.740800
0.004880	-4.000000	1.741600
0.004920	-3.920000	1.741600
0.004960	-4.000000	1.740800
0.005000	-4.000000	1.740800
0.005040	-3.920000	1.740800
0.005080	-4.000000	1.741600
0.005120	-4.000000	1.740800
0.005160	-3.920000	1.740800
0.005200	-3.920000	1.742400
0.005240	-3.920000	1.740800
0.005280	-4.000000	1.740800
0.005320	-3.920000	1.742400
0.005360	-3.920000	1.740800
0.005400	-3.920000	1.740800
0.005440	-3.920000	1.741600
0.005480	-3.920000	1.741600
0.005520	-4.000000	1.742400
0.005560	-3.920000	1.741600
0.005600	-3.920000	1.740800
0.005640	-3.920000	1.742400
0.005680	-3.920000	1.740800
0.005720	-3.920000	1.741600
0.005760	-3.920000	1.740800
0.005800	-3.920000	1.741600
0.005840	-3.920000	1.741600
0.005880	-3.920000	1.740800
0.005920	-3.840000	1.741600
0.005960	-3.920000	1.740800
0.006000	-3.840000	1.742400
0.006040	-3.920000	1.740800
0.006080	-3.920000	1.741600
0.006120	-3.920000	1.741600
0.006160	-3.840000	1.741600
0.006200	-3.840000	1.741600
0.006240	-3.760000	1.740800
0.006280	-3.920000	1.741600
0.006320	-3.840000	1.742400
0.006360	-3.760000	1.741600
0.006400	-3.840000	1.742400
0.006440	-3.840000	1.740800
0.006480	-3.840000	1.740800
0.006520	-3.760000	1.742400
0.006560	-3.920000	1.740800
0.006600	-3.760000	1.741600
0.006640	-3.760000	1.740800
0.006680	-3.760000	1.740800
0.006720	-3.760000	1.741600
0.006760	-3.760000	1.741600
0.006800	-3.840000	1.740800
0.006840	-3.760000	1.741600
0.006880	-3.760000	1.740800
0.006920	-3.760000	1.741600
0.006960	-3.760000	1.741600
0.007000	-3.840000	1.741600
0.007040	-3.840000	1.741600
0.007080	-3.760000	1.741600
0.007120	-3.840000	1.742400
0.007160	-3.760000	1.742400
0.007200	-3.760000	1.741600
0.007240	-3.760000	1.742400
0.007280	-3.760000	1.740800
0.007320	-3.760000	1.740800
0.007360	-3.840000	1.742400
0.007400	-3.760000	1.741600
0.007440	-3.760000	1.740800
0.007480	-3.760000	1.741600
0.007520	-3.760000	1.740800
0.007560	-3.680000	1.742400
0.007600	-3.680000	1.741600
0.007640	-3.760000	1.743200
0.007680	-3.760000	1.741600
0.007720	-3.760000	1.740800
0.007760	-3.760000	1.742400
0.007800	-3.760000	1.742400
0.007840	-3.680000	1.741600
0.007880	-3.760000	1.741600
0.007920	-3.680000	1.742400
0.007960	-3.760000	1.741600
0.008000	-3.680000	1.740800
0.008040	-3.680000	1.742400
0.008080	-3.680000	1.742400
0.008120	-3.680000	1.741600
0.008160	-3.680000	1.741600
0.008200	-3.680000	1.741600
0.008240	-3.680000	1.740800
0.008280	-3.600000	1.740800
0.008320	-3.680000	1.741600
0.008360	-3.680000	1.740800
0.008400	-3.600000	1.742400
0.008440	-3.600000	1.740800
0.008480	-3.680000	1.740800
0.008520	-3.760000	1.741600
0.008560	-3.600000	1.742400
0.008600	-3.680000	1.741600
0.008640	-3.600000	1.741600
0.008680	-3.680000	1.741600
0.008720	-3.600000	1.741600
0.008760	-3.600000	1.741600
0.008800	-3.680000	1.742400
0.008840	-3.600000	1.742400
0.008880	-3.600000	1.742400
0.008920	-3.600000	1.742400
0.008960	-3.600000	1.740800
0.009000	-3.600000	1.741600
0.009040	-3.600000	1.742400
0.009080	-3.600000	1.741600
0.009120	-3.600000	1.742400
0.009160	-3.600000	1.742400
0.009200	-3.600000	1.740800
0.009240	-3.600000	1.740800
0.009280	-3.520000	1.740800
0.009320	-3.520000	1.742400
0.009360	-3.600000	1.743200
0.009400	-3.600000	1.740800
0.009440	-3.600000	1.741600
0.009480	-3.600000	1.742400
0.009520	-3.600000	1.742400
0.009560	-3.520000	1.741600
0.009600	-3.520000	1.742400
0.009640	-3.520000	1.741600
0.009680	-3.600000	1.741600
0.009720	-3.520000	1.740800
0.009760	-3.520000	1.740800
0.009800	-3.520000	1.740800
0.009840	-3.520000	1.741600
0.009880	-3.520000	1.741600
0.009920	-3.520000	1.741600
0.009960	-3.520000	1.740800
0.010000	-3.440000	1.740800
0.010040	-3.520000	1.741600
0.010080	-3.440000	1.742400
0.010120	-3.520000	1.741600
0.010160	-3.520000	1.740800
0.010200	-3.520000	1.741600
0.010240	-3.440000	1.740800
0.010280	-3.440000	1.742400
0.010320	-3.520000	1.740800
0.010360	-3.520000	1.741600
0.010400	-3.520000	1.740800
0.010440	-3.440000	1.740800
0.010480	-3.440000	1.741600
0.010520	-3.440000	1.740800
0.010560	-3.440000	1.742400
0.010600	-3.440000	1.742400
0.010640	-3.440000	1.742400
0.010680	-3.440000	1.741600
0.010720	-3.520000	1.740800
0.010760	-3.440000	1.741600
0.010800	-3.440000	1.742400
0.010840	-3.440000	1.741600
0.010880	-3.440000	1.742400
0.010920	-3.440000	1.741600
0.010960	-3.440000	1.741600
0.011000	-3.360000	1.742400
0.011040	-3.360000	1.741600
0.011080	-3.440000	1.742400
0.011120	-3.360000	1.741600
0.011160	-3.440000	1.740800
0.011200	-3.360000	1.740800
0.011240	-3.360000	1.740800
0.011280	-3.440000	1.741600
0.011320	-3.280000	1.741600
0.011360	-3.280000	1.741600
0.011400	-3.360000	1.741600
0.011440	-3.440000	1.741600
0.011480	-3.280000	1.741600
0.011520	-3.360000	1.741600
0.011560	-3.360000	1.742400
0.011600	-3.280000	1.741600
0.011640	-3.360000	1.740800
0.011680	-3.280000	1.742400
0.011720	-3.360000	1.741600
0.011760	-3.280000	1.740800
0.011800	-3.280000	1.740800
0.011840	-3.280000	1.741600
0.011880	-3.360000	1.741600
0.011920	-3.280000	1.741600
0.011960	-3.280000	1.740800
0.012000	-3.360000	1.741600
0.012040	-3.280000	1.741600
0.012080	-3.280000	1.741600
0.012120	-3.280000	1.742400
0.012160	-3.280000	1.742400
0.012200	-3.280000	1.741600
0.012240	-3.280000	1.741600
0.012280	-3.280000	1.740800
0.012320	-3.280000	1.742400
0.012360	-3.280000	1.741600
0.012400	-3.280000	1.741600
0.012440	-3.200000	1.741600
0.012480	-3.280000	1.741600
0.012520	-3.280000	1.741600
0.012560	-3.200000	1.740800
0.012600	-3.280000	1.741600
0.012640	-3.280000	1.740000
0.012680	-3.200000	1.741600
0.012720	-3.200000	1.741600
0.012760	-3.200000	1.740800
0.012800	-3.280000	1.741600
0.012840	-3.200000	1.741600
0.012880	-3.200000	1.741600
0.012920	-3.200000	1.741600
0.012960	-3.200000	1.742400
0.013000	-3.200000	1.741600
0.013040	-3.280000	1.740800
0.013080	-3.200000	1.741600
0.013120	-3.200000	1.742400
0.013160	-3.200000	1.740800
0.013200	-3.200000	1.742400
0.013240	-3.200000	1.741600
0.013280	-3.120000	1.740800
0.013320	-3.200000	1.741600
0.013360	-3.120000	1.740800
0.013400	-3.200000	1.741600
0.013440	-3.120000	1.741600
0.013480	-3.200000	1.740800
0.013520	-3.120000	1.741600
0.013560	-3.120000	1.741600
0.013600	-3.120000	1.741600
0.013640	-3.120000	1.740800
0.013680	-3.120000	1.740800
0.013720	-3.200000	1.740800
0.013760	-3.120000	1.741600
0.013800	-3.120000	1.740800
0.013840	-3.120000	1.740800
0.013880	-3.120000	1.741600
0.013920	-3.120000	1.741600
0.013960	-3.120000	1.741600
0.014000	-3.120000	1.740800
0.014040	-3.040000	1.740800
0.014080	-3.120000	1.740800
0.014120	-3.120000	1.741600
0.014160	-3.040000	1.740800
0.014200	-3.040000	1.740800
0.014240	-3.120000	1.740800
0.014280	-3.200000	1.740800
0.014320	-3.120000	1.739200
0.014360	-3.120000	1.741600
0.014400	-3.040000	1.740800
0.014440	-3.040000	1.740800
0.014480	-3.040000	1.740800
0.014520	-3.040000	1.740000
0.014560	-2.960000	1.740800
0.014600	-3.040000	1.740800
0.014640	-3.040000	1.740800
0.014680	-3.040000	1.740800
0.014720	-3.040000	1.740800
0.014760	-3.040000	1.740800
0.014800	-3.040000	1.740800
0.014840	-2.960000	1.740800
0.014880	-3.040000	1.740000
0.014920	-3.040000	1.740800
0.014960	-2.960000	1.740800
0.015000	-2.960000	1.740800
0.015040	-3.040000	1.740800
0.015080	-2.960000	1.740800
0.015120	-2.960000	1.740800
0.015160	-2.960000	1.740800
0.015200	-2.960000	1.740800
0.015240	-2.960000	1.740800
0.015280	-2.960000	1.740800
0.015320	-2.960000	1.740800
0.015360	-2.960000	1.740800
0.015400	-2.960000	1.740000
0.015440	-2.960000	1.740800
0.015480	-2.960000	1.740800
0.015520	-2.960000	1.741600
0.015560	-2.960000	1.740800
0.015600	-2.960000	1.740800
0.015640	-2.960000	1.740800
0.015680	-2.960000	1.741600
0.015720	-2.960000	1.740800
0.015760	-2.960000	1.739200
0.015800	-2.960000	1.740800
0.015840	-2.880000	1.740800
0.015880	-2.880000	1.740000
0.015920	-2.880000	1.740800
0.015960	-2.960000	1.740000
0.016000	-2.960000	1.740800
0.016040	-2.880000	1.740800
0.016080	-2.960000	1.740800
0.016120	-2.880000	1.740800
0.016160	-2.880000	1.740800
0.016200	-2.880000	1.740800
0.016240	-2.880000	1.740800
0.016280	-2.880000	1.740000
0.016320	-2.880000	1.740800
0.016360	-2.960000	1.740000
0.016400	-2.800000	1.740800
0.016440	-2.880000	1.740800
0.016480	-2.800000	1.740800
0.016520	-2.800000	1.740800
0.016560	-2.880000	1.740800
0.016600	-2.800000	1.740000
0.016640	-2.880000	1.740800
0.016680	-2.880000	1.740800
0.016720	-2.800000	1.740800
0.016760	-2.800000	1.740800
0.016800	-2.800000	1.740000
0.016840	-2.880000	1.740800
0.016880	-2.800000	1.740800
0.016920	-2.800000	1.740800
0.016960	-2.800000	1.740800
0.017000	-2.800000	1.740800
0.017040	-2.800000	1.740800
0.017080	-2.800000	1.740000
0.017120	-2.800000	1.740800
0.017160	-2.800000	1.740800
0.017200	-2.800000	1.740000
0.017240	-2.720000	1.740000
0.017280	-2.720000	1.740800
0.017320	-2.800000	1.740000
0.017360	-2.800000	1.740800
0.017400	-2.800000	1.740800
0.017440	-2.800000	1.740000
0.017480	-2.800000	1.740800
0.017520	-2.720000	1.740000
0.017560	-2.720000	1.739200
0.017600	-2.800000	1.740000
0.017640	-2.720000	1.740800
0.017680	-2.800000	1.740000
0.017720	-2.720000	1.740000
0.017760	-2.720000	1.740800
0.017800	-2.720000	1.740800
0.017840	-2.720000	1.740000
0.017880	-2.720000	1.740000
0.017920	-2.720000	1.740000
0.017960	-2.720000	1.740000
0.018000	-2.640000	1.740000
0.018040	-2.720000	1.739200
0.018080	-2.640000	1.739200
0.018120	-2.720000	1.740000
0.018160	-2.640000	1.740000
0.018200	-2.640000	1.740000
0.018240	-2.640000	1.740000
0.018280	-2.720000	1.740000
0.018320	-2.640000	1.739200
0.018360	-2.640000	1.740000
0.018400	-2.640000	1.740800
0.018440	-2.640000	1.739200
0.018480	-2.640000	1.740800
0.018520	-2.640000	1.740000
0.018560	-2.640000	1.740000
0.018600	-2.720000	1.740800
0.018640	-2.640000	1.740000
0.018680	-2.720000	1.740800
0.018720	-2.560000	1.739200
0.018760	-2.640000	1.740800
0.018800	-2.640000	1.739200
0.018840	-2.640000	1.740800
0.018880	-2.560000	1.740000
0.018920	-2.640000	1.740000
0.018960	-2.640000	1.740000
0.019000	-2.640000	1.740000
0.019040	-2.560000	1.741600
0.019080	-2.640000	1.738400
0.019120	-2.640000	1.740800
0.019160	-2.560000	1.740800
0.019200	-2.640000	1.740800
0.019240	-2.560000	1.740000
0.019280	-2.560000	1.740000
0.019320	-2.560000	1.740800
0.019360	-2.560000	1.740000
0.019400	-2.560000	1.740000
0.019440	-2.560000	1.740800
0.019480	-2.560000	1.740800
0.019520	-2.480000	1.740000
0.019560	-2.560000	1.740800
0.019600	-2.480000	1.740800
0.019640	-2.480000	1.740800
0.019680	-2.560000	1.740000
0.019720	-2.480000	1.740800
0.019760	-2.560000	1.740800
0.019800	-2.560000	1.740000
0.019840	-2.560000	1.740800
0.019880	-2.480000	1.740000
0.019920	-2.640000	1.739200
0.019960	-2.480000	1.739200
0.020000	-2.480000	1.740800
0.020040	-2.560000	1.740800
0.020080	-2.480000	1.740000
0.020120	-2.480000	1.739200
0.020160	-2.480000	1.739200
0.020200	-2.480000	1.740000
0.020240	-2.480000	1.740000
0.020280	-2.480000	1.740000
0.020320	-2.480000	1.740800
0.020360	-2.480000	1.740800
0.020400	-2.480000	1.740000
0.020440	-2.480000	1.739200
0.020480	-2.480000	1.740800
0.020520	-2.480000	1.740000
0.020560	-2.480000	1.740000
0.020600	-2.480000	1.740000
0.020640	-2.480000	1.740000
0.020680	-2.480000	1.740000
0.020720	-2.400000	1.740000
0.020760	-2.480000	1.740000
0.020800	-2.400000	1.739200
0.020840	-2.400000	1.739200
0.020880	-2.400000	1.740000
0.020920	-2.400000	1.740000
0.020960	-2.480000	1.740800
0.021000	-2.400000	1.740000
0.021040	-2.400000	1.740000
0.021080	-2.400000	1.739200
0.021120	-2.400000	1.739200
0.021160	-2.400000	1.740000
0.021200	-2.400000	1.740000
0.021240	-2.320000	1.740800
0.021280	-2.400000	1.740000
0.021320	-2.400000	1.739200
0.021360	-2.320000	1.739200
0.021400	-2.400000	1.740000
0.021440	-2.400000	1.739200
0.021480	-2.400000	1.739200
0.021520	-2.320000	1.739200
0.021560	-2.400000	1.739200
0.021600	-2.400000	1.740000
0.021640	-2.320000	1.739200
0.021680	-2.400000	1.740000
0.021720	-2.400000	1.739200
0.021760	-2.320000	1.738400
0.021800	-2.320000	1.740000
0.021840	-2.320000	1.739200
0.021880	-2.320000	1.738400
0.021920	-2.400000	1.738400
0.021960	-2.320000	1.739200
0.022000	-2.320000	1.740000
0.022040	-2.320000	1.740000
0.022080	-2.320000	1.739200
0.022120	-2.320000	1.740000
0.022160	-2.320000	1.739200
0.022200	-2.320000	1.739200
0.022240	-2.320000	1.739200
0.022280	-2.320000	1.739200
0.022320	-2.320000	1.740000
0.022360	-2.160000	1.738400
0.022400	-2.320000	1.738400
0.022440	-2.320000	1.739200
0.022480	-2.320000	1.739200
0.022520	-2.320000	1.739200
0.022560	-2.240000	1.739200
0.022600	-2.240000	1.739200
0.022640	-2.320000	1.739200
0.022680	-2.320000	1.738400
0.022720	-2.320000	1.738400
0.022760	-2.240000	1.738400
0.022800	-2.320000	1.739200
0.022840	-2.240000	1.738400
0.022880	-2.240000	1.739200
0.022920	-2.160000	1.738400
0.022960	-2.240000	1.738400
0.023000	-2.240000	1.737600
0.023040	-2.240000	1.738400
0.023080	-2.240000	1.738400
0.023120	-2.240000	1.738400
0.023160	-2.160000	1.738400
0.023200	-2.160000	1.739200
0.023240	-2.240000	1.738400
0.023280	-2.240000	1.739200
0.023320	-2.160000	1.738400
0.023360	-2.240000	1.738400
0.023400	-2.160000	1.737600
0.023440	-2.160000	1.738400
0.023480	-2.160000	1.738400
0.023520	-2.160000	1.738400
0.023560	-2.160000	1.740000
0.023600	-2.160000	1.738400
0.023640	-2.160000	1.737600
0.023680	-2.240000	1.738400
0.023720	-2.160000	1.738400
0.023760	-2.160000	1.737600
0.023800	-2.160000	1.737600
0.023840	-2.160000	1.737600
0.023880	-2.160000	1.737600
0.023920	-2.160000	1.737600
0.023960	-2.160000	1.736800
0.024000	-2.160000	1.737600
0.024040	-2.160000	1.737600
0.024080	-2.080000	1.738400
0.024120	-2.160000	1.737600
0.024160	-2.080000	1.737600
0.024200	-2.160000	1.737600
0.024240	-2.160000	1.736800
0.024280	-2.080000	1.738400
0.024320	-2.080000	1.737600
0.024360	-2.000000	1.736800
0.024400	-2.080000	1.736800
0.024440	-2.080000	1.736800
0.024480	-2.080000	1.736000
0.024520	-2.080000	1.737600
0.024560	-2.160000	1.736000
0.024600	-2.080000	1.737600
0.024640	-2.080000	1.736000
0.024680	-2.080000	1.735200
0.024720	-2.080000	1.736800
0.024760	-2.000000	1.737600
0.024800	-2.080000	1.736800
0.024840	-2.080000	1.736000
0.024880	-2.080000	1.736800
0.024920	-2.080000	1.735200
0.024960	-2.000000	1.736000
0.025000	-2.000000	1.736000
0.025040	-2.080000	1.735200
0.025080	-2.000000	1.736000
0.025120	-2.000000	1.736000
0.025160	-2.000000	1.734400
0.025200	-2.080000	1.734400
0.025240	-2.000000	1.733600
0.025280	-2.000000	1.734400
0.025320	-2.000000	1.734400
0.025360	-2.160000	1.734400
0.025400	-2.000000	1.735200
0.025440	-2.000000	1.733600
0.025480	-2.000000	1.732800
0.025520	-2.000000	1.733600
0.025560	-1.920000	1.732800
0.025600	-1.920000	1.732800
0.025640	-2.000000	1.732000
0.025680	-2.000000	1.732000
0.025720	-2.000000	1.732000
0.025760	-1.920000	1.731200
0.025800	-2.000000	1.731200
0.025840	-1.920000	1.730400
0.025880	-1.920000	1.729600
0.025920	-1.920000	1.728800
0.025960	-2.000000	1.728800
0.026000	-2.000000	1.727200
0.026040	-1.920000	1.728000
0.026080	-1.920000	1.727200
0.026120	-2.000000	1.728000
0.026160	-2.000000	1.727200
0.026200	-2.000000	1.725600
0.026240	-1.920000	1.724800
0.026280	-1.840000	1.724800
0.026320	-1.920000	1.724800
0.026360	-1.840000	1.724800
0.026400	-1.920000	1.724000
0.026440	-1.920000	1.724000
0.026480	-1.840000	1.722400
0.026520	-1.920000	1.722400
0.026560	-1.920000	1.723200
0.026600	-1.840000	1.720800
0.026640	-1.840000	1.720800
0.026680	-1.840000	1.720000
0.026720	-1.920000	1.720000
0.026760	-1.840000	1.719200
0.026800	-1.840000	1.719200
0.026840	-1.840000	1.719200
0.026880	-1.920000	1.719200
0.026920	-1.840000	1.719200
0.026960	-1.840000	1.719200
0.027000	-1.840000	1.718400
0.027040	-1.840000	1.718400
0.027080	-1.840000	1.718400
0.027120	-1.840000	1.719200
0.027160	-1.840000	1.718400
0.027200	-1.840000	1.717600
0.027240	-1.840000	1.717600
0.027280	-1.840000	1.717600
0.027320	-1.840000	1.719200
0.027360	-1.840000	1.719200
0.027400	-1.840000	1.719200
0.027440	-1.760000	1.718400
0.027480	-1.760000	1.719200
0.027520	-1.760000	1.718400
0.027560	-1.840000	1.717600
0.027600	-1.920000	1.719200
0.027640	-1.840000	1.720000
0.027680	-1.760000	1.718400
0.027720	-1.920000	1.718400
0.027760	-1.760000	1.718400
0.027800	-1.840000	1.720000
0.027840	-1.760000	1.719200
0.027880	-1.760000	1.720000
0.027920	-1.760000	1.720000
0.027960	-1.760000	1.719200
0.028000	-1.760000	1.720000
0.028040	-1.760000	1.720000
0.028080	-1.760000	1.720000
0.028120	-1.680000	1.721600
0.028160	-1.760000	1.720800
0.028200	-1.680000	1.720800
0.028240	-1.680000	1.720800
0.028280	-1.760000	1.722400
0.028320	-1.680000	1.720800
0.028360	-1.680000	1.720800
0.028400	-1.760000	1.721600
0.028440	-1.760000	1.722400
0.028480	-1.680000	1.722400
0.028520	-1.680000	1.721600
0.028560	-1.680000	1.721600
0.028600	-1.680000	1.721600
0.028640	-1.680000	1.722400
0.028680	-1.680000	1.723200
0.028720	-1.680000	1.722400
0.028760	-1.680000	1.723200
0.028800	-1.680000	1.722400
0.028840	-1.680000	1.723200
0.028880	-1.680000	1.723200
0.028920	-1.680000	1.723200
0.028960	-1.600000	1.724000
0.029000	-1.680000	1.724000
0.029040	-1.600000	1.724000
0.029080	-1.680000	1.724800
0.029120	-1.680000	1.725600
0.029160	-1.680000	1.724800
0.029200	-1.600000	1.725600
0.029240	-1.680000	1.724800
0.029280	-1.600000	1.725600
0.029320	-1.680000	1.724800
0.029360	-1.680000	1.725600
0.029400	-1.600000	1.725600
0.029440	-1.600000	1.724800
0.029480	-1.680000	1.724800
0.029520	-1.600000	1.724800
0.029560	-1.680000	1.724800
0.029600	-1.600000	1.725600
0.029640	-1.600000	1.726400
0.029680	-1.600000	1.726400
0.029720	-1.680000	1.727200
0.029760	-1.600000	1.725600
0.029800	-1.600000	1.726400
0.029840	-1.600000	1.726400
0.029880	-1.600000	1.724800
0.029920	-1.520000	1.727200
0.029960	-1.600000	1.726400
0.030000	-1.600000	1.727200
0.030040	-1.520000	1.727200
0.030080	-1.520000	1.725600
0.030120	-1.600000	1.727200
0.030160	-1.520000	1.726400
0.030200	-1.520000	1.726400
0.030240	-1.520000	1.727200
0.030280	-1.520000	1.728000
0.030320	-1.520000	1.727200
0.030360	-1.520000	1.727200
0.030400	-1.520000	1.728800
0.030440	-1.520000	1.727200
0.030480	-1.520000	1.728000
0.030520	-1.520000	1.729600
0.030560	-1.520000	1.728000
0.030600	-1.520000	1.728000
0.030640	-1.520000	1.728800
0.030680	-1.520000	1.728800
0.030720	-1.440000	1.728800
0.030760	-1.520000	1.728800
0.030800	-1.520000	1.728800
0.030840	-1.520000	1.728000
0.030880	-1.520000	1.728800
0.030920	-1.440000	1.728800
0.030960	-1.440000	1.728000
0.031000	-1.520000	1.729600
0.031040	-1.520000	1.728800
0.031080	-1.440000	1.728000
0.031120	-1.440000	1.729600
0.031160	-1.440000	1.728800
0.031200	-1.440000	1.729600
0.031240	-1.440000	1.728800
0.031280	-1.360000	1.728800
0.031320	-1.440000	1.729600
0.031360	-1.440000	1.729600
0.031400	-1.440000	1.729600
0.031440	-1.440000	1.729600
0.031480	-1.440000	1.729600
0.031520	-1.440000	1.730400
0.031560	-1.440000	1.729600
0.031600	-1.360000	1.730400
0.031640	-1.440000	1.729600
0.031680	-1.440000	1.731200
0.031720	-1.440000	1.731200
0.031760	-1.360000	1.730400
0.031800	-1.440000	1.729600
0.031840	-1.360000	1.728800
0.031880	-1.360000	1.729600
0.031920	-1.360000	1.731200
0.031960	-1.360000	1.729600
0.032000	-1.360000	1.731200
0.032040	-1.360000	1.731200
0.032080	-1.360000	1.729600
0.032120	-1.360000	1.730400
0.032160	-1.360000	1.731200
0.032200	-1.360000	1.730400
0.032240	-1.360000	1.730400
0.032280	-1.360000	1.729600
0.032320	-1.360000	1.730400
0.032360	-1.360000	1.731200
0.032400	-1.360000	1.731200
0.032440	-1.360000	1.730400
0.032480	-1.280000	1.730400
0.032520	-1.280000	1.730400
0.032560	-1.360000	1.732000
0.032600	-1.280000	1.731200
0.032640	-1.280000	1.730400
0.032680	-1.360000	1.730400
0.032720	-1.280000	1.730400
0.032760	-1.280000	1.731200
0.032800	-1.360000	1.731200
0.032840	-1.280000	1.730400
0.032880	-1.120000	1.730400
0.032920	-1.280000	1.729600
0.032960	-1.200000	1.731200
0.033000	-1.200000	1.730400
0.033040	-1.280000	1.731200
0.033080	-1.280000	1.731200
0.033120	-1.200000	1.730400
0.033160	-1.200000	1.731200
0.033200	-1.200000	1.730400
0.033240	-1.200000	1.730400
0.033280	-1.200000	1.729600
0.033320	-1.200000	1.731200
0.033360	-1.280000	1.731200
0.033400	-1.280000	1.731200
0.033440	-1.200000	1.730400
0.033480	-1.200000	1.731200
0.033520	-1.200000	1.730400
0.033560	-1.200000	1.731200
0.033600	-1.040000	1.730400
0.033640	-1.200000	1.730400
0.033680	-1.200000	1.730400
0.033720	-1.200000	1.730400
0.033760	-1.200000	1.731200
0.033800	-1.200000	1.732000
0.033840	-1.200000	1.729600
0.033880	-1.200000	1.730400
0.033920	-1.200000	1.730400
0.033960	-1.200000	1.730400
0.034000	-1.200000	1.731200
0.034040	-1.200000	1.730400
0.034080	-1.200000	1.732000
0.034120	-1.120000	1.730400
0.034160	-1.200000	1.731200
0.034200	-1.120000	1.730400
0.034240	-1.120000	1.730400
0.034280	-1.120000	1.731200
0.034320	-1.200000	1.731200
0.034360	-1.120000	1.730400
0.034400	-1.200000	1.730400
0.034440	-1.120000	1.731200
0.034480	-1.120000	1.731200
0.034520	-1.120000	1.731200
0.034560	-1.120000	1.730400
0.034600	-1.120000	1.730400
0.034640	-1.120000	1.730400
0.034680	-1.120000	1.731200
0.034720	-1.120000	1.731200
0.034760	-1.120000	1.729600
0.034800	-1.120000	1.730400
0.034840	-1.120000	1.729600
0.034880	-1.040000	1.729600
0.034920	-1.120000	1.728800
0.034960	-1.040000	1.729600
0.035000	-1.040000	1.729600
0.035040	-1.040000	1.729600
0.035080	-1.040000	1.730400
0.035120	-1.040000	1.729600
0.035160	-1.040000	1.728800
0.035200	-1.040000	1.728800
0.035240	-1.040000	1.729600
0.035280	-1.040000	1.729600
0.035320	-1.040000	1.729600
0.035360	-1.040000	1.728800
0.035400	-1.040000	1.729600
0.035440	-1.040000	1.728800
0.035480	-1.040000	1.728800
0.035520	-1.040000	1.728800
0.035560	-1.040000	1.728000
0.035600	-1.040000	1.728000
0.035640	-1.040000	1.728000
0.035680	-1.040000	1.727200
0.035720	-1.040000	1.727200
0.035760	-1.040000	1.727200
0.035800	-1.040000	1.727200
0.035840	-1.040000	1.727200
0.035880	-1.040000	1.726400
0.035920	-0.960000	1.727200
0.035960	-0.960000	1.726400
0.036000	-1.040000	1.727200
0.036040	-1.040000	1.727200
0.036080	-0.960000	1.727200
0.036120	-0.960000	1.727200
0.036160	-0.960000	1.726400
0.036200	-0.960000	1.726400
0.036240	-0.960000	1.725600
0.036280	-1.040000	1.725600
0.036320	-0.960000	1.725600
0.036360	-0.960000	1.725600
0.036400	-0.960000	1.725600
0.036440	-0.960000	1.726400
0.036480	-0.960000	1.725600
0.036520	-0.880000	1.726400
0.036560	-0.960000	1.726400
0.036600	-0.960000	1.724800
0.036640	-0.960000	1.724800
0.036680	-0.880000	1.724800
0.036720	-0.960000	1.725600
0.036760	-0.880000	1.725600
0.036800	-0.880000	1.725600
0.036840	-0.960000	1.725600
0.036880	-0.960000	1.724800
0.036920	-0.880000	1.724800
0.036960	-0.880000	1.724800
0.037000	-0.880000	1.724800
0.037040	-0.880000	1.724800
0.037080	-0.880000	1.725600
0.037120	-0.880000	1.724800
0.037160	-0.880000	1.725600
0.037200	-0.880000	1.725600
0.037240	-0.800000	1.725600
0.037280	-0.880000	1.725600
0.037320	-0.880000	1.725600
0.037360	-0.880000	1.724800
0.037400	-0.880000	1.724800
0.037440	-0.880000	1.725600
0.037480	-0.880000	1.725600
0.037520	-0.880000	1.724800
0.037560	-0.880000	1.725600
0.037600	-0.880000	1.726400
0.037640	-0.800000	1.726400
0.037680	-0.800000	1.725600
0.037720	-0.800000	1.724800
0.037760	-0.800000	1.726400
0.037800	-0.800000	1.725600
0.037840	-0.800000	1.726400
0.037880	-0.800000	1.725600
0.037920	-0.800000	1.725600
0.037960	-0.800000	1.726400
0.038000	-0.720000	1.726400
0.038040	-0.800000	1.726400
0.038080	-0.720000	1.726400
0.038120	-0.800000	1.726400
0.038160	-0.720000	1.725600
0.038200	-0.800000	1.725600
0.038240	-0.720000	1.724800
0.038280	-0.720000	1.725600
0.038320	-0.720000	1.727200
0.038360	-0.720000	1.725600
0.038400	-0.720000	1.724800
0.038440	-0.800000	1.725600
0.038480	-0.800000	1.726400
0.038520	-0.720000	1.727200
0.038560	-0.720000	1.725600
0.038600	-0.720000	1.726400
0.038640	-0.720000	1.725600
0.038680	-0.720000	1.727200
0.038720	-0.640000	1.726400
0.038760	-0.720000	1.726400
0.038800	-0.720000	1.726400
0.038840	-0.720000	1.725600
0.038880	-0.720000	1.726400
0.038920	-0.720000	1.726400
0.038960	-0.720000	1.726400
0.039000	-0.640000	1.726400
0.039040	-0.640000	1.726400
0.039080	-0.720000	1.726400
0.039120	-0.720000	1.726400
0.039160	-0.720000	1.726400
0.039200	-0.720000	1.725600
0.039240	-0.720000	1.727200
0.039280	-0.640000	1.727200
0.039320	-0.720000	1.727200
0.039360	-0.640000	1.727200
0.039400	-0.640000	1.726400
0.039440	-0.640000	1.727200
0.039480	-0.640000	1.726400
0.039520	-0.640000	1.725600
0.039560	-0.640000	1.727200
0.039600	-0.640000	1.726400
0.039640	-0.640000	1.726400
0.039680	-0.640000	1.726400
0.039720	-0.560000	1.727200
0.039760	-0.640000	1.726400
0.039800	-0.640000	1.727200
0.039840	-0.560000	1.727200
0.039880	-0.640000	1.727200
0.039920	-0.640000	1.726400
0.039960	-0.720000	1.727200
0.040000	-0.640000	1.727200
0.040040	-0.640000	1.725600
0.040080	-0.560000	1.726400
0.040120	-0.560000	1.727200
0.040160	-0.560000	1.726400
0.040200	-0.560000	1.725600
0.040240	-0.560000	1.725600
0.040280	-0.560000	1.727200
0.040320	-0.560000	1.727200
0.040360	-0.560000	1.727200
0.040400	-0.560000	1.728000
0.040440	-0.560000	1.727200
0.040480	-0.560000	1.725600
0.040520	-0.560000	1.726400
0.040560	-0.560000	1.726400
0.040600	-0.560000	1.726400
0.040640	-0.560000	1.727200
0.040680	-0.560000	1.727200
0.040720	-0.560000	1.726400
0.040760	-0.480000	1.726400
0.040800	-0.560000	1.726400
0.040840	-0.480000	1.727200
0.040880	-0.560000	1.725600
0.040920	-0.480000	1.726400
0.040960	-0.400000	1.725600
0.041000	-0.480000	1.726400
0.041040	-0.480000	1.726400
0.041080	-0.480000	1.727200
0.041120	-0.480000	1.725600
0.041160	-0.480000	1.727200
0.041200	-0.480000	1.726400
0.041240	-0.480000	1.725600
0.041280	-0.480000	1.725600
0.041320	-0.480000	1.726400
0.041360	-0.400000	1.726400
0.041400	-0.400000	1.725600
0.041440	-0.480000	1.725600
0.041480	-0.400000	1.725600
0.041520	-0.400000	1.725600
0.041560	-0.480000	1.726400
0.041600	-0.400000	1.726400
0.041640	-0.400000	1.727200
0.041680	-0.400000	1.725600
0.041720	-0.400000	1.726400
0.041760	-0.400000	1.726400
0.041800	-0.400000	1.725600
0.041840	-0.400000	1.726400
0.041880	-0.400000	1.725600
0.041920	-0.400000	1.725600
0.041960	-0.400000	1.726400
0.042000	-0.400000	1.724800
0.042040	-0.400000	1.724800
0.042080	-0.400000	1.726400
0.042120	-0.400000	1.724800
0.042160	-0.400000	1.724800
0.042200	-0.400000	1.724800
0.042240	-0.400000	1.724800
0.042280	-0.400000	1.724800
0.042320	-0.400000	1.724800
0.042360	-0.400000	1.725600
0.042400	-0.400000	1.724800
0.042440	-0.320000	1.724800
0.042480	-0.400000	1.724800
0.042520	-0.400000	1.725600
0.042560	-0.320000	1.724800
0.042600	-0.400000	1.724000
0.042640	-0.400000	1.724800
0.042680	-0.400000	1.723200
0.042720	-0.320000	1.724000
0.042760	-0.400000	1.724800
0.042800	-0.400000	1.724800
0.042840	-0.320000	1.724800
0.042880	-0.320000	1.724000
0.042920	-0.320000	1.724000
0.042960	-0.320000	1.724800
0.043000	-0.240000	1.724000
0.043040	-0.320000	1.724800
0.043080	-0.240000	1.724000
0.043120	-0.320000	1.723200
0.043160	-0.320000	1.723200
0.043200	-0.320000	1.724000
0.043240	-0.320000	1.725600
0.043280	-0.320000	1.724000
0.043320	-0.240000	1.724000
0.043360	-0.240000	1.724000
0.043400	-0.320000	1.724800
0.043440	-0.240000	1.723200
0.043480	-0.240000	1.724000
0.043520	-0.240000	1.723200
0.043560	-0.240000	1.724000
0.043600	-0.240000	1.724000
0.043640	-0.240000	1.724000
0.043680	-0.160000	1.724000
0.043720	-0.240000	1.724000
0.043760	-0.240000	1.724000
0.043800	-0.240000	1.722400
0.043840	-0.240000	1.722400
0.043880	-0.240000	1.723200
0.043920	-0.240000	1.722400
0.043960	-0.240000	1.722400
0.044000	-0.240000	1.724000
0.044040	-0.240000	1.723200
0.044080	-0.240000	1.721600
0.044120	-0.240000	1.723200
0.044160	-0.240000	1.723200
0.044200	-0.160000	1.724000
0.044240	-0.160000	1.722400
0.044280	-0.240000	1.722400
0.044320	-0.160000	1.722400
0.044360	-0.160000	1.723200
0.044400	-0.160000	1.722400
0.044440	-0.160000	1.721600
0.044480	-0.160000	1.722400
0.044520	-0.080000	1.722400
0.044560	-0.160000	1.721600
0.044600	-0.160000	1.721600
0.044640	-0.160000	1.722400
0.044680	-0.160000	1.721600
0.044720	-0.160000	1.722400
0.044760	-0.080000	1.722400
0.044800	-0.160000	1.721600
0.044840	-0.080000	1.720800
0.044880	-0.080000	1.722400
0.044920	-0.160000	1.720800
0.044960	-0.080000	1.721600
0.045000	-0.080000	1.722400
0.045040	-0.080000	1.721600
0.045080	-0.080000	1.720800
0.045120	-0.080000	1.721600
0.045160	-0.160000	1.720800
0.045200	-0.080000	1.721600
0.045240	-0.160000	1.720800
0.045280	-0.080000	1.720800
0.045320	-0.160000	1.720000
0.045360	-0.080000	1.721600
0.045400	-0.080000	1.721600
0.045440	-0.080000	1.721600
0.045480	-0.080000	1.720000
0.045520	-0.080000	1.720000
0.045560	-0.080000	1.720000
0.045600	-0.160000	1.720800
0.045640	-0.080000	1.721600
0.045680	0.000000	1.720800
0.045720	0.000000	1.720800
0.045760	-0.080000	1.719200
0.045800	0.000000	1.720000
0.045840	0.000000	1.720800
0.045880	-0.080000	1.720000
0.045920	0.000000	1.721600
0.045960	-0.080000	1.720000
0.046000	0.000000	1.720800
0.046040	-0.080000	1.720000
0.046080	0.000000	1.720000
0.046120	0.000000	1.720000
0.046160	0.000000	1.720000
0.046200	0.000000	1.720000
0.046240	0.000000	1.720800
0.046280	0.000000	1.719200
0.046320	-0.080000	1.719200
0.046360	0.000000	1.719200
0.046400	0.080000	1.718400
0.046440	0.000000	1.719200
0.046480	0.080000	1.720800
0.046520	0.080000	1.719200
0.046560	0.080000	1.720000
0.046600	0.000000	1.720000
0.046640	0.080000	1.720000
0.046680	0.080000	1.720800
0.046720	0.080000	1.719200
0.046760	0.080000	1.720800
0.046800	0.080000	1.719200
0.046840	0.080000	1.720000
0.046880	0.080000	1.720000
0.046920	0.080000	1.720000
0.046960	0.080000	1.720000
0.047000	0.080000	1.720000
0.047040	0.080000	1.718400
0.047080	0.080000	1.718400
0.047120	0.080000	1.719200
0.047160	0.080000	1.720000
0.047200	0.080000	1.719200
0.047240	0.080000	1.720000
0.047280	0.080000	1.719200
0.047320	0.080000	1.719200
0.047360	0.080000	1.719200
0.047400	0.080000	1.720000
0.047440	0.080000	1.719200
0.047480	0.080000	1.718400
0.047520	0.080000	1.718400
0.047560	0.160000	1.718400
0.047600	0.160000	1.718400
0.047640	0.160000	1.718400
0.047680	0.160000	1.718400
0.047720	0.080000	1.718400
0.047760	0.160000	1.719200
0.047800	0.160000	1.719200
0.047840	0.160000	1.717600
0.047880	0.160000	1.718400
0.047920	0.240000	1.718400
0.047960	0.160000	1.719200
0.048000	0.160000	1.718400
0.048040	0.240000	1.717600
0.048080	0.160000	1.717600
0.048120	0.160000	1.718400
0.048160	0.240000	1.718400
0.048200	0.160000	1.718400
0.048240	0.160000	1.718400
0.048280	0.240000	1.718400
0.048320	0.160000	1.717600
0.048360	0.240000	1.717600
0.048400	0.240000	1.717600
0.048440	0.240000	1.718400
0.048480	0.160000	1.718400
0.048520	0.240000	1.717600
0.048560	0.240000	1.716000
0.048600	0.240000	1.716800
0.048640	0.240000	1.718400
0.048680	0.240000	1.718400
0.048720	0.240000	1.718400
0.048760	0.240000	1.716800
0.048800	0.240000	1.718400
0.048840	0.320000	1.716800
0.048880	0.240000	1.717600
0.048920	0.240000	1.717600
0.048960	0.240000	1.717600
0.049000	0.240000	1.717600
0.049040	0.240000	1.717600
0.049080	0.320000	1.716000
0.049120	0.240000	1.717600
0.049160	0.240000	1.717600
0.049200	0.320000	1.717600
0.049240	0.320000	1.716800
0.049280	0.320000	1.717600
0.049320	0.320000	1.718400
0.049360	0.320000	1.717600
0.049400	0.240000	1.717600
0.049440	0.320000	1.716800
0.049480	0.320000	1.717600
0.049520	0.320000	1.716800
0.049560	0.320000	1.718400
0.049600	0.320000	1.717600
0.049640	0.320000	1.716800
0.049680	0.320000	1.717600
0.049720	0.320000	1.716800
0.049760	0.320000	1.716800
0.049800	0.320000	1.716800
0.049840	0.320000	1.716800
0.049880	0.320000	1.718400
0.049920	0.320000	1.716800
0.049960	0.400000	1.718400
0.050000	0.320000	1.717600
0.050040	0.400000	1.717600
0.050080	0.400000	1.716800
0.050120	0.320000	1.716800
0.050160	0.400000	1.716800
0.050200	0.400000	1.716000
0.050240	0.400000	1.716800
0.050280	0.400000	1.717600
0.050320	0.400000	1.716800
0.050360	0.400000	1.716000
0.050400	0.400000	1.716800
0.050440	0.400000	1.717600
0.050480	0.400000	1.717600
0.050520	0.400000	1.716000
0.050560	0.400000	1.716800
0.050600	0.400000	1.716000
0.050640	0.480000	1.717600
0.050680	0.400000	1.716000
0.050720	0.400000	1.716800
0.050760	0.480000	1.716800
0.050800	0.480000	1.716800
0.050840	0.400000	1.716000
0.050880	0.400000	1.716000
0.050920	0.400000	1.716800
0.050960	0.400000	1.717600
0.051000	0.480000	1.716000
0.051040	0.480000	1.716000
0.051080	0.480000	1.716800
0.051120	0.480000	1.717600
0.051160	0.480000	1.716800
0.051200	0.480000	1.716800
0.051240	0.480000	1.716800
0.051280	0.400000	1.716800
0.051320	0.480000	1.716800
0.051360	0.480000	1.716800
0.051400	0.480000	1.716800
0.051440	0.480000	1.716000
0.051480	0.480000	1.717600
0.051520	0.480000	1.717600
0.051560	0.560000	1.716800
0.051600	0.560000	1.717600
0.051640	0.560000	1.717600
0.051680	0.560000	1.716000
0.051720	0.480000	1.717600
0.051760	0.560000	1.718400
0.051800	0.480000	1.718400
0.051840	0.560000	1.716800
0.051880	0.560000	1.716800
0.051920	0.480000	1.717600
0.051960	0.560000	1.717600
0.052000	0.560000	1.717600
0.052040	0.560000	1.716800
0.052080	0.560000	1.717600
0.052120	0.560000	1.717600
0.052160	0.560000	1.716800
0.052200	0.560000	1.717600
0.052240	0.640000	1.716800
0.052280	0.560000	1.716800
0.052320	0.560000	1.716800
0.052360	0.560000	1.717600
0.052400	0.560000	1.716800
0.052440	0.560000	1.716800
0.052480	0.560000	1.717600
0.052520	0.640000	1.716000
0.052560	0.640000	1.716800
0.052600	0.640000	1.717600
0.052640	0.560000	1.716800
0.052680	0.560000	1.716800
0.052720	0.640000	1.716800
0.052760	0.640000	1.716800
0.052800	0.640000	1.717600
0.052840	0.640000	1.717600
0.052880	0.720000	1.717600
0.052920	0.640000	1.717600
0.052960	0.720000	1.716800
0.053000	0.640000	1.716800
0.053040	0.720000	1.716800
0.053080	0.640000	1.717600
0.053120	0.640000	1.717600
0.053160	0.640000	1.716800
0.053200	0.640000	1.717600
0.053240	0.640000	1.716800
0.053280	0.720000	1.718400
0.053320	0.720000	1.718400
0.053360	0.640000	1.717600
0.053400	0.720000	1.717600
0.053440	0.720000	1.717600
0.053480	0.720000	1.718400
0.053520	0.720000	1.718400
0.053560	0.640000	1.718400
0.053600	0.720000	1.717600
0.053640	0.720000	1.717600
0.053680	0.720000	1.717600
0.053720	0.720000	1.717600
0.053760	0.720000	1.717600
0.053800	0.720000	1.719200
0.053840	0.720000	1.717600
0.053880	0.720000	1.717600
0.053920	0.720000	1.717600
0.053960	0.720000	1.718400
0.054000	0.720000	1.718400
0.054040	0.800000	1.718400
0.054080	0.720000	1.718400
0.054120	0.800000	1.717600
0.054160	0.720000	1.717600
0.054200	0.720000	1.718400
0.054240	0.800000	1.717600
0.054280	0.880000	1.718400
0.054320	0.800000	1.719200
0.054360	0.800000	1.718400
0.054400	0.800000	1.718400
0.054440	0.800000	1.719200
0.054480	0.800000	1.718400
0.054520	0.800000	1.718400
0.054560	0.800000	1.718400
0.054600	0.880000	1.718400
0.054640	0.800000	1.718400
0.054680	0.800000	1.719200
0.054720	0.800000	1.717600
0.054760	0.800000	1.719200
0.054800	0.800000	1.718400
0.054840	0.880000	1.719200
0.054880	0.880000	1.719200
0.054920	0.800000	1.718400
0.054960	0.880000	1.719200
0.055000	0.800000	1.718400
0.055040	0.880000	1.718400
0.055080	0.880000	1.718400
0.055120	0.880000	1.720000
0.055160	0.880000	1.719200
0.055200	0.880000	1.718400
0.055240	0.880000	1.719200
0.055280	0.880000	1.719200
0.055320	0.880000	1.720000
0.055360	0.880000	1.720000
0.055400	0.880000	1.720000
0.055440	0.880000	1.720000
0.055480	0.880000	1.720000
0.055520	0.880000	1.720000
0.055560	0.880000	1.720000
0.055600	0.880000	1.720000
0.055640	0.880000	1.720000
0.055680	0.880000	1.720800
0.055720	0.880000	1.719200
0.055760	0.880000	1.720000
0.055800	0.880000	1.720800
0.055840	0.880000	1.720800
0.055880	0.880000	1.720000
0.055920	0.960000	1.719200
0.055960	0.880000	1.720000
0.056000	0.880000	1.719200
0.056040	0.960000	1.719200
0.056080	0.880000	1.720800
0.056120	0.960000	1.720800
0.056160	1.040000	1.720800
0.056200	0.880000	1.720000
0.056240	0.960000	1.719200
0.056280	1.040000	1.720000
0.056320	0.880000	1.720800
0.056360	0.960000	1.721600
0.056400	0.960000	1.722400
0.056440	0.960000	1.720800
0.056480	1.040000	1.720800
0.056520	0.960000	1.720800
0.056560	1.040000	1.720800
0.056600	1.040000	1.721600
0.056640	0.960000	1.721600
0.056680	1.040000	1.720800
0.056720	1.040000	1.720800
0.056760	1.040000	1.721600
0.056800	1.040000	1.721600
0.056840	1.040000	1.721600
0.056880	1.040000	1.721600
0.056920	1.040000	1.722400
0.056960	1.120000	1.721600
0.057000	1.120000	1.721600
0.057040	1.040000	1.720800
0.057080	1.040000	1.720800
0.057120	1.040000	1.721600
0.057160	1.120000	1.721600
0.057200	1.040000	1.720800
0.057240	1.040000	1.721600
0.057280	1.040000	1.721600
0.057320	1.040000	1.722400
0.057360	1.040000	1.722400
0.057400	1.040000	1.722400
0.057440	1.040000	1.722400
0.057480	1.040000	1.720800
0.057520	1.120000	1.721600
0.057560	1.040000	1.722400
0.057600	1.120000	1.723200
0.057640	1.120000	1.722400
0.057680	1.120000	1.721600
0.057720	1.120000	1.722400
0.057760	1.120000	1.721600
0.057800	1.120000	1.722400
0.057840	1.120000	1.722400
0.057880	1.120000	1.723200
0.057920	1.120000	1.723200
0.057960	1.120000	1.722400
0.058000	1.040000	1.723200
0.058040	1.120000	1.723200
0.058080	1.120000	1.724000
0.058120	1.200000	1.723200
0.058160	1.120000	1.723200
0.058200	1.200000	1.723200
0.058240	1.120000	1.723200
0.058280	1.200000	1.723200
0.058320	1.200000	1.724000
0.058360	1.200000	1.724000
0.058400	1.120000	1.723200
0.058440	1.200000	1.723200
0.058480	1.200000	1.723200
0.058520	1.120000	1.723200
0.058560	1.200000	1.724800
0.058600	1.200000	1.724000
0.058640	1.200000	1.724800
0.058680	1.200000	1.724000
0.058720	1.200000	1.724000
0.058760	1.200000	1.722400
0.058800	1.280000	1.723200
0.058840	1.280000	1.724000
0.058880	1.200000	1.724800
0.058920	1.280000	1.724000
0.058960	1.200000	1.724800
0.059000	1.280000	1.724000
0.059040	1.200000	1.724800
0.059080	1.280000	1.725600
0.059120	1.280000	1.724800
0.059160	1.200000	1.724000
0.059200	1.200000	1.724000
0.059240	1.200000	1.724800
0.059280	1.280000	1.724800
0.059320	1.280000	1.724800
0.059360	1.280000	1.724800
0.059400	1.360000	1.724800
0.059440	1.200000	1.725600
0.059480	1.280000	1.724800
0.059520	1.200000	1.725600
0.059560	1.280000	1.724800
0.059600	1.280000	1.724800
0.059640	1.360000	1.725600
0.059680	1.280000	1.724800
0.059720	1.360000	1.724800
0.059760	1.360000	1.724800
0.059800	1.280000	1.727200
0.059840	1.280000	1.725600
0.059880	1.360000	1.724800
0.059920	1.360000	1.725600
0.059960	1.360000	1.725600
0.060000	1.360000	1.725600
0.060040	1.360000	1.724800
0.060080	1.360000	1.724800
0.060120	1.360000	1.725600
0.060160	1.360000	1.726400
0.060200	1.360000	1.724800
0.060240	1.360000	1.725600
0.060280	1.280000	1.724800
0.060320	1.360000	1.726400
0.060360	1.360000	1.725600
0.060400	1.440000	1.726400
0.060440	1.360000	1.726400
0.060480	1.360000	1.726400
0.060520	1.280000	1.724800
0.060560	1.440000	1.725600
0.060600	1.360000	1.726400
0.060640	1.360000	1.726400
0.060680	1.440000	1.726400
0.060720	1.440000	1.725600
0.060760	1.440000	1.725600
0.060800	1.440000	1.725600
0.060840	1.440000	1.725600
0.060880	1.440000	1.726400
0.060920	1.440000	1.725600
0.060960	1.440000	1.725600
0.061000	1.360000	1.724800
0.061040	1.440000	1.724800
0.061080	1.440000	1.724800
0.061120	1.440000	1.726400
0.061160	1.440000	1.726400
0.061200	1.440000	1.725600
0.061240	1.520000	1.725600
0.061280	1.520000	1.726400
0.061320	1.440000	1.725600
0.061360	1.520000	1.724800
0.061400	1.520000	1.725600
0.061440	1.440000	1.725600
0.061480	1.440000	1.725600
0.061520	1.520000	1.724800
0.061560	1.520000	1.725600
0.061600	1.520000	1.725600
0.061640	1.520000	1.724800
0.061680	1.520000	1.725600
0.061720	1.520000	1.724800
0.061760	1.520000	1.724800
0.061800	1.520000	1.725600
0.061840	1.520000	1.724800
0.061880	1.520000	1.725600
0.061920	1.520000	1.726400
0.061960	1.520000	1.724800
0.062000	1.520000	1.724000
0.062040	1.520000	1.724000
0.062080	1.520000	1.725600
0.062120	1.520000	1.724800
0.062160	1.520000	1.724800
0.062200	1.520000	1.724800
0.062240	1.600000	1.725600
0.062280	1.600000	1.724800
0.062320	1.600000	1.723200
0.062360	1.600000	1.725600
0.062400	1.520000	1.724800
0.062440	1.600000	1.725600
0.062480	1.600000	1.724800
0.062520	1.680000	1.724800
0.062560	1.600000	1.724800
0.062600	1.520000	1.725600
0.062640	1.520000	1.724000
0.062680	1.600000	1.724800
0.062720	1.600000	1.724800
0.062760	1.600000	1.724000
0.062800	1.680000	1.724800
0.062840	1.680000	1.724800
0.062880	1.600000	1.724800
0.062920	1.600000	1.725600
0.062960	1.600000	1.725600
0.063000	1.680000	1.724800
0.063040	1.600000	1.724800
0.063080	1.600000	1.724800
0.063120	1.680000	1.724800
0.063160	1.600000	1.726400
0.063200	1.680000	1.725600
0.063240	1.600000	1.724000
0.063280	1.680000	1.724800
0.063320	1.600000	1.725600
0.063360	1.680000	1.724800
0.063400	1.680000	1.725600
0.063440	1.680000	1.726400
0.063480	1.680000	1.726400
0.063520	1.680000	1.725600
0.063560	1.680000	1.725600
0.063600	1.680000	1.725600
0.063640	1.680000	1.725600
0.063680	1.680000	1.725600
0.063720	1.680000	1.725600
0.063760	1.680000	1.725600
0.063800	1.680000	1.725600
0.063840	1.680000	1.726400
0.063880	1.680000	1.724800
0.063920	1.600000	1.727200
0.063960	1.680000	1.726400
0.064000	1.680000	1.727200
0.064040	1.760000	1.725600
0.064080	1.680000	1.726400
0.064120	1.760000	1.726400
0.064160	1.760000	1.726400
0.064200	1.680000	1.727200
0.064240	1.760000	1.728000
0.064280	1.680000	1.727200
0.064320	1.760000	1.727200
0.064360	1.760000	1.728000
0.064400	1.760000	1.728000
0.064440	1.760000	1.727200
0.064480	1.760000	1.728000
0.064520	1.840000	1.727200
0.064560	1.760000	1.727200
0.064600	1.760000	1.727200
0.064640	1.760000	1.727200
0.064680	1.760000	1.728000
0.064720	1.760000	1.728800
0.064760	1.760000	1.727200
0.064800	1.760000	1.727200
0.064840	1.840000	1.728000
0.064880	1.760000	1.727200
0.064920	1.760000	1.729600
0.064960	1.840000	1.728800
0.065000	1.840000	1.728000
0.065040	1.760000	1.728800
0.065080	1.840000	1.728800
0.065120	1.840000	1.728000
0.065160	1.760000	1.728000
0.065200	1.840000	1.728800
0.065240	1.840000	1.728000
0.065280	1.840000	1.729600
0.065320	1.840000	1.728800
0.065360	1.840000	1.729600
0.065400	1.840000	1.729600
0.065440	1.840000	1.729600
0.065480	1.840000	1.729600
0.065520	1.840000	1.728800
0.065560	1.840000	1.729600
0.065600	1.840000	1.728000
0.065640	1.840000	1.728800
0.065680	1.840000	1.729600
0.065720	1.920000	1.730400
0.065760	1.920000	1.729600
0.065800	1.920000	1.729600
0.065840	1.920000	1.729600
0.065880	1.840000	1.729600
0.065920	1.920000	1.728800
0.065960	1.920000	1.729600
0.066000	1.920000	1.730400
0.066040	1.920000	1.731200
0.066080	1.920000	1.729600
0.066120	1.920000	1.729600
0.066160	1.920000	1.729600
0.066200	1.920000	1.729600
0.066240	1.920000	1.730400
0.066280	1.920000	1.730400
0.066320	1.920000	1.728800
0.066360	1.920000	1.729600
0.066400	1.920000	1.729600
0.066440	1.920000	1.729600
0.066480	2.000000	1.729600
0.066520	1.920000	1.729600
0.066560	2.000000	1.730400
0.066600	2.000000	1.730400
0.066640	2.000000	1.731200
0.066680	1.920000	1.730400
0.066720	2.000000	1.731200
0.066760	1.920000	1.731200
0.066800	2.000000	1.730400
0.066840	2.000000	1.729600
0.066880	1.920000	1.729600
0.066920	2.000000	1.730400
0.066960	2.000000	1.732000
0.067000	2.000000	1.730400
0.067040	2.000000	1.731200
0.067080	2.000000	1.731200
0.067120	2.000000	1.730400
0.067160	2.000000	1.731200
0.067200	2.000000	1.732000
0.067240	2.000000	1.732800
0.067280	2.000000	1.731200
0.067320	2.000000	1.731200
0.067360	2.000000	1.731200
0.067400	2.080000	1.731200
0.067440	2.000000	1.731200
0.067480	2.000000	1.732000
0.067520	2.080000	1.731200
0.067560	2.000000	1.732000
0.067600	2.080000	1.732000
0.067640	2.080000	1.732000
0.067680	2.080000	1.732000
0.067720	2.160000	1.731200
0.067760	2.080000	1.732000
0.067800	2.080000	1.732000
0.067840	2.080000	1.732000
0.067880	2.080000	1.731200
0.067920	2.080000	1.732000
0.067960	2.080000	1.731200
0.068000	2.080000	1.731200
0.068040	2.080000	1.732800
0.068080	2.160000	1.732000
0.068120	2.160000	1.732000
0.068160	2.160000	1.732000
0.068200	2.160000	1.732000
0.068240	2.160000	1.732800
0.068280	2.080000	1.732000
0.068320	2.160000	1.732000
0.068360	2.160000	1.732000
0.068400	2.160000	1.732000
0.068440	2.160000	1.732000
0.068480	2.160000	1.731200
0.068520	2.160000	1.732800
0.068560	2.160000	1.732000
0.068600	2.160000	1.732000
0.068640	2.160000	1.731200
0.068680	2.160000	1.732800
0.068720	2.160000	1.732000
0.068760	2.160000	1.732800
0.068800	2.240000	1.732000
0.068840	2.240000	1.732800
0.068880	2.160000	1.732000
0.068920	2.240000	1.732800
0.068960	2.160000	1.732800
0.069000	2.160000	1.732800
0.069040	2.240000	1.733600
0.069080	2.240000	1.732000
0.069120	2.240000	1.732000
0.069160	2.240000	1.733600
0.069200	2.240000	1.733600
0.069240	2.240000	1.732800
0.069280	2.240000	1.733600
0.069320	2.240000	1.733600
0.069360	2.240000	1.732000
0.069400	2.240000	1.732000
0.069440	2.240000	1.733600
0.069480	2.240000	1.733600
0.069520	2.240000	1.733600
0.069560	2.240000	1.733600
0.069600	2.240000	1.733600
0.069640	2.240000	1.732000
0.069680	2.240000	1.732800
0.069720	2.240000	1.732800
0.069760	2.240000	1.732800
0.069800	2.240000	1.732800
0.069840	2.240000	1.732800
0.069880	2.320000	1.732800
0.069920	2.320000	1.732800
0.069960	2.320000	1.732000
0.070000	2.320000	1.732000
0.070040	2.240000	1.732800
0.070080	2.320000	1.733600
0.070120	2.320000	1.733600
0.070160	2.320000	1.732800
0.070200	2.320000	1.733600
0.070240	2.320000	1.732800
0.070280	2.320000	1.733600
0.070320	2.320000	1.733600
0.070360	2.320000	1.733600
0.070400	2.320000	1.732800
0.070440	2.320000	1.732800
0.070480	2.320000	1.732000
0.070520	2.320000	1.732000
0.070560	2.320000	1.732800
0.070600	2.320000	1.732000
0.070640	2.320000	1.731200
0.070680	2.400000	1.730400
0.070720	2.320000	1.731200
0.070760	2.320000	1.731200
0.070800	2.400000	1.732000
0.070840	2.400000	1.730400
0.070880	2.400000	1.730400
0.070920	2.400000	1.731200
0.070960	2.320000	1.729600
0.071000	2.400000	1.730400
0.071040	2.400000	1.730400
0.071080	2.320000	1.729600
0.071120	2.400000	1.729600
0.071160	2.400000	1.729600
0.071200	2.400000	1.728000
0.071240	2.400000	1.727200
0.071280	2.400000	1.728800
0.071320	2.480000	1.726400
0.071360	2.400000	1.726400
0.071400	2.400000	1.727200
0.071440	2.400000	1.724800
0.071480	2.400000	1.725600
0.071520	2.400000	1.724800
0.071560	2.480000	1.724800
0.071600	2.400000	1.724800
0.071640	2.400000	1.724000
0.071680	2.400000	1.723200
0.071720	2.480000	1.723200
0.071760	2.480000	1.722400
0.071800	2.400000	1.721600
0.071840	2.480000	1.723200
0.071880	2.400000	1.720800
0.071920	2.640000	1.721600
0.071960	2.480000	1.720800
0.072000	2.480000	1.720000
0.072040	2.560000	1.720800
0.072080	2.480000	1.719200
0.072120	2.480000	1.720000
0.072160	2.560000	1.719200
0.072200	2.480000	1.719200
0.072240	2.480000	1.718400
0.072280	2.480000	1.718400
0.072320	2.480000	1.717600
0.072360	2.480000	1.718400
0.072400	2.480000	1.717600
0.072440	2.480000	1.717600
0.072480	2.560000	1.718400
0.072520	2.560000	1.718400
0.072560	2.560000	1.718400
0.072600	2.480000	1.717600
0.072640	2.560000	1.717600
0.072680	2.560000	1.718400
0.072720	2.640000	1.716800
0.072760	2.560000	1.718400
0.072800	2.480000	1.717600
0.072840	2.640000	1.718400
0.072880	2.480000	1.720000
0.072920	2.560000	1.718400
0.072960	2.560000	1.718400
0.073000	2.560000	1.718400
0.073040	2.560000	1.718400
0.073080	2.560000	1.718400
0.073120	2.640000	1.720000
0.073160	2.560000	1.720000
0.073200	2.640000	1.718400
0.073240	2.640000	1.720000
0.073280	2.640000	1.720000
0.073320	2.640000	1.719200
0.073360	2.640000	1.719200
0.073400	2.640000	1.721600
0.073440	2.640000	1.720800
0.073480	2.640000	1.720800
0.073520	2.640000	1.720800
0.073560	2.640000	1.720800
0.073600	2.480000	1.720800
0.073640	2.640000	1.720800
0.073680	2.640000	1.721600
0.073720	2.640000	1.721600
0.073760	2.640000	1.721600
0.073800	2.720000	1.721600
0.073840	2.720000	1.720800
0.073880	2.640000	1.721600
0.073920	2.640000	1.721600
0.073960	2.720000	1.722400
0.074000	2.720000	1.722400
0.074040	2.720000	1.723200
0.074080	2.640000	1.722400
0.074120	2.720000	1.722400
0.074160	2.720000	1.723200
0.074200	2.720000	1.723200
0.074240	2.720000	1.723200
0.074280	2.720000	1.723200
0.074320	2.720000	1.724000
0.074360	2.800000	1.724800
0.074400	2.720000	1.724800
0.074440	2.800000	1.724800
0.074480	2.720000	1.724800
0.074520	2.800000	1.724800
0.074560	2.720000	1.724800
0.074600	2.720000	1.725600
0.074640	2.800000	1.724800
0.074680	2.800000	1.724800
0.074720	2.720000	1.724800
0.074760	2.720000	1.725600
0.074800	2.720000	1.724800
0.074840	2.800000	1.726400
0.074880	2.800000	1.724800
0.074920	2.800000	1.727200
0.074960	2.720000	1.724800
0.075000	2.800000	1.724800
0.075040	2.720000	1.726400
0.075080	2.800000	1.726400
0.075120	2.720000	1.725600
0.075160	2.800000	1.727200
0.075200	2.800000	1.726400
0.075240	2.800000	1.725600
0.075280	2.800000	1.726400
0.075320	2.800000	1.726400
0.075360	2.880000	1.727200
0.075400	2.880000	1.727200
0.075440	2.880000	1.727200
0.075480	2.880000	1.727200
0.075520	2.800000	1.728000
0.075560	2.800000	1.727200
0.075600	2.800000	1.728000
0.075640	2.800000	1.728000
0.075680	2.880000	1.728000
0.075720	2.800000	1.729600
0.075760	2.800000	1.728800
0.075800	2.880000	1.728000
0.075840	2.880000	1.728000
0.075880	2.800000	1.728800
0.075920	2.880000	1.729600
0.075960	2.880000	1.728000
0.076000	2.880000	1.728800
0.076040	2.880000	1.728800
0.076080	2.880000	1.728800
0.076120	2.880000	1.728800
0.076160	2.880000	1.729600
0.076200	2.960000	1.730400
0.076240	2.880000	1.729600
0.076280	2.880000	1.728800
0.076320	2.960000	1.729600
0.076360	2.960000	1.730400
0.076400	2.960000	1.729600
0.076440	2.800000	1.729600
0.076480	2.880000	1.728800
0.076520	2.960000	1.729600
0.076560	2.960000	1.730400
0.076600	2.960000	1.730400
0.076640	2.960000	1.730400
0.076680	2.960000	1.730400
0.076720	2.960000	1.730400
0.076760	2.960000	1.730400
0.076800	2.960000	1.732000
0.076840	2.960000	1.731200
0.076880	2.960000	1.731200
0.076920	2.960000	1.730400
0.076960	2.880000	1.731200
0.077000	3.040000	1.731200
0.077040	2.960000	1.732000
0.077080	2.960000	1.731200
0.077120	2.960000	1.732000
0.077160	2.960000	1.731200
0.077200	2.960000	1.731200
0.077240	2.960000	1.730400
0.077280	2.960000	1.731200
0.077320	2.960000	1.730400
0.077360	2.960000	1.732000
0.077400	3.040000	1.732800
0.077440	2.960000	1.732000
0.077480	2.960000	1.732000
0.077520	3.040000	1.732000
0.077560	2.960000	1.732000
0.077600	2.960000	1.732800
0.077640	3.040000	1.732800
0.077680	3.040000	1.733600
0.077720	3.040000	1.732800
0.077760	2.960000	1.732000
0.077800	2.960000	1.732800
0.077840	3.040000	1.732000
0.077880	3.040000	1.732800
0.077920	3.120000	1.732800
0.077960	3.040000	1.733600
0.078000	3.040000	1.732800
0.078040	3.040000	1.732800
0.078080	3.040000	1.732000
0.078120	3.120000	1.733600
0.078160	3.120000	1.732800
0.078200	3.120000	1.733600
0.078240	3.120000	1.733600
0.078280	3.120000	1.732800
0.078320	3.120000	1.732000
0.078360	3.120000	1.733600
0.078400	3.120000	1.733600
0.078440	3.120000	1.732800
0.078480	3.120000	1.733600
0.078520	3.120000	1.734400
0.078560	3.120000	1.733600
0.078600	3.120000	1.734400
0.078640	3.120000	1.733600
0.078680	3.120000	1.733600
0.078720	3.120000	1.733600
0.078760	3.120000	1.734400
0.078800	3.040000	1.733600
0.078840	3.120000	1.732800
0.078880	3.120000	1.733600
0.078920	3.120000	1.733600
0.078960	3.120000	1.735200
0.079000	3.120000	1.734400
0.079040	3.200000	1.733600
0.079080	3.120000	1.734400
0.079120	3.200000	1.734400
0.079160	3.200000	1.734400
0.079200	3.200000	1.734400
0.079240	3.200000	1.734400
0.079280	3.200000	1.734400
0.079320	3.200000	1.734400
0.079360	3.200000	1.734400
0.079400	3.200000	1.735200
0.079440	3.120000	1.735200
0.079480	3.200000	1.735200
0.079520	3.200000	1.736000
0.079560	3.200000	1.734400
0.079600	3.200000	1.734400
0.079640	3.200000	1.735200
0.079680	3.200000	1.735200
0.079720	3.200000	1.736000
0.079760	3.200000	1.734400
0.079800	3.280000	1.734400
0.079840	3.200000	1.734400
0.079880	3.200000	1.736000
0.079920	3.200000	1.735200
0.079960	3.200000	1.736000
0.080000	3.280000	1.735200
0.080040	3.280000	1.735200
0.080080	3.280000	1.736000
0.080120	3.360000	1.735200
0.080160	3.280000	1.735200
0.080200	3.280000	1.736000
0.080240	3.280000	1.734400
0.080280	3.280000	1.734400
0.080320	3.200000	1.735200
0.080360	3.280000	1.735200
0.080400	3.280000	1.736000
0.080440	3.360000	1.735200
0.080480	3.280000	1.736000
0.080520	3.280000	1.736000
0.080560	3.360000	1.735200
0.080600	3.280000	1.736000
0.080640	3.360000	1.735200
0.080680	3.360000	1.735200
0.080720	3.360000	1.736000
0.080760	3.360000	1.736000
0.080800	3.280000	1.736000
0.080840	3.360000	1.736000
0.080880	3.280000	1.735200
0.080920	3.360000	1.736000
0.080960	3.280000	1.736000
0.081000	3.360000	1.736000
0.081040	3.440000	1.735200
0.081080	3.360000	1.736000
0.081120	3.440000	1.735200
0.081160	3.360000	1.736000
0.081200	3.360000	1.736800
0.081240	3.440000	1.736000
0.081280	3.360000	1.736000
0.081320	3.440000	1.736000
0.081360	3.440000	1.736800
0.081400	3.360000	1.736000
0.081440	3.360000	1.735200
0.081480	3.440000	1.736800
0.081520	3.440000	1.736800
0.081560	3.440000	1.736000
0.081600	3.440000	1.736000
0.081640	3.440000	1.736000
0.081680	3.440000	1.736000
0.081720	3.440000	1.736800
0.081760	3.440000	1.736800
0.081800	3.440000	1.736800
0.081840	3.520000	1.736000
0.081880	3.520000	1.736000
0.081920	3.440000	1.736800
0.081960	3.520000	1.736800
0.082000	3.440000	1.736800
0.082040	3.360000	1.736000
0.082080	3.520000	1.736800
0.082120	3.440000	1.736800
0.082160	3.520000	1.736800
0.082200	3.440000	1.736000
0.082240	3.520000	1.736800
0.082280	3.440000	1.736000
0.082320	3.440000	1.736800
0.082360	3.440000	1.736800
0.082400	3.520000	1.736000
0.082440	3.520000	1.736800
0.082480	3.520000	1.738400
0.082520	3.520000	1.736800
0.082560	3.440000	1.737600
0.082600	3.520000	1.737600
0.082640	3.520000	1.736800
0.082680	3.520000	1.736000
0.082720	3.520000	1.736000
0.082760	3.600000	1.737600
0.082800	3.600000	1.737600
0.082840	3.600000	1.737600
0.082880	3.520000	1.736800
0.082920	3.520000	1.736800
0.082960	3.600000	1.736800
0.083000	3.600000	1.737600
0.083040	3.600000	1.736800
0.083080	3.600000	1.736800
0.083120	3.600000	1.737600
0.083160	3.600000	1.736800
0.083200	3.600000	1.736800
0.083240	3.600000	1.736800
0.083280	3.600000	1.737600
0.083320	3.600000	1.736000
0.083360	3.600000	1.737600
0.083400	3.600000	1.736800
0.083440	3.600000	1.736800
0.083480	3.600000	1.737600
0.083520	3.600000	1.738400
0.083560	3.600000	1.737600
0.083600	3.600000	1.738400
0.083640	3.600000	1.737600
0.083680	3.600000	1.736000
0.083720	3.600000	1.738400
0.083760	3.680000	1.737600
0.083800	3.680000	1.738400
0.083840	3.680000	1.736800
0.083880	3.680000	1.736800
0.083920	3.600000	1.737600
0.083960	3.680000	1.737600
0.084000	3.680000	1.737600
0.084040	3.600000	1.737600
0.084080	3.600000	1.738400
0.084120	3.680000	1.738400
0.084160	3.680000	1.737600
0.084200	3.680000	1.736800
0.084240	3.680000	1.737600
0.084280	3.680000	1.738400
0.084320	3.680000	1.739200
0.084360	3.680000	1.738400
0.084400	3.680000	1.737600
0.084440	3.680000	1.736000
0.084480	3.680000	1.738400
0.084520	3.760000	1.737600
0.084560	3.680000	1.737600
0.084600	3.760000	1.737600
0.084640	3.760000	1.737600
0.084680	3.680000	1.737600
0.084720	3.680000	1.737600
0.084760	3.760000	1.738400
0.084800	3.760000	1.737600
0.084840	3.680000	1.737600
0.084880	3.760000	1.737600
0.084920	3.680000	1.737600
0.084960	3.760000	1.736800
0.085000	3.760000	1.738400
0.085040	3.760000	1.737600
0.085080	3.760000	1.737600
0.085120	3.760000	1.737600
0.085160	3.760000	1.737600
0.085200	3.760000	1.736800
0.085240	3.760000	1.738400
0.085280	3.760000	1.738400
0.085320	3.760000	1.738400
0.085360	3.760000	1.738400
0.085400	3.840000	1.737600
0.085440	3.760000	1.736800
0.085480	3.760000	1.737600
0.085520	3.840000	1.738400
0.085560	3.760000	1.738400
0.085600	3.760000	1.738400
0.085640	3.760000	1.738400
0.085680	3.760000	1.737600
0.085720	3.840000	1.738400
0.085760	3.840000	1.738400
0.085800	3.840000	1.738400
0.085840	3.840000	1.739200
0.085880	3.760000	1.738400
0.085920	3.840000	1.737600
0.085960	3.840000	1.738400
0.086000	3.840000	1.739200
0.086040	3.840000	1.739200
0.086080	3.840000	1.738400
0.086120	3.840000	1.738400
0.086160	3.840000	1.737600
0.086200	3.760000	1.738400
0.086240	3.920000	1.739200
0.086280	3.920000	1.738400
0.086320	3.840000	1.738400
0.086360	3.840000	1.739200
0.086400	3.920000	1.738400
0.086440	3.920000	1.738400
0.086480	3.840000	1.738400
0.086520	3.920000	1.739200
0.086560	3.920000	1.738400
0.086600	3.920000	1.738400
0.086640	3.920000	1.738400
0.086680	3.920000	1.738400
0.086720	3.920000	1.738400
0.086760	3.920000	1.737600
0.086800	4.000000	1.738400
0.086840	3.840000	1.739200
0.086880	3.920000	1.739200
0.086920	3.920000	1.737600
0.086960	3.840000	1.738400
0.087000	3.920000	1.738400
0.087040	3.920000	1.739200
0.087080	3.920000	1.738400
0.087120	3.920000	1.739200
0.087160	3.920000	1.737600
0.087200	3.920000	1.738400
0.087240	3.920000	1.738400
0.087280	4.000000	1.740000
0.087320	3.920000	1.738400
0.087360	3.920000	1.738400
0.087400	4.000000	1.739200
0.087440	4.000000	1.738400
0.087480	3.920000	1.739200
0.087520	4.000000	1.738400
0.087560	4.080000	1.739200
0.087600	3.920000	1.740000
0.087640	4.000000	1.739200
0.087680	4.000000	1.738400
0.087720	4.000000	1.739200
0.087760	4.080000	1.738400
0.087800	4.000000	1.739200
0.087840	3.920000	1.739200
0.087880	4.080000	1.738400
0.087920	3.920000	1.738400
0.087960	4.000000	1.740000
0.088000	4.000000	1.740000
0.088040	4.000000	1.739200
0.088080	4.080000	1.740000
0.088120	4.080000	1.739200
0.088160	4.000000	1.739200
0.088200	4.080000	1.739200
0.088240	4.080000	1.738400
0.088280	4.080000	1.739200
0.088320	4.080000	1.739200
0.088360	4.160000	1.739200
0.088400	4.080000	1.740000
0.088440	4.080000	1.739200
0.088480	4.080000	1.739200
0.088520	4.160000	1.740000
0.088560	4.160000	1.739200
0.088600	4.080000	1.740000
0.088640	4.080000	1.738400
0.088680	4.080000	1.738400
0.088720	4.080000	1.740000
0.088760	4.080000	1.740000
0.088800	4.160000	1.739200
0.088840	4.080000	1.738400
0.088880	4.160000	1.739200
0.088920	4.240000	1.740000
0.088960	4.080000	1.739200
0.089000	4.160000	1.739200
0.089040	4.160000	1.739200
0.089080	4.160000	1.739200
0.089120	4.160000	1.740000
0.089160	4.160000	1.739200
0.089200	4.160000	1.739200
0.089240	4.080000	1.739200
0.089280	4.160000	1.738400
0.089320	4.160000	1.738400
0.089360	4.160000	1.740000
0.089400	4.160000	1.740800
0.089440	4.160000	1.740000
0.089480	4.160000	1.740000
0.089520	4.080000	1.739200
0.089560	4.240000	1.738400
0.089600	4.160000	1.739200
0.089640	4.240000	1.739200
0.089680	4.240000	1.740000
0.089720	4.240000	1.739200
0.089760	4.240000	1.740000
0.089800	4.080000	1.739200
0.089840	4.240000	1.739200
0.089880	4.240000	1.739200
0.089920	4.240000	1.739200
0.089960	4.240000	1.739200
0.090000	4.240000	1.740000
0.090040	4.240000	1.739200
0.090080	4.240000	1.738400
0.090120	4.240000	1.740000
0.090160	4.240000	1.740000
0.090200	4.240000	1.739200
0.090240	4.240000	1.739200
0.090280	4.320000	1.740000
0.090320	4.240000	1.739200
0.090360	4.240000	1.740000
0.090400	4.320000	1.740800
0.090440	4.240000	1.740800
0.090480	4.240000	1.739200
0.090520	4.160000	1.740000
0.090560	4.320000	1.740000
0.090600	4.240000	1.740800
0.090640	4.320000	1.739200
0.090680	4.320000	1.740800
0.090720	4.320000	1.740000
0.090760	4.320000	1.740000
0.090800	4.320000	1.740000
0.090840	4.240000	1.740000
0.090880	4.240000	1.740000
0.090920	4.240000	1.740000
0.090960	4.240000	1.740000
0.091000	4.320000	1.740800
0.091040	4.320000	1.739200
0.091080	4.400000	1.740000
0.091120	4.400000	1.739200
0.091160	4.320000	1.739200
0.091200	4.400000	1.740000
0.091240	4.400000	1.739200
0.091280	4.320000	1.738400
0.091320	4.480000	1.740000
0.091360	4.320000	1.740000
0.091400	4.320000	1.740000
0.091440	4.320000	1.740000
0.091480	4.320000	1.739200
0.091520	4.400000	1.740800
0.091560	4.320000	1.740800
0.091600	4.400000	1.740800
0.091640	4.400000	1.740000
0.091680	4.400000	1.740000
0.091720	4.400000	1.740000
0.091760	4.400000	1.739200
0.091800	4.320000	1.740000
0.091840	4.400000	1.740000
0.091880	4.480000	1.740000
0.091920	4.400000	1.740800
0.091960	4.400000	1.740800
0.092000	4.400000	1.740000
0.092040	4.400000	1.740800
0.092080	4.480000	1.740000
0.092120	4.480000	1.740800
0.092160	4.400000	1.740800
0.092200	4.400000	1.740000
0.092240	4.400000	1.739200
0.092280	4.480000	1.740800
0.092320	4.480000	1.740800
0.092360	4.400000	1.740000
0.092400	4.560000	1.740800
0.092440	4.480000	1.740800
0.092480	4.480000	1.740000
0.092520	4.560000	1.740000
0.092560	4.400000	1.740800
0.092600	4.480000	1.740800
0.092640	4.480000	1.740000
0.092680	4.480000	1.740000
0.092720	4.480000	1.739200
0.092760	4.400000	1.740000
0.092800	4.400000	1.738400
0.092840	4.480000	1.738400
0.092880	4.480000	1.739200
0.092920	4.400000	1.740800
0.092960	4.560000	1.740000
0.093000	4.480000	1.740800
0.093040	4.480000	1.740000
0.093080	4.560000	1.740000
0.093120	4.560000	1.740000
0.093160	4.560000	1.739200
0.093200	4.560000	1.740000
0.093240	4.560000	1.740800
0.093280	4.480000	1.740000
0.093320	4.560000	1.741600
0.093360	4.480000	1.739200
0.093400	4.560000	1.740000
0.093440	4.480000	1.740000
0.093480	4.480000	1.739200
0.093520	4.560000	1.740000
0.093560	4.560000	1.739200
0.093600	4.560000	1.740000
0.093640	4.560000	1.739200
0.093680	4.560000	1.739200
0.093720	4.560000	1.740800
0.093760	4.560000	1.740800
0.093800	4.560000	1.739200
0.093840	4.560000	1.739200
0.093880	4.640000	1.740000
0.093920	4.560000	1.740800
0.093960	4.560000	1.739200
0.094000	4.560000	1.739200
0.094040	4.560000	1.740000
0.094080	4.560000	1.739200
0.094120	4.640000	1.740000
0.094160	4.640000	1.739200
0.094200	4.560000	1.740800
0.094240	4.640000	1.740800
0.094280	4.640000	1.740000
0.094320	4.560000	1.740800
0.094360	4.720000	1.740000
0.094400	4.640000	1.740800
0.094440	4.640000	1.740000
0.094480	4.640000	1.740000
0.094520	4.640000	1.739200
0.094560	4.640000	1.740000
0.094600	4.560000	1.740800
0.094640	4.640000	1.740000
0.094680	4.640000	1.740000
0.094720	4.720000	1.740000
0.094760	4.640000	1.740000
0.094800	4.800000	1.740800
0.094840	4.720000	1.740000
0.094880	4.800000	1.739200
0.094920	4.640000	1.740000
0.094960	4.720000	1.740800
0.095000	4.720000	1.740000
0.095040	4.720000	1.740000
0.095080	4.720000	1.739200
0.095120	4.720000	1.740000
0.095160	4.720000	1.740800
0.095200	4.720000	1.740800
0.095240	4.720000	1.740000
0.095280	4.720000	1.739200
0.095320	4.720000	1.739200
0.095360	4.720000	1.740000
0.095400	4.800000	1.740000
0.095440	4.720000	1.739200
0.095480	4.720000	1.739200
0.095520	4.800000	1.740000
0.095560	4.720000	1.740000
0.095600	4.720000	1.740000
0.095640	4.800000	1.740000
0.095680	4.800000	1.740800
0.095720	4.720000	1.739200
0.095760	4.800000	1.740800
0.095800	4.800000	1.740000
0.095840	4.720000	1.740000
0.095880	4.720000	1.740800
0.095920	4.800000	1.740000
0.095960	4.800000	1.740000
0.096000	4.720000	1.740000
0.096040	4.720000	1.740000
0.096080	4.800000	1.740000
0.096120	4.880000	1.740000
0.096160	4.800000	1.740800
0.096200	4.800000	1.739200
0.096240	4.880000	1.740800
0.096280	4.800000	1.740000
0.096320	4.960000	1.740800
0.096360	4.880000	1.740000
0.096400	4.880000	1.740800
0.096440	4.880000	1.739200
0.096480	4.880000	1.740000
0.096520	4.880000	1.739200
0.096560	4.960000	1.739200
0.096600	4.960000	1.740800
0.096640	4.880000	1.740000
0.096680	4.880000	1.740000
0.096720	4.880000	1.740800
0.096760	4.800000	1.742400
0.096800	4.880000	1.740800
0.096840	4.880000	1.740800
0.096880	4.880000	1.740800
0.096920	4.880000	1.740800
0.096960	4.880000	1.740000
0.097000	4.800000	1.740800
0.097040	4.880000	1.740000
0.097080	4.960000	1.740800
0.097120	4.960000	1.740000
0.097160	4.960000	1.740000
0.097200	4.880000	1.741600
0.097240	4.880000	1.740000
0.097280	4.960000	1.741600
0.097320	4.960000	1.740800
0.097360	4.960000	1.740000
0.097400	4.880000	1.740800
0.097440	4.880000	1.740000
0.097480	5.040000	1.740000
0.097520	4.960000	1.740800
0.097560	4.960000	1.740800
0.097600	5.040000	1.740000
0.097640	5.040000	1.740800
0.097680	4.960000	1.739200
0.097720	4.880000	1.740800
0.097760	4.880000	1.740000
0.097800	4.960000	1.740800
0.097840	4.960000	1.740000
0.097880	5.040000	1.740000
0.097920	4.960000	1.740800
0.097960	5.040000	1.740000
0.098000	5.040000	1.740000
0.098040	5.040000	1.740800
0.098080	4.960000	1.740800
0.098120	5.040000	1.739200
0.098160	4.960000	1.740800
0.098200	5.040000	1.740000
0.098240	5.040000	1.740000
0.098280	5.120000	1.740800
0.098320	5.040000	1.740000
0.098360	5.040000	1.740000
0.098400	5.040000	1.740000
0.098440	5.040000	1.740800
0.098480	5.040000	1.740800
0.098520	5.040000	1.740800
0.098560	5.040000	1.740800
0.098600	5.120000	1.740800
0.098640	5.040000	1.740000
0.098680	5.040000	1.740000
0.098720	5.120000	1.740800
0.098760	5.040000	1.740800
0.098800	5.040000	1.740800
0.098840	5.040000	1.740800
0.098880	5.040000	1.740800
0.098920	5.120000	1.740800
0.098960	5.120000	1.740800
0.099000	5.120000	1.740800
0.099040	5.040000	1.740800
0.099080	5.120000	1.740800
0.099120	5.120000	1.740000
0.099160	5.120000	1.739200
0.099200	5.200000	1.740000
0.099240	5.200000	1.740800
0.099280	5.120000	1.740800
0.099320	5.120000	1.740800
0.099360	5.120000	1.740800
0.099400	5.120000	1.740000
0.099440	5.120000	1.740800
0.099480	5.200000	1.740800
0.099520	5.200000	1.740800
0.099560	5.120000	1.740000
0.099600	5.200000	1.740000
0.099640	5.200000	1.740800
0.099680	5.200000	1.740800
0.099720	5.200000	1.740000
0.099760	5.200000	1.740800
0.099800	5.200000	1.740000
0.099840	5.200000	1.740800
0.099880	5.200000	1.741600
0.099920	5.200000	1.740800
0.099960	5.200000	1.740800
