0.000000	44.400000	1.684000
0.000400	44.400000	1.684000
0.000800	44.400000	1.684000
0.001200	44.400000	1.684000
0.001600	44.400000	1.683200
0.002000	44.800000	1.684000
0.002400	44.400000	1.684000
0.002800	44.800000	1.684000
0.003200	44.800000	1.684800
0.003600	44.800000	1.684000
0.004000	44.800000	1.683200
0.004400	44.800000	1.683200
0.004800	44.800000	1.684000
0.005200	44.800000	1.684000
0.005600	44.800000	1.684000
0.006000	45.200000	1.684000
0.006400	45.200000	1.683200
0.006800	44.800000	1.684000
0.007200	44.800000	1.682400
0.007600	45.200000	1.684800
0.008000	45.200000	1.683200
0.008400	45.200000	1.684000
0.008800	45.200000	1.684000
0.009200	45.200000	1.683200
0.009600	45.200000	1.683200
0.010000	45.200000	1.684000
0.010400	45.600000	1.684000
0.010800	45.600000	1.683200
0.011200	45.600000	1.684000
0.011600	45.600000	1.684800
0.012000	45.600000	1.683200
0.012400	45.600000	1.684000
0.012800	46.000000	1.684000
0.013200	45.600000	1.684800
0.013600	45.600000	1.684000
0.014000	45.600000	1.684000
0.014400	45.600000	1.684800
0.014800	45.600000	1.684000
0.015200	45.600000	1.684800
0.015600	46.000000	1.684800
0.016000	45.600000	1.684800
0.016400	45.600000	1.684800
0.016800	46.000000	1.684800
0.017200	45.600000	1.685600
0.017600	46.000000	1.684000
0.018000	46.000000	1.684800
0.018400	46.000000	1.684000
0.018800	46.000000	1.684000
0.019200	46.400000	1.684000
0.019600	46.400000	1.684000
0.020000	46.000000	1.684000
0.020400	-46.000000	1.684000
0.020800	-46.000000	1.683200
0.021200	-46.000000	1.683200
0.021600	-46.000000	1.681600
0.022000	-46.000000	1.682400
0.022400	-46.000000	1.680800
0.022800	-46.000000	1.636000
0.023200	-46.000000	1.636000
0.023600	-46.000000	1.640800
0.024000	-46.000000	1.645600
0.024400	-46.000000	1.648000
0.024800	-46.000000	1.652000
0.025200	-46.000000	1.654400
0.025600	-45.600000	1.657600
0.026000	-45.600000	1.660000
0.026400	-45.600000	1.660800
0.026800	-45.200000	1.664000
0.027200	-45.200000	1.664800
0.027600	-44.800000	1.666400
0.028000	-44.800000	1.667200
0.028400	-44.800000	1.668800
0.028800	-44.800000	1.669600
0.029200	-44.400000	1.669600
0.029600	-44.800000	1.670400
0.030000	-44.400000	1.672000
0.030400	-44.800000	1.672800
0.030800	-44.400000	1.672800
0.031200	-44.400000	1.673600
0.031600	-44.400000	1.675200
0.032000	-44.400000	1.676800
0.032400	-44.400000	1.676800
0.032800	-44.400000	1.677600
0.033200	-44.000000	1.677600
0.033600	-44.000000	1.676800
0.034000	-44.000000	1.678400
0.034400	-44.000000	1.679200
0.034800	-44.000000	1.679200
0.035200	-44.000000	1.680800
0.035600	-44.000000	1.680000
0.036000	-44.000000	1.680000
0.036400	-44.000000	1.680800
0.036800	-43.600000	1.681600
0.037200	-43.200000	1.680800
0.037600	-43.600000	1.681600
0.038000	-43.600000	1.681600
0.038400	-43.200000	1.681600
0.038800	-43.600000	1.681600
0.039200	-43.600000	1.681600
0.039600	-43.200000	1.682400
0.040000	-43.200000	1.680800
0.040400	-43.200000	1.682400
0.040800	-43.200000	1.680800
0.041200	-43.200000	1.682400
0.041600	-43.200000	1.682400
0.042000	-43.200000	1.683200
0.042400	-42.800000	1.682400
0.042800	-42.800000	1.683200
0.043200	-42.800000	1.682400
0.043600	-42.800000	1.682400
0.044000	-42.800000	1.682400
0.044400	-42.800000	1.682400
0.044800	-42.800000	1.684000
0.045200	-42.800000	1.683200
0.045600	-42.800000	1.684000
0.046000	-42.400000	1.684800
0.046400	-42.800000	1.684000
0.046800	-42.800000	1.684000
0.047200	-42.800000	1.684000
0.047600	-42.800000	1.684000
0.048000	-42.800000	1.684000
0.048400	-42.400000	1.684000
0.048800	-42.400000	1.684000
0.049200	-42.800000	1.684000
0.049600	-42.400000	1.684800
0.050000	-42.400000	1.684000
0.050400	-42.400000	1.683200
0.050800	-42.400000	1.683200
0.051200	-42.400000	1.684000
0.051600	-42.400000	1.684000
0.052000	-42.400000	1.684800
0.052400	-42.400000	1.684800
0.052800	-42.000000	1.684000
0.053200	-42.000000	1.684000
0.053600	-42.000000	1.683200
0.054000	-42.000000	1.684800
0.054400	-42.400000	1.684800
0.054800	-42.000000	1.684000
0.055200	-41.600000	1.684800
0.055600	-42.000000	1.684800
0.056000	-42.000000	1.684800
0.056400	-42.000000	1.684000
0.056800	-41.600000	1.683200
0.057200	-41.600000	1.683200
0.057600	-41.600000	1.684800
0.058000	-41.200000	1.684000
0.058400	-41.200000	1.684800
0.058800	-41.200000	1.684000
0.059200	-41.200000	1.683200
0.059600	-41.200000	1.684000
0.060000	-41.200000	1.683200
0.060400	-41.200000	1.684000
0.060800	-41.200000	1.684000
0.061200	-41.200000	1.684000
0.061600	-41.200000	1.684000
0.062000	-41.200000	1.684000
0.062400	-41.200000	1.685600
0.062800	-41.200000	1.684800
0.063200	-41.200000	1.684800
0.063600	-41.200000	1.684000
0.064000	-41.200000	1.684800
0.064400	-41.200000	1.685600
0.064800	-40.800000	1.685600
0.065200	-41.200000	1.686400
0.065600	-40.800000	1.685600
0.066000	-41.200000	1.684800
0.066400	-41.200000	1.685600
0.066800	-41.200000	1.684800
0.067200	-40.800000	1.685600
0.067600	-40.800000	1.684800
0.068000	-40.800000	1.684800
0.068400	-40.800000	1.685600
0.068800	-40.800000	1.684800
0.069200	-40.800000	1.684000
0.069600	-40.800000	1.684000
0.070000	-40.400000	1.683200
0.070400	-40.400000	1.684000
0.070800	-40.400000	1.684000
0.071200	-40.400000	1.684000
0.071600	-40.400000	1.684000
0.072000	-40.400000	1.684000
0.072400	-40.400000	1.683200
0.072800	-40.000000	1.684000
0.073200	-40.400000	1.684800
0.073600	-40.000000	1.684800
0.074000	-40.000000	1.684000
0.074400	-40.000000	1.685600
0.074800	-40.000000	1.684000
0.075200	-40.000000	1.683200
0.075600	-40.000000	1.684000
0.076000	-39.600000	1.684000
0.076400	-39.600000	1.683200
0.076800	-40.000000	1.684000
0.077200	-40.000000	1.683200
0.077600	-39.600000	1.684000
0.078000	-40.000000	1.684000
0.078400	-40.000000	1.683200
0.078800	-39.600000	1.684000
0.079200	-39.600000	1.684800
0.079600	-39.600000	1.684000
0.080000	-39.600000	1.684000
0.080400	-39.600000	1.684000
0.080800	-39.200000	1.684000
0.081200	-39.600000	1.684800
0.081600	-39.600000	1.684000
0.082000	-39.600000	1.684800
0.082400	-39.200000	1.684800
0.082800	-39.200000	1.684800
0.083200	-39.600000	1.684800
0.083600	-39.600000	1.684800
0.084000	-39.200000	1.685600
0.084400	-39.200000	1.684000
0.084800	-39.200000	1.684000
0.085200	-39.600000	1.684800
0.085600	-39.200000	1.685600
0.086000	-39.200000	1.684800
0.086400	-38.800000	1.685600
0.086800	-39.200000	1.684000
0.087200	-38.800000	1.684000
0.087600	-38.800000	1.683200
0.088000	-39.200000	1.684000
0.088400	-38.800000	1.684800
0.088800	-38.800000	1.684000
0.089200	-38.800000	1.684000
0.089600	-38.800000	1.683200
0.090000	-38.800000	1.683200
0.090400	-38.400000	1.684000
0.090800	-38.400000	1.684000
0.091200	-38.400000	1.684000
0.091600	-38.400000	1.683200
0.092000	-38.400000	1.684000
0.092400	-38.400000	1.683200
0.092800	-38.400000	1.683200
0.093200	-38.400000	1.684000
0.093600	-38.400000	1.684000
0.094000	-38.400000	1.682400
0.094400	-38.400000	1.684000
0.094800	-38.000000	1.684000
0.095200	-38.000000	1.684000
0.095600	-38.000000	1.684000
0.096000	-38.000000	1.684800
0.096400	-38.000000	1.685600
0.096800	-38.000000	1.684800
0.097200	-38.000000	1.683200
0.097600	-38.000000	1.684000
0.098000	-38.000000	1.684800
0.098400	-38.000000	1.683200
0.098800	-37.600000	1.684000
0.099200	-37.600000	1.683200
0.099600	-37.600000	1.684000
0.100000	-37.600000	1.684000
0.100400	-37.600000	1.683200
0.100800	-37.600000	1.683200
0.101200	-37.600000	1.681600
0.101600	-37.600000	1.684000
0.102000	-37.600000	1.683200
0.102400	-37.600000	1.682400
0.102800	-37.600000	1.684000
0.103200	-37.600000	1.683200
0.103600	-37.600000	1.684000
0.104000	-37.200000	1.682400
0.104400	-37.200000	1.682400
0.104800	-37.200000	1.682400
0.105200	-37.200000	1.683200
0.105600	-36.800000	1.682400
0.106000	-37.200000	1.681600
0.106400	-36.800000	1.681600
0.106800	-37.200000	1.681600
0.107200	-37.200000	1.680800
0.107600	-36.800000	1.681600
0.108000	-36.800000	1.680000
0.108400	-36.800000	1.680800
0.108800	-36.800000	1.680000
0.109200	-36.800000	1.680800
0.109600	-36.800000	1.680000
0.110000	-36.800000	1.680800
0.110400	-36.400000	1.680800
0.110800	-36.400000	1.680000
0.111200	-36.400000	1.681600
0.111600	-36.400000	1.680800
0.112000	-36.400000	1.681600
0.112400	-36.400000	1.680800
0.112800	-36.400000	1.682400
0.113200	-36.400000	1.682400
0.113600	-36.400000	1.682400
0.114000	-36.400000	1.682400
0.114400	-36.400000	1.682400
0.114800	-36.400000	1.683200
0.115200	-36.400000	1.682400
0.115600	-36.400000	1.684000
0.116000	-36.400000	1.683200
0.116400	-36.400000	1.683200
0.116800	-36.000000	1.684000
0.117200	-36.400000	1.683200
0.117600	-36.000000	1.682400
0.118000	-36.000000	1.684000
0.118400	-36.000000	1.682400
0.118800	-36.000000	1.681600
0.119200	-36.000000	1.683200
0.119600	-36.000000	1.684000
0.120000	-36.000000	1.684000
0.120400	-36.000000	1.684000
0.120800	-35.600000	1.682400
0.121200	-35.600000	1.683200
0.121600	-36.000000	1.682400
0.122000	-35.600000	1.683200
0.122400	-35.600000	1.681600
0.122800	-35.600000	1.683200
0.123200	-35.600000	1.682400
0.123600	-35.600000	1.682400
0.124000	-35.200000	1.683200
0.124400	-35.200000	1.683200
0.124800	-35.200000	1.683200
0.125200	-35.200000	1.683200
0.125600	-35.200000	1.683200
0.126000	-35.200000	1.684000
0.126400	-35.200000	1.684000
0.126800	-35.200000	1.683200
0.127200	-35.200000	1.684000
0.127600	-35.200000	1.683200
0.128000	-34.800000	1.683200
0.128400	-35.200000	1.683200
0.128800	-34.800000	1.683200
0.129200	-34.800000	1.683200
0.129600	-34.800000	1.682400
0.130000	-34.800000	1.683200
0.130400	-35.200000	1.683200
0.130800	-34.800000	1.683200
0.131200	-34.800000	1.682400
0.131600	-34.400000	1.683200
0.132000	-34.800000	1.684800
0.132400	-34.400000	1.684000
0.132800	-34.800000	1.684000
0.133200	-34.800000	1.683200
0.133600	-34.800000	1.684800
0.134000	-34.400000	1.683200
0.134400	-34.400000	1.683200
0.134800	-34.400000	1.684000
0.135200	-34.800000	1.684800
0.135600	-34.400000	1.684800
0.136000	-34.400000	1.684000
0.136400	-34.400000	1.681600
0.136800	-34.400000	1.684000
0.137200	-34.400000	1.683200
0.137600	-34.400000	1.684000
0.138000	-34.000000	1.682400
0.138400	-34.000000	1.683200
0.138800	-34.400000	1.683200
0.139200	-34.000000	1.683200
0.139600	-34.000000	1.683200
0.140000	-33.600000	1.682400
0.140400	-34.000000	1.681600
0.140800	-33.600000	1.681600
0.141200	-34.000000	1.681600
0.141600	-33.600000	1.682400
0.142000	-33.600000	1.681600
0.142400	-33.600000	1.683200
0.142800	-33.200000	1.682400
0.143200	-33.600000	1.683200
0.143600	-33.600000	1.683200
0.144000	-33.200000	1.683200
0.144400	-33.200000	1.683200
0.144800	-33.200000	1.682400
0.145200	-33.200000	1.684000
0.145600	-33.200000	1.682400
0.146000	-33.200000	1.683200
0.146400	-33.200000	1.684000
0.146800	-33.200000	1.682400
0.147200	-33.200000	1.684000
0.147600	-33.200000	1.683200
0.148000	-33.200000	1.684000
0.148400	-33.200000	1.683200
0.148800	-32.800000	1.683200
0.149200	-33.200000	1.684000
0.149600	-33.200000	1.683200
0.150000	-33.200000	1.682400
0.150400	-33.200000	1.681600
0.150800	-32.800000	1.682400
0.151200	-33.200000	1.681600
0.151600	-32.800000	1.683200
0.152000	-32.800000	1.682400
0.152400	-32.800000	1.684000
0.152800	-32.800000	1.682400
0.153200	-32.800000	1.682400
0.153600	-32.400000	1.683200
0.154000	-32.800000	1.683200
0.154400	-32.800000	1.683200
0.154800	-32.400000	1.682400
0.155200	-32.800000	1.682400
0.155600	-32.400000	1.681600
0.156000	-32.400000	1.683200
0.156400	-32.800000	1.683200
0.156800	-32.400000	1.682400
0.157200	-32.400000	1.683200
0.157600	-32.000000	1.682400
0.158000	-32.400000	1.681600
0.158400	-32.000000	1.682400
0.158800	-32.000000	1.683200
0.159200	-32.000000	1.681600
0.159600	-32.000000	1.680800
0.160000	-32.000000	1.682400
0.160400	-32.000000	1.681600
0.160800	-31.600000	1.683200
0.161200	-32.000000	1.682400
0.161600	-32.000000	1.682400
0.162000	-31.600000	1.682400
0.162400	-32.000000	1.682400
0.162800	-31.600000	1.681600
0.163200	-31.600000	1.682400
0.163600	-31.600000	1.683200
0.164000	-31.600000	1.684000
0.164400	-31.600000	1.684000
0.164800	-31.600000	1.684000
0.165200	-31.600000	1.684000
0.165600	-31.600000	1.684000
0.166000	-31.600000	1.683200
0.166400	-31.600000	1.683200
0.166800	-31.600000	1.684000
0.167200	-31.600000	1.682400
0.167600	-31.600000	1.684000
0.168000	-31.600000	1.683200
0.168400	-31.600000	1.683200
0.168800	-31.200000	1.683200
0.169200	-31.600000	1.682400
0.169600	-31.200000	1.683200
0.170000	-31.200000	1.682400
0.170400	-31.200000	1.683200
0.170800	-31.200000	1.683200
0.171200	-31.200000	1.682400
0.171600	-30.800000	1.682400
0.172000	-30.800000	1.681600
0.172400	-30.800000	1.682400
0.172800	-30.800000	1.681600
0.173200	-30.800000	1.682400
0.173600	-30.800000	1.681600
0.174000	-30.800000	1.681600
0.174400	-30.400000	1.683200
0.174800	-30.400000	1.682400
0.175200	-30.400000	1.684000
0.175600	-30.400000	1.683200
0.176000	-30.400000	1.681600
0.176400	-30.400000	1.683200
0.176800	-30.400000	1.682400
0.177200	-30.400000	1.682400
0.177600	-30.000000	1.682400
0.178000	-30.000000	1.683200
0.178400	-30.000000	1.682400
0.178800	-30.000000	1.682400
0.179200	-30.400000	1.683200
0.179600	-30.000000	1.682400
0.180000	-30.000000	1.682400
0.180400	-30.000000	1.682400
0.180800	-30.000000	1.682400
0.181200	-30.000000	1.683200
0.181600	-30.000000	1.682400
0.182000	-30.000000	1.682400
0.182400	-30.000000	1.683200
0.182800	-30.000000	1.682400
0.183200	-30.000000	1.681600
0.183600	-30.000000	1.683200
0.184000	-30.000000	1.681600
0.184400	-30.000000	1.683200
0.184800	-30.000000	1.683200
0.185200	-30.000000	1.682400
0.185600	-29.600000	1.684000
0.186000	-29.600000	1.684000
0.186400	-29.600000	1.682400
0.186800	-29.600000	1.682400
0.187200	-29.200000	1.681600
0.187600	-29.200000	1.682400
0.188000	-29.600000	1.681600
0.188400	-29.200000	1.681600
0.188800	-29.200000	1.682400
0.189200	-29.200000	1.681600
0.189600	-29.200000	1.681600
0.190000	-28.800000	1.680800
0.190400	-28.800000	1.681600
0.190800	-28.800000	1.682400
0.191200	-28.800000	1.682400
0.191600	-28.800000	1.680800
0.192000	-28.800000	1.680800
0.192400	-28.800000	1.681600
0.192800	-28.800000	1.682400
0.193200	-28.800000	1.681600
0.193600	-28.800000	1.681600
0.194000	-28.400000	1.682400
0.194400	-28.800000	1.681600
0.194800	-28.800000	1.681600
0.195200	-28.400000	1.683200
0.195600	-28.400000	1.681600
0.196000	-28.800000	1.683200
0.196400	-28.800000	1.683200
0.196800	-28.400000	1.682400
0.197200	-28.400000	1.682400
0.197600	-28.400000	1.681600
0.198000	-28.000000	1.681600
0.198400	-28.400000	1.681600
0.198800	-28.400000	1.683200
0.199200	-28.400000	1.681600
0.199600	-28.400000	1.683200
0.200000	-28.400000	1.683200
0.200400	-28.400000	1.681600
0.200800	-28.000000	1.682400
0.201200	-28.000000	1.681600
0.201600	-28.000000	1.684000
0.202000	-28.000000	1.682400
0.202400	-28.000000	1.681600
0.202800	-28.000000	1.682400
0.203200	-28.000000	1.682400
0.203600	-27.600000	1.682400
0.204000	-28.000000	1.681600
0.204400	-28.000000	1.682400
0.204800	-27.600000	1.681600
0.205200	-27.600000	1.680800
0.205600	-27.600000	1.681600
0.206000	-27.600000	1.682400
0.206400	-27.600000	1.681600
0.206800	-27.600000	1.680800
0.207200	-27.600000	1.681600
0.207600	-27.200000	1.681600
0.208000	-27.200000	1.681600
0.208400	-27.200000	1.681600
0.208800	-27.200000	1.680800
0.209200	-27.200000	1.680000
0.209600	-27.200000	1.681600
0.210000	-27.200000	1.681600
0.210400	-27.200000	1.681600
0.210800	-26.800000	1.681600
0.211200	-26.800000	1.681600
0.211600	-26.800000	1.681600
0.212000	-26.800000	1.682400
0.212400	-26.800000	1.681600
0.212800	-26.800000	1.681600
0.213200	-27.200000	1.682400
0.213600	-26.800000	1.683200
0.214000	-26.800000	1.682400
0.214400	-26.400000	1.681600
0.214800	-26.800000	1.681600
0.215200	-26.800000	1.683200
0.215600	-26.800000	1.681600
0.216000	-26.400000	1.682400
0.216400	-26.400000	1.681600
0.216800	-26.400000	1.682400
0.217200	-26.400000	1.682400
0.217600	-26.400000	1.681600
0.218000	-26.400000	1.682400
0.218400	-26.400000	1.682400
0.218800	-26.400000	1.681600
0.219200	-26.400000	1.681600
0.219600	-26.400000	1.681600
0.220000	-26.400000	1.681600
0.220400	-26.400000	1.681600
0.220800	-26.400000	1.682400
0.221200	-26.000000	1.681600
0.221600	-26.000000	1.681600
0.222000	-26.000000	1.681600
0.222400	-26.400000	1.681600
0.222800	-26.000000	1.681600
0.223200	-25.600000	1.681600
0.223600	-26.000000	1.681600
0.224000	-26.000000	1.681600
0.224400	-25.600000	1.681600
0.224800	-25.600000	1.681600
0.225200	-25.600000	1.681600
0.225600	-25.600000	1.681600
0.226000	-25.600000	1.680800
0.226400	-25.600000	1.681600
0.226800	-25.600000	1.680800
0.227200	-25.600000	1.681600
0.227600	-25.600000	1.681600
0.228000	-25.200000	1.680800
0.228400	-25.600000	1.681600
0.228800	-25.600000	1.682400
0.229200	-25.600000	1.680800
0.229600	-25.200000	1.680000
0.230000	-25.200000	1.681600
0.230400	-25.600000	1.681600
0.230800	-25.200000	1.681600
0.231200	-25.200000	1.681600
0.231600	-25.200000	1.681600
0.232000	-25.200000	1.681600
0.232400	-25.200000	1.682400
0.232800	-25.200000	1.681600
0.233200	-25.200000	1.682400
0.233600	-25.200000	1.681600
0.234000	-24.800000	1.680800
0.234400	-25.200000	1.680000
0.234800	-24.800000	1.679200
0.235200	-24.800000	1.679200
0.235600	-24.800000	1.678400
0.236000	-24.800000	1.677600
0.236400	-24.800000	1.678400
0.236800	-24.400000	1.679200
0.237200	-24.800000	1.679200
0.237600	-24.400000	1.679200
0.238000	-24.400000	1.679200
0.238400	-24.800000	1.679200
0.238800	-24.800000	1.679200
0.239200	-24.400000	1.679200
0.239600	-24.400000	1.679200
0.240000	-24.000000	1.680000
0.240400	-24.400000	1.679200
0.240800	-24.400000	1.680800
0.241200	-24.000000	1.680000
0.241600	-24.000000	1.679200
0.242000	-24.000000	1.679200
0.242400	-24.000000	1.680000
0.242800	-24.000000	1.680800
0.243200	-23.600000	1.680800
0.243600	-24.000000	1.681600
0.244000	-23.600000	1.680800
0.244400	-23.600000	1.680000
0.244800	-23.600000	1.682400
0.245200	-23.600000	1.682400
0.245600	-23.600000	1.681600
0.246000	-23.600000	1.681600
0.246400	-23.600000	1.681600
0.246800	-23.600000	1.681600
0.247200	-23.600000	1.681600
0.247600	-23.600000	1.680000
0.248000	-23.600000	1.681600
0.248400	-23.600000	1.681600
0.248800	-23.600000	1.681600
0.249200	-23.600000	1.680800
0.249600	-23.600000	1.680000
0.250000	-23.600000	1.681600
0.250400	-23.600000	1.680800
0.250800	-23.200000	1.680800
0.251200	-23.200000	1.680800
0.251600	-23.600000	1.681600
0.252000	-23.200000	1.680800
0.252400	-23.200000	1.682400
0.252800	-22.800000	1.680800
0.253200	-22.800000	1.681600
0.253600	-22.800000	1.681600
0.254000	-22.800000	1.681600
0.254400	-23.200000	1.681600
0.254800	-22.800000	1.680800
0.255200	-22.800000	1.680800
0.255600	-23.200000	1.680800
0.256000	-22.800000	1.680800
0.256400	-22.800000	1.680000
0.256800	-22.800000	1.680000
0.257200	-22.800000	1.680800
0.257600	-22.800000	1.680800
0.258000	-22.800000	1.680800
0.258400	-22.800000	1.680800
0.258800	-22.400000	1.680800
0.259200	-22.400000	1.680000
0.259600	-22.400000	1.680800
0.260000	-22.400000	1.680000
0.260400	-22.400000	1.680000
0.260800	-22.400000	1.680000
0.261200	-22.400000	1.679200
0.261600	-22.400000	1.680000
0.262000	-22.400000	1.680800
0.262400	-22.400000	1.680800
0.262800	-22.000000	1.680800
0.263200	-22.000000	1.681600
0.263600	-22.000000	1.681600
0.264000	-22.400000	1.681600
0.264400	-22.400000	1.682400
0.264800	-22.000000	1.680800
0.265200	-22.000000	1.680800
0.265600	-22.000000	1.682400
0.266000	-22.000000	1.681600
0.266400	-22.000000	1.682400
0.266800	-22.000000	1.681600
0.267200	-22.000000	1.681600
0.267600	-22.000000	1.681600
0.268000	-22.000000	1.680800
0.268400	-22.000000	1.681600
0.268800	-22.000000	1.680800
0.269200	-21.600000	1.680800
0.269600	-22.000000	1.680000
0.270000	-21.600000	1.680800
0.270400	-21.600000	1.680000
0.270800	-21.600000	1.680800
0.271200	-21.600000	1.680800
0.271600	-21.200000	1.679200
0.272000	-21.200000	1.680000
0.272400	-21.200000	1.680800
0.272800	-21.200000	1.680800
0.273200	-21.200000	1.680800
0.273600	-21.200000	1.680000
0.274000	-21.200000	1.680000
0.274400	-21.200000	1.681600
0.274800	-21.200000	1.680000
0.275200	-20.800000	1.680000
0.275600	-20.800000	1.681600
0.276000	-20.800000	1.680800
0.276400	-20.800000	1.680000
0.276800	-20.800000	1.680800
0.277200	-20.800000	1.680000
0.277600	-20.800000	1.680800
0.278000	-20.800000	1.680800
0.278400	-20.800000	1.680000
0.278800	-20.400000	1.679200
0.279200	-20.800000	1.680800
0.279600	-20.800000	1.680800
0.280000	-20.400000	1.680800
0.280400	-20.400000	1.680000
0.280800	-20.000000	1.680800
0.281200	-20.400000	1.680000
0.281600	-20.400000	1.681600
0.282000	-20.400000	1.680000
0.282400	-20.400000	1.680800
0.282800	-20.400000	1.681600
0.283200	-20.400000	1.681600
0.283600	-20.400000	1.680800
0.284000	-20.400000	1.681600
0.284400	-20.400000	1.680800
0.284800	-20.000000	1.680800
0.285200	-20.000000	1.681600
0.285600	-20.000000	1.681600
0.286000	-20.000000	1.681600
0.286400	-20.000000	1.680800
0.286800	-20.000000	1.680000
0.287200	-20.000000	1.680000
0.287600	-20.000000	1.681600
0.288000	-20.000000	1.680000
0.288400	-20.000000	1.681600
0.288800	-19.600000	1.680000
0.289200	-19.600000	1.680000
0.289600	-19.600000	1.680000
0.290000	-19.600000	1.680800
0.290400	-19.600000	1.680000
0.290800	-19.200000	1.680000
0.291200	-19.600000	1.680000
0.291600	-19.200000	1.680000
0.292000	-19.600000	1.679200
0.292400	-19.200000	1.681600
0.292800	-19.200000	1.680000
0.293200	-19.200000	1.680000
0.293600	-19.200000	1.679200
0.294000	-19.200000	1.680000
0.294400	-19.200000	1.680800
0.294800	-19.200000	1.680800
0.295200	-19.200000	1.680800
0.295600	-18.800000	1.681600
0.296000	-19.200000	1.681600
0.296400	-19.200000	1.681600
0.296800	-19.200000	1.680000
0.297200	-19.200000	1.680800
0.297600	-18.800000	1.680000
0.298000	-19.200000	1.680800
0.298400	-18.800000	1.681600
0.298800	-18.800000	1.680800
0.299200	-18.800000	1.681600
0.299600	-18.800000	1.680800
0.300000	-18.800000	1.680000
0.300400	-18.800000	1.680800
0.300800	-18.800000	1.680000
0.301200	-18.800000	1.680000
0.301600	-18.400000	1.680000
0.302000	-18.800000	1.680000
0.302400	-18.800000	1.680000
0.302800	-18.400000	1.680000
0.303200	-18.400000	1.680800
0.303600	-18.400000	1.680000
0.304000	-18.400000	1.681600
0.304400	-18.400000	1.679200
0.304800	-18.400000	1.680000
0.305200	-18.400000	1.679200
0.305600	-18.000000	1.680000
0.306000	-18.000000	1.680000
0.306400	-18.000000	1.680800
0.306800	-18.000000	1.680000
0.307200	-18.000000	1.680000
0.307600	-18.000000	1.680000
0.308000	-18.000000	1.680000
0.308400	-18.000000	1.679200
0.308800	-18.000000	1.679200
0.309200	-17.600000	1.680000
0.309600	-17.600000	1.680000
0.310000	-17.200000	1.680000
0.310400	-17.600000	1.680000
0.310800	-17.600000	1.680800
0.311200	-17.600000	1.679200
0.311600	-17.200000	1.680800
0.312000	-17.600000	1.679200
0.312400	-17.200000	1.680800
0.312800	-17.600000	1.680000
0.313200	-17.600000	1.681600
0.313600	-17.600000	1.680800
0.314000	-17.600000	1.681600
0.314400	-17.200000	1.680800
0.314800	-17.200000	1.680000
0.315200	-17.200000	1.680800
0.315600	-17.200000	1.681600
0.316000	-17.200000	1.681600
0.316400	-17.200000	1.680800
0.316800	-17.200000	1.680000
0.317200	-17.200000	1.679200
0.317600	-17.200000	1.680000
0.318000	-17.200000	1.680800
0.318400	-16.800000	1.680000
0.318800	-17.200000	1.680000
0.319200	-16.800000	1.680000
0.319600	-16.800000	1.680000
0.320000	-16.800000	1.680800
0.320400	-16.800000	1.679200
0.320800	-16.800000	1.679200
0.321200	-16.800000	1.679200
0.321600	-16.800000	1.679200
0.322000	-16.400000	1.680000
0.322400	-16.400000	1.680000
0.322800	-16.400000	1.679200
0.323200	-16.400000	1.679200
0.323600	-16.400000	1.678400
0.324000	-16.400000	1.680000
0.324400	-16.000000	1.679200
0.324800	-16.000000	1.678400
0.325200	-16.000000	1.680000
0.325600	-16.000000	1.679200
0.326000	-16.000000	1.680000
0.326400	-16.000000	1.680800
0.326800	-16.000000	1.680000
0.327200	-16.000000	1.680000
0.327600	-16.000000	1.680000
0.328000	-15.600000	1.679200
0.328400	-15.600000	1.680000
0.328800	-15.600000	1.679200
0.329200	-15.600000	1.679200
0.329600	-15.600000	1.680000
0.330000	-15.600000	1.680000
0.330400	-15.600000	1.680000
0.330800	-15.600000	1.680000
0.331200	-15.600000	1.680000
0.331600	-15.600000	1.679200
0.332000	-15.600000	1.680000
0.332400	-15.600000	1.679200
0.332800	-15.600000	1.680000
0.333200	-15.600000	1.680000
0.333600	-15.200000	1.680800
0.334000	-15.200000	1.680000
0.334400	-15.200000	1.680800
0.334800	-15.600000	1.680800
0.335200	-15.200000	1.680800
0.335600	-15.200000	1.680000
0.336000	-15.200000	1.680800
0.336400	-15.200000	1.680000
0.336800	-15.200000	1.680000
0.337200	-15.200000	1.680000
0.337600	-14.800000	1.679200
0.338000	-14.800000	1.680800
0.338400	-15.200000	1.679200
0.338800	-14.800000	1.680000
0.339200	-14.800000	1.680000
0.339600	-14.800000	1.679200
0.340000	-14.800000	1.679200
0.340400	-14.800000	1.679200
0.340800	-14.400000	1.680000
0.341200	-14.400000	1.679200
0.341600	-14.400000	1.679200
0.342000	-14.400000	1.679200
0.342400	-14.400000	1.679200
0.342800	-14.400000	1.679200
0.343200	-14.400000	1.680000
0.343600	-14.400000	1.680000
0.344000	-14.000000	1.680800
0.344400	-14.000000	1.680800
0.344800	-14.000000	1.679200
0.345200	-14.000000	1.679200
0.345600	-14.000000	1.680800
0.346000	-14.000000	1.680800
0.346400	-14.000000	1.680000
0.346800	-14.000000	1.680800
0.347200	-14.000000	1.681600
0.347600	-14.000000	1.679200
0.348000	-14.000000	1.680800
0.348400	-14.000000	1.680000
0.348800	-14.000000	1.679200
0.349200	-14.000000	1.680800
0.349600	-14.000000	1.679200
0.350000	-14.000000	1.679200
0.350400	-13.600000	1.679200
0.350800	-14.000000	1.680000
0.351200	-13.600000	1.679200
0.351600	-14.000000	1.680000
0.352000	-14.000000	1.679200
0.352400	-13.600000	1.680000
0.352800	-13.200000	1.679200
0.353200	-13.600000	1.679200
0.353600	-13.600000	1.680000
0.354000	-13.600000	1.679200
0.354400	-13.600000	1.680000
0.354800	-13.200000	1.680000
0.355200	-13.200000	1.680000
0.355600	-13.200000	1.679200
0.356000	-13.200000	1.679200
0.356400	-13.200000	1.678400
0.356800	-12.800000	1.679200
0.357200	-13.200000	1.678400
0.357600	-12.800000	1.680000
0.358000	-12.800000	1.680000
0.358400	-12.800000	1.679200
0.358800	-12.800000	1.679200
0.359200	-12.800000	1.679200
0.359600	-12.800000	1.679200
0.360000	-12.800000	1.679200
0.360400	-12.400000	1.680000
0.360800	-12.400000	1.680000
0.361200	-12.800000	1.679200
0.361600	-12.400000	1.679200
0.362000	-12.800000	1.680000
0.362400	-12.800000	1.679200
0.362800	-12.400000	1.679200
0.363200	-12.400000	1.680800
0.363600	-12.400000	1.680000
0.364000	-12.800000	1.680000
0.364400	-12.400000	1.679200
0.364800	-12.400000	1.680000
0.365200	-12.400000	1.680000
0.365600	-12.400000	1.680000
0.366000	-12.400000	1.680800
0.366400	-12.400000	1.680800
0.366800	-12.400000	1.680000
0.367200	-12.000000	1.680800
0.367600	-12.000000	1.680800
0.368000	-12.400000	1.681600
0.368400	-12.000000	1.679200
0.368800	-12.000000	1.680000
0.369200	-12.400000	1.679200
0.369600	-12.000000	1.679200
0.370000	-12.000000	1.679200
0.370400	-12.000000	1.679200
0.370800	-12.000000	1.678400
0.371200	-11.600000	1.678400
0.371600	-11.600000	1.679200
0.372000	-11.600000	1.678400
0.372400	-11.600000	1.678400
0.372800	-11.600000	1.678400
0.373200	-11.600000	1.678400
0.373600	-11.200000	1.679200
0.374000	-11.600000	1.677600
0.374400	-11.200000	1.678400
0.374800	-11.600000	1.680000
0.375200	-11.200000	1.680000
0.375600	-11.200000	1.680000
0.376000	-11.200000	1.679200
0.376400	-11.200000	1.679200
0.376800	-10.800000	1.678400
0.377200	-10.800000	1.680000
0.377600	-10.800000	1.679200
0.378000	-10.800000	1.679200
0.378400	-10.800000	1.679200
0.378800	-10.800000	1.679200
0.379200	-10.800000	1.680800
0.379600	-10.800000	1.680800
0.380000	-10.800000	1.680000
0.380400	-10.800000	1.680000
0.380800	-10.800000	1.679200
0.381200	-10.800000	1.680000
0.381600	-10.800000	1.679200
0.382000	-10.400000	1.680000
0.382400	-10.400000	1.679200
0.382800	-10.800000	1.679200
0.383200	-10.800000	1.680800
0.383600	-10.400000	1.679200
0.384000	-10.400000	1.680800
0.384400	-10.400000	1.680000
0.384800	-10.400000	1.680000
0.385200	-10.400000	1.680000
0.385600	-10.800000	1.680000
0.386000	-10.400000	1.680800
0.386400	-10.400000	1.680000
0.386800	-10.000000	1.679200
0.387200	-10.000000	1.680000
0.387600	-10.400000	1.680000
0.388000	-10.000000	1.679200
0.388400	-10.000000	1.679200
0.388800	-10.000000	1.679200
0.389200	-10.000000	1.678400
0.389600	-10.000000	1.679200
0.390000	-10.000000	1.679200
0.390400	-9.600000	1.678400
0.390800	-9.600000	1.678400
0.391200	-9.600000	1.679200
0.391600	-9.600000	1.678400
0.392000	-9.600000	1.677600
0.392400	-9.200000	1.679200
0.392800	-9.200000	1.679200
0.393200	-9.200000	1.678400
0.393600	-9.600000	1.679200
0.394000	-9.200000	1.679200
0.394400	-9.600000	1.680000
0.394800	-9.200000	1.679200
0.395200	-9.200000	1.679200
0.395600	-9.200000	1.679200
0.396000	-9.600000	1.680000
0.396400	-9.200000	1.679200
0.396800	-9.200000	1.680000
0.397200	-9.200000	1.680800
0.397600	-8.800000	1.679200
0.398000	-9.200000	1.680000
0.398400	-9.200000	1.680800
0.398800	-9.200000	1.680000
0.399200	-9.200000	1.680800
0.399600	-8.800000	1.679200
0.400000	-9.200000	1.679200
0.400400	-9.200000	1.678400
0.400800	-8.800000	1.679200
0.401200	-8.800000	1.679200
0.401600	-8.800000	1.679200
0.402000	-8.800000	1.678400
0.402400	-8.800000	1.678400
0.402800	-8.800000	1.679200
0.403200	-8.800000	1.678400
0.403600	-8.800000	1.679200
0.404000	-8.400000	1.679200
0.404400	-8.800000	1.680000
0.404800	-8.800000	1.680000
0.405200	-8.800000	1.679200
0.405600	-8.400000	1.678400
0.406000	-8.400000	1.680000
0.406400	-8.400000	1.679200
0.406800	-8.400000	1.678400
0.407200	-8.400000	1.679200
0.407600	-8.000000	1.679200
0.408000	-8.000000	1.679200
0.408400	-8.000000	1.679200
0.408800	-8.000000	1.679200
0.409200	-8.000000	1.679200
0.409600	-8.000000	1.678400
0.410000	-8.000000	1.679200
0.410400	-7.600000	1.678400
0.410800	-7.600000	1.678400
0.411200	-7.600000	1.678400
0.411600	-7.600000	1.679200
0.412000	-7.600000	1.678400
0.412400	-7.600000	1.679200
0.412800	-7.600000	1.678400
0.413200	-7.600000	1.680800
0.413600	-7.600000	1.679200
0.414000	-7.600000	1.679200
0.414400	-7.600000	1.679200
0.414800	-7.600000	1.678400
0.415200	-7.600000	1.680000
0.415600	-8.000000	1.678400
0.416000	-7.200000	1.679200
0.416400	-7.600000	1.679200
0.416800	-7.600000	1.679200
0.417200	-7.600000	1.679200
0.417600	-7.600000	1.678400
0.418000	-7.600000	1.679200
0.418400	-7.200000	1.678400
0.418800	-7.200000	1.679200
0.419200	-7.200000	1.678400
0.419600	-7.200000	1.679200
0.420000	-7.200000	1.678400
0.420400	-7.200000	1.678400
0.420800	-6.800000	1.678400
0.421200	-6.800000	1.678400
0.421600	-6.800000	1.676800
0.422000	-6.800000	1.678400
0.422400	-6.800000	1.678400
0.422800	-6.800000	1.677600
0.423200	-6.400000	1.678400
0.423600	-6.400000	1.678400
0.424000	-6.800000	1.677600
0.424400	-6.400000	1.679200
0.424800	-6.000000	1.679200
0.425200	-6.000000	1.679200
0.425600	-6.400000	1.678400
0.426000	-6.000000	1.678400
0.426400	-6.000000	1.680000
0.426800	-6.400000	1.679200
0.427200	-6.000000	1.678400
0.427600	-6.000000	1.679200
0.428000	-6.000000	1.678400
0.428400	-6.000000	1.679200
0.428800	-6.000000	1.678400
0.429200	-6.000000	1.678400
0.429600	-6.000000	1.679200
0.430000	-6.000000	1.679200
0.430400	-6.000000	1.679200
0.430800	-6.000000	1.678400
0.431200	-6.000000	1.679200
0.431600	-6.000000	1.679200
0.432000	-6.000000	1.679200
0.432400	-6.000000	1.678400
0.432800	-6.000000	1.679200
0.433200	-5.600000	1.679200
0.433600	-5.600000	1.679200
0.434000	-6.000000	1.680800
0.434400	-6.000000	1.678400
0.434800	-5.600000	1.679200
0.435200	-5.600000	1.680000
0.435600	-5.600000	1.678400
0.436000	-5.600000	1.679200
0.436400	-5.600000	1.679200
0.436800	-5.600000	1.679200
0.437200	-5.600000	1.679200
0.437600	-5.200000	1.679200
0.438000	-5.200000	1.679200
0.438400	-5.200000	1.678400
0.438800	-5.200000	1.678400
0.439200	-5.200000	1.679200
0.439600	-5.200000	1.679200
0.440000	-4.800000	1.677600
0.440400	-5.200000	1.678400
0.440800	-5.200000	1.678400
0.441200	-4.800000	1.677600
0.441600	-4.800000	1.678400
0.442000	-4.800000	1.677600
0.442400	-4.400000	1.678400
0.442800	-4.800000	1.677600
0.443200	-4.800000	1.677600
0.443600	-4.400000	1.679200
0.444000	-4.400000	1.678400
0.444400	-4.400000	1.679200
0.444800	-4.400000	1.677600
0.445200	-4.400000	1.679200
0.445600	-4.400000	1.679200
0.446000	-4.400000	1.679200
0.446400	-4.400000	1.678400
0.446800	-4.400000	1.677600
0.447200	-4.400000	1.679200
0.447600	-4.400000	1.677600
0.448000	-4.400000	1.679200
0.448400	-4.400000	1.678400
0.448800	-4.000000	1.678400
0.449200	-4.400000	1.679200
0.449600	-4.400000	1.678400
0.450000	-4.400000	1.679200
0.450400	-4.000000	1.679200
0.450800	-4.000000	1.678400
0.451200	-4.000000	1.678400
0.451600	-4.000000	1.678400
0.452000	-4.000000	1.680000
0.452400	-4.000000	1.678400
0.452800	-3.600000	1.678400
0.453200	-4.000000	1.677600
0.453600	-3.600000	1.679200
0.454000	-4.000000	1.679200
0.454400	-3.600000	1.678400
0.454800	-3.600000	1.677600
0.455200	-3.600000	1.677600
0.455600	-3.600000	1.678400
0.456000	-3.600000	1.678400
0.456400	-3.200000	1.678400
0.456800	-3.600000	1.676800
0.457200	-3.600000	1.677600
0.457600	-3.200000	1.677600
0.458000	-3.200000	1.677600
0.458400	-3.200000	1.679200
0.458800	-2.800000	1.678400
0.459200	-3.200000	1.677600
0.459600	-2.800000	1.677600
0.460000	-2.800000	1.677600
0.460400	-2.800000	1.677600
0.460800	-2.800000	1.677600
0.461200	-2.800000	1.678400
0.461600	-2.800000	1.677600
0.462000	-2.800000	1.679200
0.462400	-2.800000	1.677600
0.462800	-2.400000	1.677600
0.463200	-2.800000	1.678400
0.463600	-2.800000	1.677600
0.464000	-2.800000	1.678400
0.464400	-2.800000	1.678400
0.464800	-2.400000	1.679200
0.465200	-2.800000	1.677600
0.465600	-2.400000	1.677600
0.466000	-2.800000	1.678400
0.466400	-2.800000	1.677600
0.466800	-2.800000	1.677600
0.467200	-2.400000	1.676800
0.467600	-2.400000	1.677600
0.468000	-2.800000	1.676800
0.468400	-2.400000	1.676800
0.468800	-2.400000	1.677600
0.469200	-2.400000	1.676800
0.469600	-2.400000	1.676800
0.470000	-2.400000	1.676800
0.470400	-2.400000	1.676800
0.470800	-2.000000	1.676800
0.471200	-2.400000	1.676800
0.471600	-2.000000	1.676800
0.472000	-2.000000	1.676000
0.472400	-2.000000	1.675200
0.472800	-2.000000	1.676000
0.473200	-2.000000	1.676800
0.473600	-1.600000	1.675200
0.474000	-1.600000	1.675200
0.474400	-1.600000	1.675200
0.474800	-1.600000	1.674400
0.475200	-1.600000	1.675200
0.475600	-1.600000	1.675200
0.476000	-1.600000	1.674400
0.476400	-1.200000	1.675200
0.476800	-1.600000	1.676000
0.477200	-1.200000	1.676000
0.477600	-1.200000	1.675200
0.478000	-1.200000	1.674400
0.478400	-1.200000	1.675200
0.478800	-1.200000	1.674400
0.479200	-1.200000	1.675200
0.479600	-1.200000	1.673600
0.480000	-1.200000	1.675200
0.480400	-0.800000	1.673600
0.480800	-1.200000	1.674400
0.481200	-1.200000	1.674400
0.481600	-0.800000	1.673600
0.482000	-1.200000	1.674400
0.482400	-0.800000	1.672800
0.482800	-1.200000	1.673600
0.483200	-1.200000	1.672800
0.483600	-1.200000	1.672800
0.484000	-0.800000	1.673600
0.484400	-0.800000	1.673600
0.484800	-0.800000	1.672000
0.485200	-0.800000	1.672000
0.485600	-0.800000	1.672000
0.486000	-0.800000	1.672800
0.486400	-0.400000	1.670400
0.486800	-0.400000	1.670400
0.487200	-0.400000	1.670400
0.487600	-0.400000	1.670400
0.488000	-0.400000	1.669600
0.488400	-0.400000	1.668800
0.488800	-0.400000	1.668000
0.489200	-0.400000	1.667200
0.489600	-0.400000	1.666400
0.490000	-0.400000	1.666400
0.490400	0.000000	1.665600
0.490800	0.000000	1.665600
0.491200	0.000000	1.664800
0.491600	-0.400000	1.663200
0.492000	0.000000	1.663200
0.492400	0.000000	1.663200
0.492800	0.000000	1.662400
0.493200	0.400000	1.660800
0.493600	0.000000	1.660800
0.494000	0.400000	1.660800
0.494400	0.400000	1.660000
0.494800	0.400000	1.658400
0.495200	0.400000	1.658400
0.495600	0.400000	1.657600
0.496000	0.800000	1.658400
0.496400	0.800000	1.656800
0.496800	0.800000	1.656800
0.497200	0.800000	1.656000
0.497600	0.800000	1.654400
0.498000	0.800000	1.654400
0.498400	0.800000	1.654400
0.498800	0.800000	1.654400
0.499200	0.800000	1.654400
0.499600	0.800000	1.653600
0.500000	0.800000	1.652800
0.500400	0.800000	1.653600
0.500800	0.800000	1.653600
0.501200	0.800000	1.653600
0.501600	0.800000	1.652800
0.502000	0.800000	1.653600
0.502400	0.800000	1.653600
0.502800	0.800000	1.654400
0.503200	1.200000	1.654400
0.503600	0.800000	1.654400
0.504000	0.800000	1.654400
0.504400	1.200000	1.655200
0.504800	0.800000	1.656000
0.505200	1.200000	1.657600
0.505600	1.200000	1.657600
0.506000	1.200000	1.656800
0.506400	1.200000	1.659200
0.506800	1.200000	1.658400
0.507200	1.600000	1.660000
0.507600	1.600000	1.660000
0.508000	1.600000	1.660000
0.508400	1.600000	1.660800
0.508800	1.600000	1.660000
0.509200	1.600000	1.660800
0.509600	1.600000	1.662400
0.510000	2.000000	1.663200
0.510400	2.000000	1.663200
0.510800	1.600000	1.664000
0.511200	2.000000	1.664800
0.511600	2.000000	1.664000
0.512000	2.000000	1.664800
0.512400	2.000000	1.666400
0.512800	2.000000	1.665600
0.513200	2.000000	1.667200
0.513600	2.000000	1.667200
0.514000	2.400000	1.669600
0.514400	2.000000	1.668800
0.514800	2.000000	1.668800
0.515200	2.000000	1.668800
0.515600	2.000000	1.669600
0.516000	2.400000	1.670400
0.516400	2.400000	1.670400
0.516800	2.400000	1.669600
0.517200	2.400000	1.670400
0.517600	2.400000	1.670400
0.518000	2.400000	1.670400
0.518400	2.000000	1.670400
0.518800	2.400000	1.669600
0.519200	2.800000	1.670400
0.519600	2.800000	1.671200
0.520000	2.400000	1.671200
0.520400	2.800000	1.672000
0.520800	2.800000	1.672000
0.521200	2.800000	1.672800
0.521600	2.800000	1.672800
0.522000	2.800000	1.672000
0.522400	3.200000	1.672000
0.522800	3.200000	1.670400
0.523200	3.200000	1.672800
0.523600	3.200000	1.674400
0.524000	2.800000	1.672800
0.524400	3.200000	1.673600
0.524800	3.200000	1.673600
0.525200	3.200000	1.674400
0.525600	3.200000	1.673600
0.526000	3.200000	1.673600
0.526400	3.600000	1.674400
0.526800	3.600000	1.673600
0.527200	3.600000	1.674400
0.527600	3.600000	1.672800
0.528000	3.600000	1.674400
0.528400	3.600000	1.674400
0.528800	3.600000	1.673600
0.529200	3.600000	1.676000
0.529600	3.600000	1.674400
0.530000	3.600000	1.676000
0.530400	4.000000	1.674400
0.530800	3.600000	1.675200
0.531200	4.000000	1.675200
0.531600	4.000000	1.675200
0.532000	4.000000	1.676800
0.532400	4.000000	1.675200
0.532800	3.600000	1.676800
0.533200	3.600000	1.676000
0.533600	4.000000	1.675200
0.534000	4.000000	1.676000
0.534400	4.000000	1.676000
0.534800	4.000000	1.676800
0.535200	4.000000	1.676000
0.535600	4.400000	1.676000
0.536000	4.000000	1.675200
0.536400	4.000000	1.676800
0.536800	4.000000	1.676800
0.537200	4.400000	1.676800
0.537600	4.400000	1.676800
0.538000	4.400000	1.676800
0.538400	4.400000	1.676800
0.538800	4.400000	1.676800
0.539200	4.400000	1.677600
0.539600	4.800000	1.676800
0.540000	4.800000	1.676000
0.540400	4.400000	1.676000
0.540800	4.800000	1.675200
0.541200	4.800000	1.676800
0.541600	5.200000	1.676800
0.542000	5.200000	1.676000
0.542400	5.200000	1.676800
0.542800	5.200000	1.676000
0.543200	5.200000	1.676800
0.543600	5.200000	1.676800
0.544000	5.200000	1.677600
0.544400	5.200000	1.677600
0.544800	5.200000	1.677600
0.545200	5.200000	1.677600
0.545600	5.200000	1.677600
0.546000	5.200000	1.678400
0.546400	5.200000	1.676800
0.546800	5.200000	1.679200
0.547200	5.200000	1.677600
0.547600	5.200000	1.677600
0.548000	5.600000	1.676800
0.548400	5.200000	1.676000
0.548800	5.200000	1.678400
0.549200	5.600000	1.677600
0.549600	5.600000	1.678400
0.550000	5.600000	1.676800
0.550400	5.600000	1.676800
0.550800	5.600000	1.677600
0.551200	5.600000	1.676800
0.551600	5.600000	1.679200
0.552000	5.600000	1.676800
0.552400	5.600000	1.678400
0.552800	5.600000	1.676800
0.553200	6.000000	1.676800
0.553600	5.600000	1.676800
0.554000	6.000000	1.677600
0.554400	6.400000	1.677600
0.554800	6.000000	1.677600
0.555200	6.000000	1.677600
0.555600	6.400000	1.677600
0.556000	6.400000	1.677600
0.556400	6.400000	1.676800
0.556800	6.400000	1.678400
0.557200	6.400000	1.676800
0.557600	6.400000	1.677600
0.558000	6.400000	1.678400
0.558400	6.800000	1.677600
0.558800	6.800000	1.677600
0.559200	6.400000	1.678400
0.559600	6.800000	1.676800
0.560000	6.800000	1.678400
0.560400	6.800000	1.678400
0.560800	6.800000	1.677600
0.561200	6.800000	1.677600
0.561600	7.200000	1.676800
0.562000	6.800000	1.678400
0.562400	6.800000	1.678400
0.562800	6.800000	1.678400
0.563200	7.200000	1.677600
0.563600	7.200000	1.679200
0.564000	6.800000	1.678400
0.564400	6.800000	1.678400
0.564800	7.200000	1.680000
0.565200	7.200000	1.679200
0.565600	7.200000	1.678400
0.566000	7.200000	1.678400
0.566400	7.200000	1.678400
0.566800	7.200000	1.679200
0.567200	7.200000	1.678400
0.567600	7.200000	1.678400
0.568000	7.200000	1.678400
0.568400	7.200000	1.677600
0.568800	7.200000	1.677600
0.569200	7.600000	1.679200
0.569600	7.600000	1.677600
0.570000	7.600000	1.678400
0.570400	8.000000	1.679200
0.570800	7.600000	1.679200
0.571200	7.600000	1.678400
0.571600	8.000000	1.677600
0.572000	7.600000	1.679200
0.572400	8.000000	1.677600
0.572800	8.000000	1.679200
0.573200	8.000000	1.678400
0.573600	8.000000	1.677600
0.574000	8.000000	1.679200
0.574400	8.000000	1.679200
0.574800	8.000000	1.677600
0.575200	8.000000	1.680000
0.575600	8.000000	1.678400
0.576000	8.400000	1.679200
0.576400	8.400000	1.677600
0.576800	8.400000	1.679200
0.577200	8.400000	1.678400
0.577600	8.400000	1.680000
0.578000	8.400000	1.679200
0.578400	8.400000	1.678400
0.578800	8.400000	1.679200
0.579200	8.400000	1.678400
0.579600	8.400000	1.677600
0.580000	8.800000	1.677600
0.580400	8.400000	1.678400
0.580800	8.400000	1.678400
0.581200	8.800000	1.678400
0.581600	8.800000	1.679200
0.582000	8.800000	1.678400
0.582400	8.800000	1.679200
0.582800	8.800000	1.680000
0.583200	8.800000	1.678400
0.583600	8.800000	1.679200
0.584000	8.800000	1.679200
0.584400	8.800000	1.679200
0.584800	9.200000	1.678400
0.585200	8.800000	1.679200
0.585600	8.800000	1.680800
0.586000	9.200000	1.679200
0.586400	9.200000	1.679200
0.586800	9.200000	1.678400
0.587200	9.200000	1.678400
0.587600	9.200000	1.678400
0.588000	9.200000	1.677600
0.588400	9.600000	1.678400
0.588800	9.600000	1.677600
0.589200	9.600000	1.678400
0.589600	9.600000	1.677600
0.590000	9.600000	1.678400
0.590400	9.600000	1.678400
0.590800	9.600000	1.677600
0.591200	9.600000	1.678400
0.591600	9.600000	1.678400
0.592000	9.600000	1.677600
0.592400	9.600000	1.679200
0.592800	10.000000	1.678400
0.593200	10.000000	1.678400
0.593600	10.000000	1.679200
0.594000	10.000000	1.679200
0.594400	10.000000	1.679200
0.594800	10.400000	1.678400
0.595200	10.000000	1.678400
0.595600	10.000000	1.679200
0.596000	10.000000	1.679200
0.596400	10.000000	1.680000
0.596800	10.000000	1.680000
0.597200	10.400000	1.678400
0.597600	10.400000	1.679200
0.598000	10.000000	1.679200
0.598400	10.400000	1.679200
0.598800	10.400000	1.680000
0.599200	10.400000	1.679200
0.599600	10.400000	1.680000
0.600000	10.400000	1.678400
0.600400	10.400000	1.679200
0.600800	10.400000	1.679200
0.601200	10.400000	1.679200
0.601600	10.400000	1.679200
0.602000	10.800000	1.679200
0.602400	10.400000	1.679200
0.602800	10.400000	1.679200
0.603200	10.800000	1.679200
0.603600	10.800000	1.679200
0.604000	11.200000	1.679200
0.604400	10.800000	1.679200
0.604800	11.200000	1.678400
0.605200	10.800000	1.680000
0.605600	11.200000	1.679200
0.606000	11.200000	1.678400
0.606400	11.200000	1.678400
0.606800	11.200000	1.679200
0.607200	11.600000	1.679200
0.607600	11.600000	1.679200
0.608000	11.200000	1.679200
0.608400	11.600000	1.678400
0.608800	11.600000	1.679200
0.609200	11.600000	1.679200
0.609600	11.600000	1.678400
0.610000	11.600000	1.679200
0.610400	11.600000	1.678400
0.610800	12.000000	1.679200
0.611200	11.600000	1.678400
0.611600	11.600000	1.679200
0.612000	11.600000	1.679200
0.612400	12.000000	1.679200
0.612800	11.600000	1.679200
0.613200	12.000000	1.678400
0.613600	12.000000	1.680000
0.614000	12.000000	1.678400
0.614400	12.000000	1.680000
0.614800	11.600000	1.680000
0.615200	11.600000	1.678400
0.615600	12.000000	1.679200
0.616000	11.600000	1.680000
0.616400	12.000000	1.680000
0.616800	12.000000	1.679200
0.617200	12.000000	1.679200
0.617600	12.000000	1.679200
0.618000	12.400000	1.680000
0.618400	12.400000	1.679200
0.618800	12.400000	1.679200
0.619200	12.400000	1.680000
0.619600	12.400000	1.679200
0.620000	12.400000	1.680000
0.620400	12.400000	1.678400
0.620800	12.400000	1.678400
0.621200	12.400000	1.678400
0.621600	12.400000	1.678400
0.622000	12.400000	1.680000
0.622400	12.800000	1.680000
0.622800	12.800000	1.679200
0.623200	12.800000	1.679200
0.623600	12.800000	1.679200
0.624000	12.800000	1.679200
0.624400	13.200000	1.677600
0.624800	12.800000	1.678400
0.625200	13.200000	1.679200
0.625600	13.200000	1.679200
0.626000	13.200000	1.680000
0.626400	13.200000	1.680000
0.626800	13.600000	1.680000
0.627200	13.200000	1.679200
0.627600	13.200000	1.679200
0.628000	13.200000	1.679200
0.628400	13.200000	1.678400
0.628800	13.200000	1.680000
0.629200	13.200000	1.678400
0.629600	13.600000	1.679200
0.630000	13.200000	1.679200
0.630400	13.600000	1.679200
0.630800	13.600000	1.679200
0.631200	13.600000	1.678400
0.631600	13.600000	1.679200
0.632000	13.200000	1.680800
0.632400	13.600000	1.679200
0.632800	13.600000	1.680000
0.633200	13.600000	1.680800
0.633600	13.600000	1.680000
0.634000	14.000000	1.680000
0.634400	13.600000	1.680000
0.634800	14.000000	1.680800
0.635200	13.600000	1.680000
0.635600	14.000000	1.680000
0.636000	14.000000	1.679200
0.636400	14.000000	1.680800
0.636800	14.000000	1.679200
0.637200	14.000000	1.680000
0.637600	14.000000	1.679200
0.638000	14.000000	1.679200
0.638400	14.400000	1.679200
0.638800	14.000000	1.679200
0.639200	14.400000	1.680000
0.639600	14.400000	1.679200
0.640000	14.400000	1.679200
0.640400	14.400000	1.679200
0.640800	14.400000	1.679200
0.641200	14.400000	1.679200
0.641600	14.800000	1.679200
0.642000	14.800000	1.679200
0.642400	14.800000	1.678400
0.642800	14.800000	1.678400
0.643200	14.800000	1.679200
0.643600	14.800000	1.680000
0.644000	14.800000	1.679200
0.644400	14.800000	1.678400
0.644800	14.800000	1.680000
0.645200	15.200000	1.680800
0.645600	14.800000	1.680800
0.646000	15.200000	1.680000
0.646400	14.800000	1.680800
0.646800	14.800000	1.680000
0.647200	14.800000	1.680800
0.647600	15.200000	1.680000
0.648000	15.200000	1.680800
0.648400	15.200000	1.680800
0.648800	15.200000	1.680000
0.649200	15.200000	1.680000
0.649600	15.200000	1.679200
0.650000	15.200000	1.679200
0.650400	15.200000	1.680000
0.650800	15.200000	1.679200
0.651200	15.200000	1.679200
0.651600	15.200000	1.680000
0.652000	15.200000	1.680000
0.652400	15.600000	1.679200
0.652800	15.600000	1.680000
0.653200	15.600000	1.680000
0.653600	16.000000	1.679200
0.654000	15.600000	1.680000
0.654400	16.000000	1.679200
0.654800	15.600000	1.680000
0.655200	16.000000	1.680000
0.655600	16.000000	1.679200
0.656000	16.000000	1.681600
0.656400	16.400000	1.679200
0.656800	16.000000	1.680000
0.657200	16.000000	1.678400
0.657600	16.400000	1.680000
0.658000	16.000000	1.679200
0.658400	16.400000	1.679200
0.658800	16.400000	1.680800
0.659200	16.400000	1.679200
0.659600	16.800000	1.679200
0.660000	16.400000	1.679200
0.660400	16.400000	1.680800
0.660800	16.800000	1.680000
0.661200	16.400000	1.680000
0.661600	16.400000	1.680000
0.662000	16.400000	1.680000
0.662400	16.800000	1.680000
0.662800	16.400000	1.680800
0.663200	16.800000	1.680000
0.663600	16.800000	1.680000
0.664000	16.800000	1.680800
0.664400	16.800000	1.680800
0.664800	16.800000	1.680800
0.665200	16.800000	1.680000
0.665600	16.800000	1.680800
0.666000	16.800000	1.680800
0.666400	16.800000	1.681600
0.666800	16.800000	1.680000
0.667200	16.800000	1.680800
0.667600	16.800000	1.680800
0.668000	17.200000	1.680800
0.668400	17.200000	1.680800
0.668800	17.200000	1.680000
0.669200	17.200000	1.680000
0.669600	17.200000	1.680000
0.670000	17.200000	1.679200
0.670400	17.200000	1.679200
0.670800	17.600000	1.680000
0.671200	17.600000	1.679200
0.671600	17.600000	1.680000
0.672000	17.600000	1.679200
0.672400	17.600000	1.678400
0.672800	17.600000	1.680000
0.673200	17.600000	1.679200
0.673600	17.600000	1.679200
0.674000	17.600000	1.678400
0.674400	18.000000	1.680800
0.674800	18.000000	1.680000
0.675200	18.000000	1.680800
0.675600	17.600000	1.680000
0.676000	18.000000	1.679200
0.676400	18.000000	1.679200
0.676800	18.400000	1.680800
0.677200	18.000000	1.680000
0.677600	18.000000	1.680800
0.678000	18.000000	1.679200
0.678400	18.000000	1.680000
0.678800	18.000000	1.680000
0.679200	18.000000	1.680000
0.679600	18.000000	1.680800
0.680000	18.400000	1.680000
0.680400	18.400000	1.680000
0.680800	18.400000	1.680800
0.681200	18.400000	1.680800
0.681600	18.400000	1.680800
0.682000	18.400000	1.679200
0.682400	18.400000	1.680000
0.682800	18.400000	1.680800
0.683200	18.400000	1.680800
0.683600	18.400000	1.680000
0.684000	18.400000	1.680800
0.684400	18.400000	1.680000
0.684800	18.400000	1.680000
0.685200	18.400000	1.680800
0.685600	18.800000	1.680800
0.686000	18.800000	1.680800
0.686400	18.800000	1.680800
0.686800	18.800000	1.679200
0.687200	18.800000	1.680000
0.687600	18.800000	1.680000
0.688000	18.800000	1.680000
0.688400	19.200000	1.679200
0.688800	19.200000	1.680000
0.689200	19.200000	1.679200
0.689600	19.200000	1.679200
0.690000	19.200000	1.680800
0.690400	19.200000	1.680000
0.690800	19.200000	1.680000
0.691200	19.600000	1.679200
0.691600	19.600000	1.680000
0.692000	19.600000	1.680000
0.692400	19.600000	1.680000
0.692800	19.600000	1.678400
0.693200	19.600000	1.679200
0.693600	19.600000	1.679200
0.694000	20.000000	1.679200
0.694400	20.000000	1.680800
0.694800	19.600000	1.680800
0.695200	19.600000	1.680800
0.695600	20.000000	1.680800
0.696000	20.000000	1.681600
0.696400	19.600000	1.681600
0.696800	20.000000	1.682400
0.697200	20.000000	1.680800
0.697600	20.000000	1.680000
0.698000	20.000000	1.679200
0.698400	20.000000	1.680800
0.698800	20.000000	1.681600
0.699200	20.000000	1.680800
0.699600	20.400000	1.680800
0.700000	20.000000	1.680800
0.700400	20.400000	1.680000
0.700800	20.000000	1.680800
0.701200	20.400000	1.680800
0.701600	20.400000	1.679200
0.702000	20.400000	1.680000
0.702400	20.400000	1.680800
0.702800	20.400000	1.680000
0.703200	20.400000	1.680800
0.703600	20.800000	1.680000
0.704000	20.800000	1.680800
0.704400	20.400000	1.680800
0.704800	20.800000	1.680800
0.705200	20.800000	1.680800
0.705600	20.800000	1.680000
0.706000	20.800000	1.680800
0.706400	20.800000	1.679200
0.706800	21.200000	1.679200
0.707200	21.200000	1.680000
0.707600	21.200000	1.680000
0.708000	21.200000	1.679200
0.708400	21.200000	1.680000
0.708800	21.200000	1.679200
0.709200	21.200000	1.680000
0.709600	21.200000	1.680800
0.710000	21.200000	1.680800
0.710400	21.200000	1.680000
0.710800	21.200000	1.680000
0.711200	21.200000	1.680000
0.711600	21.200000	1.680000
0.712000	21.200000	1.680000
0.712400	21.200000	1.680000
0.712800	21.200000	1.681600
0.713200	21.200000	1.681600
0.713600	21.600000	1.681600
0.714000	21.600000	1.680800
0.714400	21.200000	1.681600
0.714800	21.600000	1.680800
0.715200	21.600000	1.681600
0.715600	21.600000	1.680800
0.716000	22.000000	1.681600
0.716400	21.600000	1.681600
0.716800	21.600000	1.681600
0.717200	21.600000	1.680800
0.717600	21.600000	1.681600
0.718000	21.600000	1.680000
0.718400	22.000000	1.681600
0.718800	22.000000	1.680800
0.719200	22.000000	1.680800
0.719600	22.000000	1.680800
0.720000	22.000000	1.680800
0.720400	22.000000	1.680000
0.720800	22.000000	1.680000
0.721200	22.000000	1.679200
0.721600	22.000000	1.680000
0.722000	22.400000	1.680000
0.722400	22.400000	1.679200
0.722800	22.400000	1.680800
0.723200	22.800000	1.680800
0.723600	22.400000	1.680000
0.724000	22.800000	1.680800
0.724400	22.800000	1.680000
0.724800	22.800000	1.681600
0.725200	22.800000	1.680800
0.725600	22.800000	1.680000
0.726000	22.800000	1.680800
0.726400	22.800000	1.680800
0.726800	22.800000	1.680000
0.727200	22.800000	1.680800
0.727600	22.800000	1.680800
0.728000	22.800000	1.680800
0.728400	22.800000	1.680800
0.728800	23.200000	1.680800
0.729200	23.200000	1.681600
0.729600	23.200000	1.681600
0.730000	23.200000	1.680800
0.730400	23.200000	1.680800
0.730800	23.200000	1.681600
0.731200	23.200000	1.681600
0.731600	23.200000	1.680800
0.732000	23.600000	1.680800
0.732400	23.200000	1.680800
0.732800	23.200000	1.682400
0.733200	23.200000	1.682400
0.733600	23.200000	1.680800
0.734000	23.600000	1.682400
0.734400	23.200000	1.681600
0.734800	23.200000	1.681600
0.735200	23.600000	1.681600
0.735600	23.600000	1.680800
0.736000	23.600000	1.681600
0.736400	23.600000	1.681600
0.736800	23.600000	1.682400
0.737200	23.600000	1.681600
0.737600	24.000000	1.680800
0.738000	24.000000	1.681600
0.738400	24.000000	1.681600
0.738800	24.000000	1.680800
0.739200	24.000000	1.680800
0.739600	24.000000	1.680800
0.740000	24.000000	1.680800
0.740400	24.400000	1.679200
0.740800	24.400000	1.679200
0.741200	24.400000	1.680000
0.741600	24.400000	1.680800
0.742000	24.400000	1.680000
0.742400	24.400000	1.680800
0.742800	24.400000	1.680000
0.743200	24.400000	1.680000
0.743600	24.400000	1.680800
0.744000	24.400000	1.680800
0.744400	24.800000	1.680800
0.744800	24.400000	1.681600
0.745200	24.800000	1.681600
0.745600	24.800000	1.682400
0.746000	24.800000	1.681600
0.746400	24.800000	1.681600
0.746800	24.800000	1.681600
0.747200	24.800000	1.682400
0.747600	24.800000	1.681600
0.748000	24.800000	1.681600
0.748400	24.800000	1.681600
0.748800	24.800000	1.680800
0.749200	24.800000	1.681600
0.749600	24.800000	1.681600
0.750000	25.200000	1.681600
0.750400	25.200000	1.681600
0.750800	25.200000	1.680000
0.751200	25.200000	1.680800
0.751600	25.200000	1.680800
0.752000	25.200000	1.681600
0.752400	25.600000	1.680800
0.752800	25.200000	1.681600
0.753200	25.200000	1.680800
0.753600	25.200000	1.680800
0.754000	25.600000	1.680800
0.754400	25.600000	1.680000
0.754800	25.600000	1.681600
0.755200	25.600000	1.681600
0.755600	25.600000	1.681600
0.756000	26.000000	1.680800
0.756400	26.000000	1.680000
0.756800	26.000000	1.680800
0.757200	26.000000	1.681600
0.757600	26.000000	1.680800
0.758000	26.000000	1.681600
0.758400	26.000000	1.680800
0.758800	26.400000	1.681600
0.759200	26.000000	1.680800
0.759600	26.400000	1.680800
0.760000	26.000000	1.681600
0.760400	26.400000	1.680800
0.760800	26.400000	1.681600
0.761200	26.400000	1.680800
0.761600	26.400000	1.681600
0.762000	26.400000	1.681600
0.762400	26.400000	1.680800
0.762800	26.400000	1.680800
0.763200	26.400000	1.680000
0.763600	26.400000	1.679200
0.764000	26.400000	1.677600
0.764400	26.800000	1.679200
0.764800	26.400000	1.677600
0.765200	26.800000	1.679200
0.765600	26.400000	1.678400
0.766000	26.800000	1.679200
0.766400	26.400000	1.679200
0.766800	26.400000	1.679200
0.767200	26.800000	1.680000
0.767600	26.800000	1.678400
0.768000	26.800000	1.679200
0.768400	27.200000	1.679200
0.768800	26.800000	1.680000
0.769200	26.800000	1.680800
0.769600	27.200000	1.680800
0.770000	27.200000	1.680000
0.770400	27.200000	1.679200
0.770800	27.200000	1.681600
0.771200	27.200000	1.679200
0.771600	27.200000	1.680000
0.772000	27.600000	1.680000
0.772400	27.200000	1.680800
0.772800	27.200000	1.680800
0.773200	27.600000	1.679200
0.773600	27.600000	1.680800
0.774000	27.600000	1.680000
0.774400	27.600000	1.680000
0.774800	27.600000	1.680800
0.775200	27.600000	1.680800
0.775600	27.600000	1.680800
0.776000	27.600000	1.680800
0.776400	27.600000	1.681600
0.776800	27.600000	1.680800
0.777200	27.600000	1.681600
0.777600	28.000000	1.681600
0.778000	28.000000	1.680000
0.778400	28.000000	1.680800
0.778800	28.000000	1.681600
0.779200	28.000000	1.681600
0.779600	28.000000	1.681600
0.780000	28.000000	1.681600
0.780400	28.000000	1.681600
0.780800	28.000000	1.681600
0.781200	28.000000	1.681600
0.781600	28.000000	1.681600
0.782000	28.000000	1.682400
0.782400	28.400000	1.680800
0.782800	28.000000	1.681600
0.783200	28.400000	1.682400
0.783600	28.400000	1.682400
0.784000	28.400000	1.681600
0.784400	28.400000	1.680000
0.784800	28.400000	1.680800
0.785200	28.400000	1.682400
0.785600	28.800000	1.682400
0.786000	28.400000	1.680800
0.786400	28.400000	1.680800
0.786800	28.800000	1.681600
0.787200	28.800000	1.681600
0.787600	28.800000	1.680800
0.788000	28.800000	1.681600
0.788400	28.800000	1.680800
0.788800	28.800000	1.680800
0.789200	28.800000	1.682400
0.789600	28.800000	1.680800
0.790000	29.200000	1.681600
0.790400	29.200000	1.680000
0.790800	29.200000	1.681600
0.791200	29.200000	1.681600
0.791600	29.200000	1.680800
0.792000	29.200000	1.680800
0.792400	29.200000	1.681600
0.792800	29.200000	1.680000
0.793200	29.600000	1.682400
0.793600	29.200000	1.681600
0.794000	29.600000	1.682400
0.794400	29.600000	1.682400
0.794800	29.600000	1.681600
0.795200	29.600000	1.682400
0.795600	29.600000	1.682400
0.796000	29.600000	1.682400
0.796400	29.600000	1.682400
0.796800	29.600000	1.681600
0.797200	30.000000	1.682400
0.797600	29.600000	1.682400
0.798000	30.000000	1.681600
0.798400	30.000000	1.681600
0.798800	29.600000	1.681600
0.799200	30.000000	1.682400
0.799600	30.000000	1.681600
0.800000	30.000000	1.681600
0.800400	30.000000	1.681600
0.800800	30.000000	1.683200
0.801200	30.000000	1.682400
0.801600	30.000000	1.681600
0.802000	30.000000	1.682400
0.802400	30.000000	1.680800
0.802800	30.000000	1.682400
0.803200	30.000000	1.681600
0.803600	30.400000	1.681600
0.804000	30.400000	1.681600
0.804400	30.000000	1.681600
0.804800	30.400000	1.683200
0.805200	30.800000	1.682400
0.805600	30.800000	1.681600
0.806000	30.400000	1.682400
0.806400	30.800000	1.682400
0.806800	30.800000	1.681600
0.807200	30.800000	1.682400
0.807600	30.800000	1.681600
0.808000	30.800000	1.681600
0.808400	30.800000	1.682400
0.808800	30.800000	1.681600
0.809200	31.200000	1.681600
0.809600	30.800000	1.681600
0.810000	31.200000	1.680000
0.810400	31.200000	1.682400
0.810800	30.800000	1.682400
0.811200	31.200000	1.682400
0.811600	31.200000	1.681600
0.812000	31.200000	1.682400
0.812400	31.200000	1.683200
0.812800	31.200000	1.682400
0.813200	31.200000	1.683200
0.813600	31.200000	1.682400
0.814000	31.200000	1.683200
0.814400	31.200000	1.682400
0.814800	31.600000	1.683200
0.815200	31.200000	1.684800
0.815600	31.200000	1.683200
0.816000	31.600000	1.682400
0.816400	31.200000	1.683200
0.816800	31.600000	1.684000
0.817200	31.200000	1.682400
0.817600	31.200000	1.682400
0.818000	31.200000	1.683200
0.818400	31.600000	1.683200
0.818800	31.600000	1.682400
0.819200	31.600000	1.682400
0.819600	31.600000	1.681600
0.820000	31.600000	1.682400
0.820400	31.600000	1.681600
0.820800	32.000000	1.682400
0.821200	32.000000	1.681600
0.821600	31.600000	1.681600
0.822000	32.000000	1.682400
0.822400	32.000000	1.680800
0.822800	32.000000	1.680800
0.823200	32.400000	1.681600
0.823600	32.000000	1.681600
0.824000	32.000000	1.681600
0.824400	32.400000	1.680800
0.824800	32.400000	1.681600
0.825200	32.400000	1.681600
0.825600	32.400000	1.681600
0.826000	32.400000	1.683200
0.826400	32.400000	1.682400
0.826800	32.400000	1.681600
0.827200	32.400000	1.683200
0.827600	32.400000	1.682400
0.828000	32.400000	1.681600
0.828400	32.400000	1.681600
0.828800	32.800000	1.682400
0.829200	32.800000	1.681600
0.829600	32.400000	1.682400
0.830000	32.400000	1.683200
0.830400	32.800000	1.682400
0.830800	32.800000	1.682400
0.831200	32.800000	1.682400
0.831600	32.800000	1.682400
0.832000	32.800000	1.682400
0.832400	32.800000	1.682400
0.832800	32.800000	1.683200
0.833200	32.800000	1.682400
0.833600	32.800000	1.681600
0.834000	32.800000	1.682400
0.834400	32.800000	1.682400
0.834800	33.200000	1.683200
0.835200	33.200000	1.683200
0.835600	33.200000	1.682400
0.836000	33.600000	1.682400
0.836400	33.200000	1.683200
0.836800	33.600000	1.681600
0.837200	33.600000	1.682400
0.837600	33.200000	1.682400
0.838000	33.600000	1.682400
0.838400	33.600000	1.683200
0.838800	33.600000	1.682400
0.839200	33.600000	1.682400
0.839600	34.000000	1.682400
0.840000	33.600000	1.681600
0.840400	34.000000	1.680800
0.840800	33.600000	1.681600
0.841200	34.000000	1.681600
0.841600	34.000000	1.681600
0.842000	34.000000	1.681600
0.842400	34.000000	1.680800
0.842800	34.400000	1.680000
0.843200	34.000000	1.682400
0.843600	34.000000	1.682400
0.844000	34.400000	1.681600
0.844400	34.400000	1.682400
0.844800	34.000000	1.682400
0.845200	34.400000	1.683200
0.845600	34.400000	1.683200
0.846000	34.400000	1.682400
0.846400	34.400000	1.682400
0.846800	34.400000	1.684000
0.847200	34.400000	1.683200
0.847600	34.400000	1.683200
0.848000	34.400000	1.683200
0.848400	34.400000	1.681600
0.848800	34.400000	1.683200
0.849200	34.400000	1.682400
0.849600	34.400000	1.682400
0.850000	34.400000	1.682400
0.850400	34.800000	1.681600
0.850800	34.400000	1.682400
0.851200	34.400000	1.682400
0.851600	34.400000	1.682400
0.852000	34.400000	1.682400
0.852400	34.800000	1.682400
0.852800	34.800000	1.682400
0.853200	34.800000	1.681600
0.853600	34.800000	1.682400
0.854000	34.800000	1.683200
0.854400	35.200000	1.682400
0.854800	34.800000	1.683200
0.855200	34.800000	1.681600
0.855600	35.200000	1.683200
0.856000	35.200000	1.682400
0.856400	35.200000	1.682400
0.856800	35.600000	1.682400
0.857200	35.200000	1.683200
0.857600	35.200000	1.683200
0.858000	35.200000	1.681600
0.858400	35.200000	1.683200
0.858800	35.200000	1.682400
0.859200	35.600000	1.681600
0.859600	35.600000	1.681600
0.860000	35.600000	1.681600
0.860400	35.600000	1.682400
0.860800	35.600000	1.682400
0.861200	35.600000	1.681600
0.861600	36.000000	1.681600
0.862000	35.600000	1.683200
0.862400	36.000000	1.682400
0.862800	36.000000	1.682400
0.863200	36.000000	1.683200
0.863600	36.000000	1.682400
0.864000	36.000000	1.684000
0.864400	36.000000	1.684000
0.864800	36.000000	1.683200
0.865200	36.000000	1.684000
0.865600	36.000000	1.683200
0.866000	36.000000	1.684000
0.866400	36.400000	1.684000
0.866800	36.000000	1.683200
0.867200	36.000000	1.683200
0.867600	36.000000	1.684000
0.868000	36.400000	1.682400
0.868400	36.400000	1.684000
0.868800	36.400000	1.682400
0.869200	36.400000	1.682400
0.869600	36.400000	1.682400
0.870000	36.400000	1.681600
0.870400	36.400000	1.684000
0.870800	36.800000	1.682400
0.871200	36.800000	1.682400
0.871600	36.800000	1.682400
0.872000	36.800000	1.682400
0.872400	36.800000	1.681600
0.872800	36.800000	1.682400
0.873200	37.200000	1.682400
0.873600	36.800000	1.683200
0.874000	36.800000	1.681600
0.874400	37.200000	1.682400
0.874800	36.800000	1.682400
0.875200	37.200000	1.683200
0.875600	37.200000	1.682400
0.876000	37.600000	1.681600
0.876400	37.200000	1.683200
0.876800	37.200000	1.683200
0.877200	37.200000	1.682400
0.877600	37.200000	1.682400
0.878000	37.600000	1.682400
0.878400	37.600000	1.683200
0.878800	37.600000	1.683200
0.879200	37.600000	1.682400
0.879600	37.600000	1.683200
0.880000	37.600000	1.684000
0.880400	37.600000	1.682400
0.880800	37.600000	1.683200
0.881200	37.600000	1.683200
0.881600	37.600000	1.683200
0.882000	38.000000	1.684000
0.882400	37.600000	1.683200
0.882800	37.600000	1.683200
0.883200	38.000000	1.684000
0.883600	37.600000	1.684000
0.884000	38.000000	1.682400
0.884400	38.000000	1.684000
0.884800	38.000000	1.683200
0.885200	38.000000	1.684000
0.885600	38.000000	1.684000
0.886000	38.000000	1.683200
0.886400	38.000000	1.684000
0.886800	38.000000	1.683200
0.887200	38.400000	1.683200
0.887600	38.400000	1.681600
0.888000	38.400000	1.683200
0.888400	38.400000	1.683200
0.888800	38.400000	1.684000
0.889200	38.400000	1.682400
0.889600	38.400000	1.682400
0.890000	38.800000	1.682400
0.890400	38.800000	1.681600
0.890800	38.800000	1.681600
0.891200	38.800000	1.682400
0.891600	38.800000	1.681600
0.892000	38.800000	1.682400
0.892400	38.800000	1.682400
0.892800	38.800000	1.682400
0.893200	38.800000	1.681600
0.893600	39.200000	1.682400
0.894000	38.800000	1.683200
0.894400	39.200000	1.682400
0.894800	39.200000	1.683200
0.895200	38.800000	1.682400
0.895600	39.200000	1.681600
0.896000	39.200000	1.683200
0.896400	38.800000	1.681600
0.896800	39.200000	1.682400
0.897200	39.200000	1.682400
0.897600	38.800000	1.681600
0.898000	39.200000	1.682400
0.898400	39.200000	1.682400
0.898800	39.200000	1.681600
0.899200	39.200000	1.680800
0.899600	39.200000	1.680800
0.900000	39.600000	1.680800
0.900400	39.600000	1.680000
0.900800	39.600000	1.680800
0.901200	39.600000	1.680000
0.901600	39.600000	1.680000
0.902000	39.600000	1.680800
0.902400	39.600000	1.680800
0.902800	39.600000	1.681600
0.903200	39.600000	1.681600
0.903600	39.600000	1.680800
0.904000	39.600000	1.680800
0.904400	40.000000	1.682400
0.904800	40.000000	1.682400
0.905200	40.400000	1.680800
0.905600	40.000000	1.681600
0.906000	40.000000	1.681600
0.906400	40.000000	1.682400
0.906800	40.400000	1.680800
0.907200	40.400000	1.681600
0.907600	40.400000	1.680800
0.908000	40.400000	1.681600
0.908400	40.400000	1.681600
0.908800	40.400000	1.680800
0.909200	40.400000	1.682400
0.909600	40.400000	1.680000
0.910000	40.800000	1.682400
0.910400	40.800000	1.683200
0.910800	40.800000	1.681600
0.911200	40.400000	1.682400
0.911600	40.400000	1.681600
0.912000	40.400000	1.684000
0.912400	40.800000	1.682400
0.912800	40.800000	1.684000
0.913200	40.800000	1.683200
0.913600	40.800000	1.684000
0.914000	41.200000	1.682400
0.914400	40.800000	1.683200
0.914800	40.800000	1.684800
0.915200	40.800000	1.684800
0.915600	41.200000	1.684800
0.916000	41.200000	1.683200
0.916400	40.800000	1.683200
0.916800	41.200000	1.684000
0.917200	40.800000	1.683200
0.917600	41.200000	1.684000
0.918000	41.200000	1.683200
0.918400	41.200000	1.682400
0.918800	41.200000	1.684000
0.919200	41.200000	1.684000
0.919600	41.200000	1.682400
0.920000	41.200000	1.682400
0.920400	41.200000	1.683200
0.920800	41.200000	1.683200
0.921200	41.600000	1.683200
0.921600	41.200000	1.682400
0.922000	41.200000	1.683200
0.922400	41.600000	1.682400
0.922800	41.600000	1.682400
0.923200	41.600000	1.683200
0.923600	42.000000	1.683200
0.924000	42.000000	1.683200
0.924400	41.600000	1.684000
0.924800	42.000000	1.684000
0.925200	42.000000	1.684000
0.925600	42.000000	1.684000
0.926000	42.000000	1.684000
0.926400	42.000000	1.683200
0.926800	42.400000	1.683200
0.927200	42.000000	1.683200
0.927600	42.400000	1.683200
0.928000	42.000000	1.683200
0.928400	42.400000	1.684000
0.928800	42.400000	1.682400
0.929200	42.400000	1.683200
0.929600	42.400000	1.684000
0.930000	42.400000	1.684800
0.930400	42.400000	1.684000
0.930800	42.400000	1.684000
0.931200	42.400000	1.682400
0.931600	42.400000	1.684000
0.932000	42.400000	1.684000
0.932400	42.400000	1.683200
0.932800	42.800000	1.684000
0.933200	42.400000	1.684000
0.933600	42.400000	1.684000
0.934000	42.800000	1.683200
0.934400	42.400000	1.684000
0.934800	42.800000	1.684000
0.935200	42.400000	1.684000
0.935600	42.800000	1.683200
0.936000	42.800000	1.684000
0.936400	42.800000	1.684800
0.936800	42.800000	1.684800
0.937200	42.800000	1.684000
0.937600	43.200000	1.682400
0.938000	43.200000	1.684000
0.938400	43.200000	1.684000
0.938800	43.200000	1.683200
0.939200	43.200000	1.683200
0.939600	43.600000	1.684000
0.940000	43.200000	1.683200
0.940400	43.600000	1.683200
0.940800	43.200000	1.682400
0.941200	43.600000	1.683200
0.941600	43.600000	1.683200
0.942000	43.200000	1.682400
0.942400	43.600000	1.683200
0.942800	43.600000	1.684000
0.943200	43.600000	1.684000
0.943600	43.600000	1.684800
0.944000	44.000000	1.684000
0.944400	44.000000	1.684000
0.944800	43.600000	1.684000
0.945200	44.000000	1.684800
0.945600	44.000000	1.684000
0.946000	44.000000	1.684000
0.946400	44.000000	1.684800
0.946800	44.000000	1.685600
0.947200	44.000000	1.684800
0.947600	43.600000	1.684800
0.948000	44.000000	1.684800
0.948400	44.000000	1.684800
0.948800	44.000000	1.684800
0.949200	44.000000	1.684000
0.949600	44.000000	1.684000
0.950000	44.400000	1.684800
0.950400	44.400000	1.684000
0.950800	44.000000	1.684000
0.951200	44.000000	1.685600
0.951600	44.400000	1.685600
0.952000	44.400000	1.683200
0.952400	44.400000	1.683200
0.952800	44.400000	1.684000
0.953200	44.800000	1.684000
0.953600	44.400000	1.684000
0.954000	44.400000	1.684000
0.954400	44.800000	1.684000
0.954800	44.800000	1.684000
0.955200	44.400000	1.684800
0.955600	44.800000	1.685600
0.956000	44.800000	1.684800
0.956400	45.200000	1.684000
0.956800	44.800000	1.684000
0.957200	44.800000	1.685600
0.957600	44.800000	1.683200
0.958000	44.800000	1.684800
0.958400	45.200000	1.684800
0.958800	45.200000	1.684000
0.959200	45.200000	1.684000
0.959600	45.200000	1.684000
0.960000	44.800000	1.684000
0.960400	45.200000	1.684000
0.960800	45.600000	1.684000
0.961200	45.200000	1.684000
0.961600	45.600000	1.683200
0.962000	45.200000	1.684800
0.962400	45.200000	1.684800
0.962800	45.200000	1.684000
0.963200	45.600000	1.684000
0.963600	45.200000	1.684800
0.964000	45.200000	1.684000
0.964400	45.600000	1.684800
0.964800	45.600000	1.684000
0.965200	45.600000	1.684800
0.965600	45.600000	1.685600
0.966000	45.600000	1.684800
0.966400	45.600000	1.685600
0.966800	45.600000	1.684800
0.967200	45.600000	1.685600
0.967600	46.000000	1.684800
0.968000	46.000000	1.684000
0.968400	46.000000	1.684800
0.968800	45.600000	1.684000
0.969200	46.000000	1.683200
0.969600	46.000000	1.684000
0.970000	46.000000	1.684000
0.970400	46.000000	1.685600
0.970800	46.000000	1.684000
0.971200	46.400000	1.684000
0.971600	46.400000	1.684000
0.972000	46.400000	1.684000
0.972400	46.400000	1.684000
0.972800	-46.000000	1.684000
0.973200	-46.000000	1.683200
0.973600	-46.000000	1.682400
0.974000	-46.000000	1.681600
0.974400	-46.000000	1.682400
0.974800	-46.000000	1.680000
0.975200	-46.000000	1.632800
0.975600	-46.000000	1.636000
0.976000	-46.000000	1.642400
0.976400	-46.000000	1.644800
0.976800	-46.000000	1.649600
0.977200	-46.000000	1.652800
0.977600	-46.000000	1.656000
0.978000	-46.000000	1.656800
0.978400	-45.600000	1.660800
0.978800	-45.600000	1.663200
0.979200	-45.600000	1.664000
0.979600	-45.200000	1.665600
0.980000	-45.200000	1.668000
0.980400	-44.800000	1.668000
0.980800	-44.800000	1.669600
0.981200	-44.800000	1.668800
0.981600	-44.800000	1.669600
0.982000	-44.800000	1.671200
0.982400	-44.800000	1.672800
0.982800	-44.800000	1.672800
0.983200	-44.400000	1.673600
0.983600	-44.400000	1.675200
0.984000	-44.400000	1.675200
0.984400	-44.400000	1.676000
0.984800	-44.400000	1.676800
0.985200	-44.000000	1.678400
0.985600	-44.400000	1.677600
0.986000	-44.400000	1.678400
0.986400	-44.000000	1.679200
0.986800	-44.000000	1.678400
0.987200	-44.000000	1.680000
0.987600	-44.000000	1.680000
0.988000	-44.000000	1.680800
0.988400	-44.000000	1.680000
0.988800	-43.600000	1.680800
0.989200	-43.600000	1.680800
0.989600	-43.600000	1.680000
0.990000	-43.200000	1.681600
0.990400	-43.200000	1.680000
0.990800	-43.200000	1.680800
0.991200	-43.200000	1.681600
0.991600	-43.600000	1.680800
0.992000	-43.200000	1.682400
0.992400	-43.200000	1.682400
0.992800	-43.200000	1.682400
0.993200	-42.800000	1.681600
0.993600	-43.200000	1.682400
0.994000	-43.200000	1.683200
0.994400	-43.200000	1.684000
0.994800	-43.200000	1.684000
0.995200	-43.200000	1.683200
0.995600	-43.200000	1.684000
0.996000	-43.200000	1.684000
0.996400	-43.200000	1.684000
0.996800	-42.800000	1.683200
0.997200	-42.800000	1.683200
0.997600	-42.800000	1.684000
0.998000	-43.200000	1.683200
0.998400	-43.200000	1.684000
0.998800	-43.200000	1.684000
0.999200	-42.800000	1.684000
0.999600	-42.800000	1.684000
