0.000000	-23.200000	1.712000
0.000200	-23.600000	1.712800
0.000400	-23.600000	1.712800
0.000600	-23.200000	1.712800
0.000800	-23.600000	1.712000
0.001000	-23.200000	1.712000
0.001200	-23.200000	1.712000
0.001400	-23.200000	1.712000
0.001600	-23.200000	1.712800
0.001800	-23.200000	1.712800
0.002000	-23.200000	1.712800
0.002200	-23.200000	1.712800
0.002400	-22.800000	1.712800
0.002600	-23.200000	1.712000
0.002800	-23.200000	1.712000
0.003000	-23.200000	1.712000
0.003200	-22.800000	1.712800
0.003400	-23.200000	1.712800
0.003600	-22.800000	1.712800
0.003800	-23.200000	1.712000
0.004000	-23.200000	1.712000
0.004200	-22.800000	1.712800
0.004400	-22.800000	1.712800
0.004600	-22.800000	1.712800
0.004800	-23.200000	1.712800
0.005000	-22.800000	1.712800
0.005200	-22.800000	1.712000
0.005400	-22.800000	1.712800
0.005600	-23.200000	1.712800
0.005800	-22.800000	1.712800
0.006000	-22.800000	1.712800
0.006200	-22.800000	1.712000
0.006400	-22.800000	1.712000
0.006600	-22.800000	1.712000
0.006800	-22.800000	1.712800
0.007000	-22.800000	1.713600
0.007200	-22.800000	1.712800
0.007400	-22.800000	1.711200
0.007600	-22.800000	1.712000
0.007800	-22.800000	1.712800
0.008000	-22.800000	1.712800
0.008200	-22.800000	1.712000
0.008400	-22.800000	1.712000
0.008600	-22.800000	1.712800
0.008800	-22.800000	1.712000
0.009000	-22.800000	1.712000
0.009200	-22.800000	1.712000
0.009400	-22.400000	1.712000
0.009600	-22.800000	1.711200
0.009800	-22.800000	1.711200
0.010000	-22.400000	1.711200
0.010200	-22.400000	1.712000
0.010400	-22.400000	1.712800
0.010600	-22.800000	1.712800
0.010800	-22.400000	1.711200
0.011000	-22.400000	1.712000
0.011200	-22.400000	1.712000
0.011400	-22.400000	1.712000
0.011600	-22.400000	1.712800
0.011800	-22.400000	1.712000
0.012000	-22.400000	1.712800
0.012200	-22.400000	1.711200
0.012400	-22.400000	1.712800
0.012600	-22.400000	1.712000
0.012800	-22.400000	1.712800
0.013000	-22.400000	1.712000
0.013200	-22.400000	1.712800
0.013400	-22.400000	1.712000
0.013600	-22.000000	1.712800
0.013800	-22.400000	1.712000
0.014000	-22.000000	1.712800
0.014200	-22.000000	1.712000
0.014400	-22.400000	1.712800
0.014600	-22.000000	1.712000
0.014800	-22.000000	1.712800
0.015000	-22.000000	1.712800
0.015200	-22.000000	1.713600
0.015400	-22.000000	1.712800
0.015600	-22.000000	1.712000
0.015800	-22.000000	1.711200
0.016000	-22.000000	1.712000
0.016200	-22.000000	1.712800
0.016400	-22.000000	1.712800
0.016600	-22.000000	1.712000
0.016800	-22.000000	1.711200
0.017000	-22.000000	1.711200
0.017200	-22.000000	1.712000
0.017400	-22.000000	1.712000
0.017600	-22.000000	1.712000
0.017800	-22.000000	1.711200
0.018000	-22.000000	1.712000
0.018200	-22.000000	1.711200
0.018400	-22.000000	1.712000
0.018600	-21.600000	1.712000
0.018800	-22.000000	1.712800
0.019000	-21.600000	1.712000
0.019200	-21.600000	1.712000
0.019400	-22.000000	1.712000
0.019600	-21.600000	1.711200
0.019800	-21.600000	1.711200
0.020000	-21.600000	1.712000
0.020200	-21.600000	1.712800
0.020400	-21.600000	1.712000
0.020600	-21.600000	1.711200
0.020800	-21.600000	1.711200
0.021000	-21.600000	1.712000
0.021200	-21.600000	1.712000
0.021400	-21.600000	1.712000
0.021600	-21.600000	1.712800
0.021800	-21.600000	1.712800
0.022000	-21.600000	1.712000
0.022200	-21.200000	1.712000
0.022400	-21.200000	1.712800
0.022600	-21.200000	1.711200
0.022800	-21.600000	1.712800
0.023000	-21.200000	1.712000
0.023200	-21.200000	1.712800
0.023400	-21.200000	1.712800
0.023600	-21.200000	1.713600
0.023800	-21.200000	1.712000
0.024000	-21.200000	1.712000
0.024200	-21.200000	1.712000
0.024400	-21.200000	1.712000
0.024600	-21.200000	1.712000
0.024800	-21.200000	1.711200
0.025000	-21.200000	1.712000
0.025200	-21.200000	1.711200
0.025400	-21.200000	1.709600
0.025600	-21.200000	1.709600
0.025800	-20.800000	1.708800
0.026000	-21.200000	1.708800
0.026200	-20.800000	1.708000
0.026400	-21.200000	1.708000
0.026600	-21.200000	1.706400
0.026800	-21.200000	1.705600
0.027000	-21.200000	1.704800
0.027200	-21.200000	1.704800
0.027400	-20.800000	1.704000
0.027600	-21.200000	1.703200
0.027800	-20.800000	1.703200
0.028000	-20.800000	1.702400
0.028200	-20.800000	1.703200
0.028400	-20.800000	1.702400
0.028600	-20.800000	1.702400
0.028800	-20.800000	1.702400
0.029000	-20.800000	1.703200
0.029200	-20.800000	1.702400
0.029400	-20.800000	1.703200
0.029600	-20.800000	1.704000
0.029800	-20.800000	1.704000
0.030000	-20.400000	1.704800
0.030200	-20.400000	1.705600
0.030400	-20.800000	1.704800
0.030600	-20.800000	1.704800
0.030800	-20.800000	1.705600
0.031000	-20.400000	1.706400
0.031200	-20.400000	1.705600
0.031400	-20.400000	1.707200
0.031600	-20.400000	1.707200
0.031800	-20.800000	1.706400
0.032000	-20.000000	1.709600
0.032200	-20.400000	1.708000
0.032400	-20.400000	1.708800
0.032600	-20.400000	1.708000
0.032800	-20.400000	1.708000
0.033000	-20.000000	1.708800
0.033200	-20.000000	1.708800
0.033400	-20.400000	1.708000
0.033600	-20.000000	1.708000
0.033800	-20.000000	1.708800
0.034000	-20.000000	1.710400
0.034200	-20.000000	1.708800
0.034400	-20.400000	1.708800
0.034600	-20.000000	1.708800
0.034800	-20.000000	1.708800
0.035000	-20.000000	1.708800
0.035200	-20.000000	1.709600
0.035400	-20.000000	1.708800
0.035600	-20.000000	1.709600
0.035800	-20.000000	1.709600
0.036000	-20.000000	1.708800
0.036200	-20.000000	1.708800
0.036400	-20.000000	1.710400
0.036600	-20.000000	1.709600
0.036800	-20.000000	1.710400
0.037000	-20.000000	1.709600
0.037200	-20.000000	1.710400
0.037400	-20.000000	1.708800
0.037600	-19.600000	1.709600
0.037800	-20.000000	1.710400
0.038000	-19.600000	1.709600
0.038200	-19.600000	1.710400
0.038400	-19.600000	1.710400
0.038600	-20.000000	1.710400
0.038800	-20.000000	1.711200
0.039000	-20.000000	1.710400
0.039200	-20.000000	1.710400
0.039400	-19.600000	1.709600
0.039600	-19.600000	1.709600
0.039800	-19.200000	1.710400
0.040000	-19.600000	1.711200
0.040200	-19.600000	1.710400
0.040400	-19.600000	1.711200
0.040600	-19.600000	1.710400
0.040800	-19.200000	1.710400
0.041000	-19.600000	1.711200
0.041200	-19.600000	1.711200
0.041400	-19.600000	1.711200
0.041600	-19.200000	1.711200
0.041800	-19.600000	1.711200
0.042000	-19.600000	1.710400
0.042200	-19.600000	1.711200
0.042400	-19.600000	1.712000
0.042600	-19.600000	1.712000
0.042800	-19.600000	1.712000
0.043000	-19.600000	1.711200
0.043200	-19.600000	1.711200
0.043400	-19.200000	1.711200
0.043600	-19.200000	1.712000
0.043800	-19.200000	1.711200
0.044000	-19.200000	1.711200
0.044200	-19.200000	1.709600
0.044400	-19.200000	1.710400
0.044600	-19.200000	1.711200
0.044800	-19.200000	1.711200
0.045000	-19.200000	1.711200
0.045200	-19.200000	1.712000
0.045400	-19.200000	1.712000
0.045600	-19.200000	1.711200
0.045800	-19.200000	1.710400
0.046000	-19.200000	1.712000
0.046200	-19.200000	1.712000
0.046400	-19.200000	1.711200
0.046600	-19.200000	1.712000
0.046800	-19.200000	1.712000
0.047000	-19.200000	1.711200
0.047200	-18.800000	1.711200
0.047400	-18.800000	1.711200
0.047600	-18.800000	1.712000
0.047800	-19.200000	1.711200
0.048000	-19.200000	1.712000
0.048200	-19.200000	1.712000
0.048400	-19.200000	1.712000
0.048600	-18.800000	1.712800
0.048800	-18.800000	1.711200
0.049000	-18.800000	1.711200
0.049200	-18.800000	1.712000
0.049400	-18.800000	1.712000
0.049600	-18.800000	1.711200
0.049800	-18.800000	1.710400
0.050000	-18.800000	1.712000
0.050200	-18.800000	1.712800
0.050400	-18.800000	1.712000
0.050600	-18.800000	1.711200
0.050800	-18.400000	1.711200
0.051000	-18.800000	1.711200
0.051200	-18.800000	1.712000
0.051400	-18.800000	1.711200
0.051600	-18.800000	1.712000
0.051800	-18.400000	1.711200
0.052000	-18.800000	1.711200
0.052200	-18.400000	1.712000
0.052400	-18.400000	1.711200
0.052600	-18.800000	1.711200
0.052800	-18.400000	1.712000
0.053000	-18.400000	1.712000
0.053200	-18.400000	1.712000
0.053400	-18.400000	1.711200
0.053600	-18.400000	1.711200
0.053800	-18.400000	1.712000
0.054000	-18.400000	1.712800
0.054200	-18.400000	1.713600
0.054400	-18.400000	1.712000
0.054600	-18.400000	1.712800
0.054800	-18.400000	1.712000
0.055000	-18.400000	1.711200
0.055200	-18.400000	1.711200
0.055400	-18.400000	1.711200
0.055600	-18.400000	1.712000
0.055800	-18.000000	1.712800
0.056000	-18.000000	1.712800
0.056200	-18.000000	1.712800
0.056400	-18.000000	1.712000
0.056600	-18.000000	1.712000
0.056800	-18.000000	1.712000
0.057000	-18.000000	1.712000
0.057200	-18.000000	1.712000
0.057400	-18.000000	1.712000
0.057600	-18.000000	1.712800
0.057800	-18.400000	1.711200
0.058000	-18.000000	1.711200
0.058200	-18.000000	1.711200
0.058400	-18.000000	1.711200
0.058600	-18.000000	1.711200
0.058800	-17.600000	1.712000
0.059000	-18.000000	1.711200
0.059200	-17.600000	1.711200
0.059400	-17.600000	1.712000
0.059600	-18.000000	1.712000
0.059800	-17.600000	1.710400
0.060000	-17.600000	1.711200
0.060200	-17.600000	1.711200
0.060400	-18.000000	1.712000
0.060600	-17.600000	1.712000
0.060800	-17.600000	1.712000
0.061000	-17.600000	1.712000
0.061200	-17.600000	1.711200
0.061400	-17.600000	1.712000
0.061600	-17.600000	1.711200
0.061800	-17.600000	1.712800
0.062000	-17.600000	1.712000
0.062200	-17.600000	1.712800
0.062400	-17.600000	1.712800
0.062600	-17.600000	1.712000
0.062800	-17.600000	1.711200
0.063000	-17.600000	1.711200
0.063200	-17.600000	1.712800
0.063400	-17.600000	1.711200
0.063600	-17.200000	1.712800
0.063800	-17.200000	1.712000
0.064000	-17.200000	1.712000
0.064200	-17.200000	1.712000
0.064400	-17.600000	1.712800
0.064600	-17.200000	1.711200
0.064800	-17.200000	1.712000
0.065000	-17.200000	1.712800
0.065200	-17.200000	1.713600
0.065400	-17.200000	1.712800
0.065600	-17.200000	1.712000
0.065800	-17.200000	1.712000
0.066000	-17.200000	1.712000
0.066200	-17.200000	1.712000
0.066400	-17.200000	1.712000
0.066600	-16.800000	1.712000
0.066800	-17.200000	1.711200
0.067000	-17.200000	1.712000
0.067200	-16.800000	1.711200
0.067400	-17.200000	1.712000
0.067600	-16.800000	1.711200
0.067800	-16.800000	1.712000
0.068000	-16.800000	1.712000
0.068200	-16.800000	1.711200
0.068400	-16.800000	1.712000
0.068600	-16.800000	1.712000
0.068800	-16.800000	1.712000
0.069000	-16.800000	1.711200
0.069200	-16.800000	1.712000
0.069400	-16.800000	1.712000
0.069600	-16.800000	1.712000
0.069800	-16.800000	1.711200
0.070000	-16.800000	1.712800
0.070200	-16.800000	1.710400
0.070400	-16.800000	1.711200
0.070600	-16.800000	1.710400
0.070800	-16.400000	1.711200
0.071000	-16.800000	1.712000
0.071200	-16.800000	1.712000
0.071400	-16.800000	1.711200
0.071600	-16.800000	1.710400
0.071800	-16.400000	1.711200
0.072000	-16.400000	1.711200
0.072200	-16.800000	1.711200
0.072400	-16.800000	1.711200
0.072600	-16.400000	1.712000
0.072800	-16.800000	1.712000
0.073000	-16.400000	1.712000
0.073200	-16.800000	1.712000
0.073400	-16.400000	1.711200
0.073600	-16.400000	1.711200
0.073800	-16.400000	1.712000
0.074000	-16.400000	1.712000
0.074200	-16.400000	1.711200
0.074400	-16.400000	1.711200
0.074600	-16.000000	1.711200
0.074800	-16.000000	1.712000
0.075000	-16.400000	1.711200
0.075200	-16.400000	1.711200
0.075400	-16.000000	1.712000
0.075600	-16.400000	1.712000
0.075800	-16.000000	1.711200
0.076000	-16.400000	1.710400
0.076200	-16.000000	1.712000
0.076400	-16.000000	1.712000
0.076600	-16.000000	1.712000
0.076800	-16.000000	1.711200
0.077000	-16.000000	1.711200
0.077200	-16.000000	1.712000
0.077400	-16.000000	1.712000
0.077600	-16.000000	1.710400
0.077800	-16.000000	1.711200
0.078000	-16.000000	1.712000
0.078200	-16.000000	1.711200
0.078400	-16.000000	1.711200
0.078600	-16.000000	1.711200
0.078800	-16.000000	1.711200
0.079000	-16.000000	1.711200
0.079200	-16.000000	1.711200
0.079400	-16.000000	1.711200
0.079600	-16.000000	1.711200
0.079800	-15.600000	1.710400
0.080000	-16.000000	1.711200
0.080200	-15.600000	1.712000
0.080400	-15.600000	1.712000
0.080600	-15.600000	1.710400
0.080800	-15.600000	1.711200
0.081000	-16.000000	1.712000
0.081200	-15.600000	1.710400
0.081400	-15.600000	1.711200
0.081600	-15.600000	1.711200
0.081800	-15.600000	1.711200
0.082000	-15.600000	1.711200
0.082200	-15.600000	1.711200
0.082400	-15.600000	1.711200
0.082600	-15.600000	1.711200
0.082800	-15.600000	1.712800
0.083000	-15.600000	1.712000
0.083200	-15.600000	1.711200
0.083400	-15.600000	1.712000
0.083600	-15.200000	1.711200
0.083800	-15.600000	1.709600
0.084000	-15.600000	1.712000
0.084200	-15.200000	1.711200
0.084400	-15.600000	1.709600
0.084600	-15.200000	1.711200
0.084800	-15.200000	1.711200
0.085000	-15.200000	1.712000
0.085200	-15.200000	1.712000
0.085400	-15.200000	1.711200
0.085600	-15.200000	1.712000
0.085800	-15.200000	1.711200
0.086000	-15.200000	1.712000
0.086200	-15.200000	1.711200
0.086400	-14.800000	1.711200
0.086600	-15.200000	1.710400
0.086800	-15.200000	1.712000
0.087000	-15.200000	1.710400
0.087200	-14.800000	1.710400
0.087400	-15.200000	1.711200
0.087600	-14.800000	1.712000
0.087800	-15.200000	1.710400
0.088000	-14.800000	1.711200
0.088200	-14.800000	1.711200
0.088400	-14.800000	1.711200
0.088600	-14.800000	1.712000
0.088800	-14.800000	1.712000
0.089000	-14.800000	1.711200
0.089200	-14.800000	1.711200
0.089400	-14.800000	1.710400
0.089600	-14.800000	1.710400
0.089800	-14.800000	1.710400
0.090000	-14.800000	1.711200
0.090200	-14.800000	1.710400
0.090400	-14.800000	1.710400
0.090600	-14.800000	1.712000
0.090800	-14.400000	1.711200
0.091000	-14.800000	1.712000
0.091200	-14.800000	1.711200
0.091400	-14.800000	1.711200
0.091600	-14.400000	1.710400
0.091800	-14.400000	1.711200
0.092000	-14.400000	1.710400
0.092200	-14.800000	1.712000
0.092400	-14.400000	1.712000
0.092600	-14.400000	1.711200
0.092800	-14.400000	1.711200
0.093000	-14.400000	1.711200
0.093200	-14.400000	1.712000
0.093400	-14.400000	1.712000
0.093600	-14.000000	1.711200
0.093800	-14.400000	1.711200
0.094000	-14.400000	1.711200
0.094200	-14.400000	1.712000
0.094400	-14.400000	1.712000
0.094600	-14.000000	1.712000
0.094800	-14.400000	1.711200
0.095000	-14.400000	1.712000
0.095200	-14.000000	1.711200
0.095400	-14.000000	1.712000
0.095600	-14.000000	1.712000
0.095800	-14.000000	1.712000
0.096000	-14.000000	1.711200
0.096200	-14.000000	1.712000
0.096400	-14.000000	1.712000
0.096600	-14.000000	1.711200
0.096800	-14.000000	1.711200
0.097000	-14.000000	1.711200
0.097200	-14.000000	1.712000
0.097400	-14.000000	1.711200
0.097600	-14.000000	1.711200
0.097800	-14.000000	1.711200
0.098000	-14.000000	1.710400
0.098200	-14.000000	1.712000
0.098400	-13.600000	1.710400
0.098600	-13.600000	1.710400
0.098800	-14.000000	1.709600
0.099000	-14.000000	1.711200
0.099200	-13.600000	1.711200
0.099400	-13.600000	1.710400
0.099600	-14.000000	1.711200
0.099800	-13.600000	1.710400
0.100000	-13.600000	1.710400
0.100200	-13.600000	1.708000
0.100400	-14.000000	1.707200
0.100600	-13.600000	1.706400
0.100800	-13.600000	1.704800
0.101000	-13.600000	1.702400
0.101200	-14.000000	1.702400
0.101400	-13.600000	1.701600
0.101600	-13.600000	1.702400
0.101800	-13.600000	1.703200
0.102000	-13.600000	1.704800
0.102200	-13.600000	1.704800
0.102400	-13.600000	1.703200
0.102600	-13.600000	1.704800
0.102800	-13.200000	1.705600
0.103000	-13.600000	1.705600
0.103200	-13.600000	1.705600
0.103400	-13.600000	1.704800
0.103600	-13.600000	1.706400
0.103800	-13.200000	1.707200
0.104000	-13.600000	1.708000
0.104200	-13.200000	1.706400
0.104400	-13.600000	1.706400
0.104600	-13.200000	1.708000
0.104800	-13.600000	1.708800
0.105000	-13.200000	1.708800
0.105200	-13.200000	1.708000
0.105400	-13.200000	1.708000
0.105600	-13.200000	1.708800
0.105800	-13.200000	1.708800
0.106000	-13.200000	1.708800
0.106200	-13.200000	1.708800
0.106400	-13.200000	1.708800
0.106600	-13.200000	1.709600
0.106800	-13.200000	1.708800
0.107000	-13.200000	1.709600
0.107200	-13.200000	1.709600
0.107400	-13.200000	1.710400
0.107600	-13.200000	1.708800
0.107800	-13.200000	1.708800
0.108000	-13.200000	1.708800
0.108200	-13.200000	1.709600
0.108400	-13.200000	1.710400
0.108600	-13.200000	1.709600
0.108800	-12.800000	1.709600
0.109000	-13.200000	1.708800
0.109200	-12.800000	1.708800
0.109400	-12.800000	1.709600
0.109600	-12.800000	1.708800
0.109800	-12.800000	1.708800
0.110000	-12.800000	1.709600
0.110200	-12.800000	1.708800
0.110400	-12.800000	1.709600
0.110600	-12.800000	1.709600
0.110800	-12.800000	1.709600
0.111000	-12.800000	1.710400
0.111200	-12.800000	1.710400
0.111400	-12.800000	1.711200
0.111600	-12.800000	1.710400
0.111800	-12.800000	1.708800
0.112000	-12.400000	1.711200
0.112200	-12.800000	1.710400
0.112400	-12.800000	1.711200
0.112600	-12.800000	1.710400
0.112800	-12.400000	1.710400
0.113000	-12.800000	1.710400
0.113200	-12.400000	1.711200
0.113400	-12.400000	1.711200
0.113600	-12.400000	1.711200
0.113800	-12.400000	1.710400
0.114000	-12.400000	1.710400
0.114200	-12.400000	1.710400
0.114400	-12.400000	1.710400
0.114600	-12.400000	1.711200
0.114800	-12.400000	1.710400
0.115000	-12.400000	1.709600
0.115200	-12.400000	1.710400
0.115400	-12.400000	1.711200
0.115600	-12.400000	1.709600
0.115800	-12.400000	1.710400
0.116000	-12.400000	1.710400
0.116200	-12.400000	1.711200
0.116400	-12.400000	1.711200
0.116600	-12.400000	1.711200
0.116800	-12.400000	1.711200
0.117000	-12.400000	1.710400
0.117200	-12.000000	1.711200
0.117400	-12.400000	1.710400
0.117600	-12.400000	1.710400
0.117800	-12.000000	1.710400
0.118000	-12.400000	1.711200
0.118200	-12.000000	1.711200
0.118400	-12.000000	1.711200
0.118600	-12.000000	1.711200
0.118800	-12.000000	1.709600
0.119000	-11.600000	1.712000
0.119200	-12.000000	1.711200
0.119400	-12.000000	1.709600
0.119600	-12.000000	1.710400
0.119800	-12.000000	1.711200
0.120000	-11.600000	1.710400
0.120200	-12.000000	1.710400
0.120400	-11.600000	1.710400
0.120600	-12.000000	1.710400
0.120800	-11.600000	1.712000
0.121000	-11.600000	1.710400
0.121200	-11.600000	1.710400
0.121400	-11.600000	1.710400
0.121600	-12.000000	1.710400
0.121800	-11.600000	1.711200
0.122000	-11.600000	1.711200
0.122200	-11.600000	1.709600
0.122400	-11.600000	1.711200
0.122600	-11.600000	1.709600
0.122800	-11.600000	1.710400
0.123000	-11.600000	1.710400
0.123200	-11.600000	1.710400
0.123400	-11.600000	1.711200
0.123600	-11.600000	1.712000
0.123800	-11.600000	1.711200
0.124000	-11.600000	1.711200
0.124200	-11.600000	1.711200
0.124400	-11.600000	1.710400
0.124600	-11.600000	1.711200
0.124800	-11.200000	1.712000
0.125000	-11.200000	1.710400
0.125200	-11.200000	1.710400
0.125400	-11.600000	1.711200
0.125600	-11.200000	1.711200
0.125800	-11.200000	1.710400
0.126000	-11.200000	1.710400
0.126200	-11.200000	1.710400
0.126400	-11.600000	1.711200
0.126600	-11.200000	1.711200
0.126800	-11.200000	1.710400
0.127000	-11.200000	1.711200
0.127200	-11.200000	1.710400
0.127400	-11.200000	1.710400
0.127600	-11.200000	1.711200
0.127800	-11.200000	1.710400
0.128000	-10.800000	1.710400
0.128200	-11.200000	1.710400
0.128400	-11.200000	1.710400
0.128600	-10.800000	1.711200
0.128800	-10.800000	1.711200
0.129000	-10.800000	1.710400
0.129200	-10.800000	1.710400
0.129400	-10.800000	1.710400
0.129600	-10.800000	1.710400
0.129800	-10.800000	1.711200
0.130000	-11.200000	1.710400
0.130200	-10.800000	1.710400
0.130400	-10.800000	1.711200
0.130600	-10.800000	1.710400
0.130800	-10.800000	1.710400
0.131000	-10.800000	1.708800
0.131200	-10.800000	1.711200
0.131400	-10.800000	1.709600
0.131600	-10.400000	1.710400
0.131800	-10.800000	1.709600
0.132000	-11.200000	1.710400
0.132200	-10.800000	1.710400
0.132400	-10.800000	1.709600
0.132600	-10.400000	1.709600
0.132800	-10.800000	1.711200
0.133000	-10.800000	1.710400
0.133200	-10.400000	1.711200
0.133400	-10.400000	1.710400
0.133600	-10.400000	1.711200
0.133800	-10.400000	1.710400
0.134000	-10.400000	1.710400
0.134200	-10.400000	1.711200
0.134400	-10.400000	1.710400
0.134600	-10.400000	1.709600
0.134800	-10.400000	1.711200
0.135000	-10.400000	1.710400
0.135200	-10.400000	1.710400
0.135400	-10.400000	1.709600
0.135600	-10.400000	1.711200
0.135800	-10.400000	1.711200
0.136000	-10.400000	1.709600
0.136200	-10.400000	1.709600
0.136400	-10.400000	1.710400
0.136600	-10.400000	1.710400
0.136800	-10.400000	1.711200
0.137000	-10.000000	1.710400
0.137200	-10.400000	1.711200
0.137400	-10.000000	1.710400
0.137600	-10.400000	1.710400
0.137800	-10.400000	1.711200
0.138000	-10.000000	1.710400
0.138200	-10.000000	1.710400
0.138400	-10.400000	1.711200
0.138600	-10.000000	1.711200
0.138800	-10.000000	1.711200
0.139000	-10.000000	1.710400
0.139200	-10.000000	1.710400
0.139400	-10.000000	1.710400
0.139600	-10.000000	1.710400
0.139800	-9.600000	1.710400
0.140000	-10.000000	1.709600
0.140200	-10.000000	1.708800
0.140400	-10.000000	1.710400
0.140600	-10.000000	1.710400
0.140800	-10.000000	1.709600
0.141000	-9.600000	1.709600
0.141200	-9.600000	1.711200
0.141400	-9.600000	1.710400
0.141600	-9.600000	1.710400
0.141800	-9.600000	1.711200
0.142000	-9.600000	1.710400
0.142200	-9.600000	1.710400
0.142400	-9.600000	1.711200
0.142600	-9.600000	1.710400
0.142800	-9.600000	1.709600
0.143000	-9.600000	1.710400
0.143200	-9.600000	1.710400
0.143400	-9.600000	1.710400
0.143600	-9.600000	1.711200
0.143800	-9.600000	1.709600
0.144000	-9.600000	1.710400
0.144200	-9.600000	1.710400
0.144400	-9.600000	1.712000
0.144600	-9.600000	1.710400
0.144800	-9.600000	1.711200
0.145000	-9.600000	1.710400
0.145200	-9.200000	1.710400
0.145400	-9.200000	1.709600
0.145600	-9.600000	1.711200
0.145800	-9.600000	1.711200
0.146000	-9.200000	1.710400
0.146200	-9.200000	1.711200
0.146400	-9.200000	1.710400
0.146600	-9.200000	1.710400
0.146800	-9.200000	1.710400
0.147000	-9.200000	1.711200
0.147200	-9.200000	1.711200
0.147400	-9.200000	1.710400
0.147600	-9.200000	1.710400
0.147800	-9.200000	1.709600
0.148000	-9.200000	1.710400
0.148200	-8.800000	1.709600
0.148400	-9.200000	1.709600
0.148600	-9.200000	1.709600
0.148800	-9.200000	1.708800
0.149000	-9.200000	1.711200
0.149200	-8.800000	1.709600
0.149400	-9.200000	1.710400
0.149600	-8.800000	1.710400
0.149800	-8.800000	1.710400
0.150000	-8.800000	1.711200
0.150200	-9.200000	1.709600
0.150400	-8.800000	1.708800
0.150600	-8.800000	1.710400
0.150800	-8.800000	1.711200
0.151000	-8.800000	1.710400
0.151200	-8.800000	1.710400
0.151400	-8.800000	1.709600
0.151600	-8.800000	1.709600
0.151800	-8.800000	1.711200
0.152000	-8.800000	1.710400
0.152200	-8.800000	1.710400
0.152400	-8.800000	1.709600
0.152600	-8.800000	1.710400
0.152800	-8.800000	1.709600
0.153000	-8.800000	1.710400
0.153200	-8.800000	1.708800
0.153400	-8.400000	1.710400
0.153600	-8.800000	1.709600
0.153800	-8.400000	1.712000
0.154000	-8.800000	1.709600
0.154200	-8.800000	1.709600
0.154400	-8.800000	1.710400
0.154600	-8.400000	1.711200
0.154800	-8.400000	1.710400
0.155000	-8.400000	1.710400
0.155200	-8.400000	1.710400
0.155400	-8.400000	1.710400
0.155600	-8.000000	1.711200
0.155800	-8.400000	1.710400
0.156000	-8.400000	1.710400
0.156200	-8.400000	1.710400
0.156400	-8.400000	1.711200
0.156600	-8.400000	1.710400
0.156800	-8.000000	1.711200
0.157000	-8.400000	1.710400
0.157200	-8.400000	1.710400
0.157400	-8.400000	1.710400
0.157600	-8.000000	1.711200
0.157800	-8.000000	1.710400
0.158000	-8.000000	1.709600
0.158200	-8.000000	1.710400
0.158400	-8.000000	1.709600
0.158600	-8.000000	1.710400
0.158800	-8.000000	1.709600
0.159000	-8.000000	1.710400
0.159200	-8.000000	1.710400
0.159400	-8.000000	1.708800
0.159600	-8.000000	1.711200
0.159800	-8.000000	1.709600
0.160000	-8.000000	1.709600
0.160200	-8.000000	1.711200
0.160400	-8.000000	1.709600
0.160600	-8.000000	1.709600
0.160800	-8.000000	1.709600
0.161000	-8.000000	1.709600
0.161200	-8.000000	1.710400
0.161400	-7.600000	1.709600
0.161600	-8.000000	1.709600
0.161800	-8.000000	1.709600
0.162000	-7.600000	1.710400
0.162200	-8.000000	1.710400
0.162400	-8.000000	1.710400
0.162600	-7.600000	1.709600
0.162800	-8.000000	1.708800
0.163000	-7.600000	1.710400
0.163200	-7.600000	1.710400
0.163400	-7.600000	1.709600
0.163600	-7.600000	1.709600
0.163800	-7.600000	1.711200
0.164000	-7.600000	1.709600
0.164200	-7.600000	1.709600
0.164400	-7.600000	1.709600
0.164600	-7.200000	1.710400
0.164800	-7.200000	1.710400
0.165000	-7.600000	1.709600
0.165200	-7.600000	1.711200
0.165400	-7.600000	1.710400
0.165600	-7.600000	1.709600
0.165800	-7.600000	1.709600
0.166000	-7.200000	1.710400
0.166200	-7.200000	1.709600
0.166400	-7.200000	1.708800
0.166600	-7.600000	1.710400
0.166800	-7.200000	1.709600
0.167000	-7.200000	1.708800
0.167200	-7.600000	1.709600
0.167400	-7.600000	1.709600
0.167600	-7.200000	1.711200
0.167800	-7.200000	1.709600
0.168000	-7.200000	1.709600
0.168200	-7.200000	1.709600
0.168400	-7.200000	1.708800
0.168600	-7.200000	1.709600
0.168800	-7.200000	1.710400
0.169000	-7.200000	1.710400
0.169200	-7.200000	1.709600
0.169400	-7.200000	1.708800
0.169600	-7.200000	1.710400
0.169800	-7.200000	1.710400
0.170000	-7.200000	1.708800
0.170200	-7.200000	1.709600
0.170400	-6.800000	1.708800
0.170600	-7.200000	1.708800
0.170800	-6.800000	1.710400
0.171000	-7.200000	1.709600
0.171200	-7.200000	1.708800
0.171400	-7.200000	1.709600
0.171600	-6.800000	1.708000
0.171800	-7.200000	1.708800
0.172000	-6.800000	1.708800
0.172200	-6.800000	1.709600
0.172400	-7.200000	1.711200
0.172600	-6.800000	1.710400
0.172800	-6.800000	1.710400
0.173000	-6.800000	1.709600
0.173200	-6.800000	1.710400
0.173400	-6.800000	1.709600
0.173600	-6.800000	1.709600
0.173800	-6.800000	1.709600
0.174000	-6.800000	1.708800
0.174200	-6.400000	1.709600
0.174400	-6.400000	1.710400
0.174600	-6.400000	1.709600
0.174800	-6.400000	1.709600
0.175000	-6.400000	1.710400
0.175200	-6.400000	1.710400
0.175400	-6.400000	1.710400
0.175600	-6.400000	1.709600
0.175800	-6.400000	1.709600
0.176000	-6.800000	1.710400
0.176200	-6.400000	1.709600
0.176400	-6.400000	1.709600
0.176600	-6.400000	1.710400
0.176800	-6.000000	1.710400
0.177000	-6.400000	1.709600
0.177200	-6.400000	1.710400
0.177400	-6.400000	1.710400
0.177600	-6.000000	1.709600
0.177800	-6.400000	1.709600
0.178000	-6.000000	1.709600
0.178200	-6.000000	1.708800
0.178400	-6.000000	1.710400
0.178600	-6.000000	1.709600
0.178800	-6.000000	1.709600
0.179000	-6.000000	1.710400
0.179200	-6.000000	1.711200
0.179400	-6.000000	1.709600
0.179600	-6.000000	1.708800
0.179800	-6.000000	1.708800
0.180000	-6.000000	1.709600
0.180200	-6.000000	1.708000
0.180400	-6.000000	1.709600
0.180600	-6.000000	1.708000
0.180800	-6.000000	1.709600
0.181000	-6.000000	1.709600
0.181200	-6.000000	1.709600
0.181400	-6.000000	1.709600
0.181600	-6.000000	1.709600
0.181800	-6.000000	1.708800
0.182000	-6.000000	1.708800
0.182200	-5.600000	1.709600
0.182400	-5.600000	1.708800
0.182600	-5.600000	1.709600
0.182800	-5.600000	1.710400
0.183000	-6.000000	1.710400
0.183200	-5.600000	1.709600
0.183400	-5.600000	1.709600
0.183600	-5.600000	1.710400
0.183800	-5.600000	1.709600
0.184000	-5.600000	1.709600
0.184200	-5.600000	1.708800
0.184400	-5.600000	1.708800
0.184600	-5.600000	1.709600
0.184800	-5.600000	1.710400
0.185000	-5.600000	1.709600
0.185200	-5.600000	1.709600
0.185400	-5.600000	1.709600
0.185600	-5.600000	1.709600
0.185800	-5.600000	1.708800
0.186000	-5.200000	1.709600
0.186200	-5.600000	1.709600
0.186400	-5.200000	1.710400
0.186600	-5.200000	1.709600
0.186800	-5.200000	1.710400
0.187000	-5.200000	1.710400
0.187200	-5.200000	1.708800
0.187400	-5.200000	1.709600
0.187600	-5.200000	1.709600
0.187800	-5.200000	1.708800
0.188000	-5.200000	1.709600
0.188200	-5.200000	1.708800
0.188400	-5.200000	1.709600
0.188600	-5.200000	1.709600
0.188800	-5.200000	1.708800
0.189000	-5.200000	1.708800
0.189200	-5.200000	1.709600
0.189400	-5.200000	1.708000
0.189600	-4.800000	1.710400
0.189800	-5.200000	1.708800
0.190000	-4.800000	1.708800
0.190200	-5.200000	1.708800
0.190400	-5.200000	1.709600
0.190600	-5.200000	1.710400
0.190800	-4.800000	1.709600
0.191000	-5.200000	1.709600
0.191200	-5.200000	1.709600
0.191400	-4.800000	1.709600
0.191600	-4.800000	1.708800
0.191800	-5.200000	1.708800
0.192000	-4.800000	1.708800
0.192200	-4.800000	1.710400
0.192400	-4.800000	1.709600
0.192600	-4.800000	1.709600
0.192800	-4.800000	1.709600
0.193000	-4.800000	1.709600
0.193200	-4.800000	1.708800
0.193400	-4.800000	1.709600
0.193600	-4.800000	1.710400
0.193800	-5.200000	1.709600
0.194000	-4.800000	1.708000
0.194200	-4.800000	1.710400
0.194400	-4.800000	1.709600
0.194600	-4.400000	1.710400
0.194800	-4.800000	1.709600
0.195000	-4.400000	1.710400
0.195200	-4.800000	1.708800
0.195400	-4.800000	1.710400
0.195600	-4.800000	1.708800
0.195800	-4.800000	1.708800
0.196000	-4.400000	1.708800
0.196200	-4.400000	1.709600
0.196400	-4.400000	1.708800
0.196600	-4.400000	1.709600
0.196800	-4.400000	1.708800
0.197000	-4.400000	1.708800
0.197200	-4.400000	1.708800
0.197400	-4.400000	1.708800
0.197600	-4.400000	1.709600
0.197800	-4.400000	1.708800
0.198000	-4.400000	1.708800
0.198200	-4.400000	1.708000
0.198400	-4.400000	1.708800
0.198600	-4.400000	1.708800
0.198800	-4.400000	1.709600
0.199000	-4.400000	1.709600
0.199200	-4.400000	1.710400
0.199400	-4.400000	1.708800
0.199600	-4.000000	1.709600
0.199800	-4.400000	1.709600
0.200000	-4.400000	1.708000
0.200200	-4.000000	1.708000
0.200400	-4.400000	1.708800
0.200600	-4.000000	1.708800
0.200800	-4.000000	1.708800
0.201000	-4.000000	1.708800
0.201200	-4.000000	1.708800
0.201400	-4.000000	1.708800
0.201600	-4.000000	1.708000
0.201800	-4.000000	1.708800
0.202000	-4.000000	1.708800
0.202200	-3.600000	1.708000
0.202400	-4.000000	1.708800
0.202600	-3.600000	1.709600
0.202800	-4.000000	1.709600
0.203000	-3.600000	1.709600
0.203200	-3.600000	1.708800
0.203400	-3.600000	1.708800
0.203600	-4.000000	1.708800
0.203800	-3.600000	1.709600
0.204000	-3.600000	1.708800
0.204200	-3.600000	1.707200
0.204400	-3.600000	1.709600
0.204600	-3.600000	1.708000
0.204800	-3.600000	1.708800
0.205000	-3.600000	1.708800
0.205200	-3.600000	1.708000
0.205400	-3.600000	1.709600
0.205600	-3.600000	1.708800
0.205800	-3.600000	1.708800
0.206000	-3.600000	1.709600
0.206200	-3.600000	1.708800
0.206400	-3.600000	1.708800
0.206600	-3.200000	1.708800
0.206800	-3.600000	1.708000
0.207000	-3.600000	1.707200
0.207200	-3.600000	1.708800
0.207400	-3.600000	1.708800
0.207600	-3.600000	1.708800
0.207800	-3.200000	1.708000
0.208000	-3.200000	1.709600
0.208200	-3.200000	1.708800
0.208400	-3.200000	1.708800
0.208600	-3.200000	1.708000
0.208800	-3.200000	1.709600
0.209000	-3.200000	1.707200
0.209200	-3.200000	1.708800
0.209400	-3.200000	1.708000
0.209600	-2.800000	1.708800
0.209800	-3.200000	1.707200
0.210000	-3.200000	1.708000
0.210200	-2.800000	1.708000
0.210400	-2.800000	1.708800
0.210600	-3.200000	1.708800
0.210800	-3.200000	1.708800
0.211000	-2.800000	1.708000
0.211200	-2.800000	1.708000
0.211400	-2.800000	1.708800
0.211600	-2.800000	1.708800
0.211800	-2.800000	1.707200
0.212000	-2.800000	1.708000
0.212200	-2.800000	1.708000
0.212400	-2.800000	1.707200
0.212600	-2.800000	1.708000
0.212800	-2.800000	1.708000
0.213000	-2.800000	1.708800
0.213200	-2.800000	1.708000
0.213400	-2.800000	1.708000
0.213600	-2.800000	1.709600
0.213800	-2.800000	1.708800
0.214000	-2.800000	1.709600
0.214200	-2.400000	1.708000
0.214400	-2.400000	1.708000
0.214600	-2.400000	1.708000
0.214800	-2.800000	1.708800
0.215000	-2.800000	1.708000
0.215200	-2.800000	1.708800
0.215400	-2.400000	1.708800
0.215600	-2.400000	1.708000
0.215800	-2.800000	1.708000
0.216000	-2.400000	1.708000
0.216200	-2.400000	1.708000
0.216400	-2.400000	1.707200
0.216600	-2.400000	1.708800
0.216800	-2.400000	1.708800
0.217000	-2.400000	1.708000
0.217200	-2.400000	1.707200
0.217400	-2.400000	1.707200
0.217600	-2.400000	1.707200
0.217800	-2.400000	1.708800
0.218000	-2.400000	1.707200
0.218200	-2.000000	1.706400
0.218400	-2.000000	1.706400
0.218600	-2.400000	1.706400
0.218800	-2.400000	1.708000
0.219000	-2.400000	1.706400
0.219200	-2.000000	1.706400
0.219400	-2.400000	1.708000
0.219600	-2.400000	1.707200
0.219800	-2.400000	1.706400
0.220000	-2.000000	1.706400
0.220200	-2.000000	1.708000
0.220400	-2.000000	1.706400
0.220600	-2.000000	1.706400
0.220800	-2.400000	1.706400
0.221000	-2.400000	1.707200
0.221200	-2.000000	1.707200
0.221400	-2.400000	1.706400
0.221600	-2.000000	1.706400
0.221800	-2.000000	1.706400
0.222000	-2.000000	1.705600
0.222200	-2.000000	1.705600
0.222400	-2.000000	1.706400
0.222600	-2.000000	1.707200
0.222800	-2.000000	1.706400
0.223000	-2.000000	1.707200
0.223200	-2.000000	1.707200
0.223400	-1.600000	1.706400
0.223600	-1.600000	1.706400
0.223800	-1.600000	1.706400
0.224000	-2.000000	1.706400
0.224200	-2.000000	1.705600
0.224400	-1.600000	1.707200
0.224600	-1.600000	1.705600
0.224800	-1.600000	1.707200
0.225000	-1.600000	1.706400
0.225200	-1.600000	1.707200
0.225400	-2.000000	1.706400
0.225600	-1.600000	1.706400
0.225800	-1.600000	1.706400
0.226000	-1.600000	1.706400
0.226200	-1.600000	1.706400
0.226400	-1.600000	1.706400
0.226600	-1.600000	1.705600
0.226800	-1.600000	1.705600
0.227000	-1.600000	1.705600
0.227200	-1.600000	1.706400
0.227400	-1.600000	1.704800
0.227600	-1.600000	1.705600
0.227800	-1.600000	1.704800
0.228000	-1.600000	1.704800
0.228200	-1.600000	1.705600
0.228400	-1.600000	1.704800
0.228600	-1.600000	1.705600
0.228800	-1.600000	1.705600
0.229000	-1.600000	1.704800
0.229200	-1.200000	1.704800
0.229400	-1.200000	1.704000
0.229600	-1.600000	1.704800
0.229800	-1.200000	1.704000
0.230000	-1.200000	1.704000
0.230200	-1.200000	1.703200
0.230400	-1.200000	1.703200
0.230600	-1.200000	1.704800
0.230800	-1.200000	1.704800
0.231000	-1.200000	1.704000
0.231200	-1.200000	1.703200
0.231400	-1.200000	1.704800
0.231600	-1.200000	1.704000
0.231800	-1.200000	1.704000
0.232000	-0.800000	1.704000
0.232200	-1.200000	1.703200
0.232400	-1.200000	1.703200
0.232600	-1.200000	1.702400
0.232800	-0.800000	1.704000
0.233000	-0.800000	1.703200
0.233200	-0.800000	1.703200
0.233400	-0.800000	1.703200
0.233600	-0.800000	1.703200
0.233800	-0.800000	1.702400
0.234000	-0.800000	1.702400
0.234200	-0.800000	1.703200
0.234400	-0.800000	1.701600
0.234600	-0.800000	1.702400
0.234800	-0.800000	1.702400
0.235000	-0.800000	1.702400
0.235200	-0.800000	1.701600
0.235400	-0.800000	1.702400
0.235600	-0.800000	1.702400
0.235800	-0.800000	1.701600
0.236000	-0.800000	1.701600
0.236200	-0.800000	1.700800
0.236400	-0.400000	1.701600
0.236600	-0.800000	1.700000
0.236800	-0.400000	1.700800
0.237000	-0.400000	1.700000
0.237200	-0.800000	1.700800
0.237400	-0.400000	1.700800
0.237600	-0.800000	1.699200
0.237800	-0.400000	1.699200
0.238000	-0.400000	1.697600
0.238200	-0.400000	1.699200
0.238400	-0.400000	1.698400
0.238600	-0.400000	1.699200
0.238800	-0.400000	1.697600
0.239000	-0.400000	1.697600
0.239200	0.000000	1.698400
0.239400	-0.400000	1.697600
0.239600	-0.400000	1.696800
0.239800	-0.400000	1.696800
0.240000	0.000000	1.696000
0.240200	0.000000	1.697600
0.240400	0.000000	1.695200
0.240600	0.000000	1.695200
0.240800	0.000000	1.694400
0.241000	0.000000	1.694400
0.241200	0.000000	1.695200
0.241400	0.000000	1.694400
0.241600	0.000000	1.693600
0.241800	0.000000	1.694400
0.242000	0.000000	1.693600
0.242200	0.000000	1.692800
0.242400	0.000000	1.692000
0.242600	0.000000	1.692800
0.242800	0.000000	1.692000
0.243000	0.000000	1.692000
0.243200	0.000000	1.691200
0.243400	0.000000	1.692000
0.243600	0.000000	1.691200
0.243800	0.000000	1.691200
0.244000	0.000000	1.690400
0.244200	0.400000	1.690400
0.244400	0.000000	1.690400
0.244600	0.400000	1.688800
0.244800	0.400000	1.688800
0.245000	0.000000	1.688000
0.245200	0.400000	1.688800
0.245400	0.000000	1.688800
0.245600	0.400000	1.688800
0.245800	0.400000	1.688000
0.246000	0.800000	1.687200
0.246200	0.400000	1.687200
0.246400	0.400000	1.685600
0.246600	0.400000	1.686400
0.246800	0.800000	1.686400
0.247000	0.800000	1.684800
0.247200	0.800000	1.686400
0.247400	0.400000	1.685600
0.247600	0.800000	1.684800
0.247800	0.400000	1.684800
0.248000	0.400000	1.684000
0.248200	0.800000	1.684000
0.248400	0.400000	1.683200
0.248600	0.800000	1.684000
0.248800	0.800000	1.684000
0.249000	0.800000	1.683200
0.249200	0.800000	1.684000
0.249400	0.800000	1.681600
0.249600	0.800000	1.684000
0.249800	0.800000	1.680800
0.250000	0.800000	1.682400
0.250200	0.800000	1.682400
0.250400	0.800000	1.681600
0.250600	0.800000	1.683200
0.250800	1.200000	1.683200
0.251000	0.800000	1.682400
0.251200	0.800000	1.681600
0.251400	0.800000	1.683200
0.251600	0.800000	1.681600
0.251800	0.800000	1.682400
0.252000	0.800000	1.682400
0.252200	0.800000	1.683200
0.252400	0.800000	1.681600
0.252600	0.800000	1.683200
0.252800	0.800000	1.682400
0.253000	0.800000	1.684000
0.253200	0.800000	1.683200
0.253400	1.200000	1.684000
0.253600	1.200000	1.683200
0.253800	1.200000	1.684800
0.254000	1.200000	1.684800
0.254200	1.200000	1.685600
0.254400	0.800000	1.684800
0.254600	1.200000	1.685600
0.254800	1.200000	1.686400
0.255000	0.800000	1.684000
0.255200	1.200000	1.687200
0.255400	1.200000	1.685600
0.255600	1.200000	1.686400
0.255800	1.200000	1.685600
0.256000	1.200000	1.687200
0.256200	1.200000	1.686400
0.256400	1.200000	1.688000
0.256600	1.600000	1.688000
0.256800	1.600000	1.686400
0.257000	1.200000	1.688000
0.257200	1.200000	1.688800
0.257400	1.600000	1.688800
0.257600	1.600000	1.689600
0.257800	1.200000	1.689600
0.258000	1.200000	1.689600
0.258200	1.200000	1.689600
0.258400	1.600000	1.688800
0.258600	1.600000	1.689600
0.258800	1.600000	1.690400
0.259000	1.600000	1.688800
0.259200	1.600000	1.691200
0.259400	1.600000	1.690400
0.259600	1.600000	1.691200
0.259800	1.600000	1.690400
0.260000	1.600000	1.692000
0.260200	1.600000	1.692000
0.260400	1.600000	1.692000
0.260600	1.600000	1.691200
0.260800	1.600000	1.692000
0.261000	1.600000	1.692800
0.261200	1.600000	1.692800
0.261400	1.600000	1.692800
0.261600	1.600000	1.692800
0.261800	2.000000	1.694400
0.262000	1.600000	1.693600
0.262200	2.000000	1.693600
0.262400	1.600000	1.695200
0.262600	2.000000	1.695200
0.262800	1.600000	1.696000
0.263000	1.600000	1.695200
0.263200	2.000000	1.695200
0.263400	2.000000	1.694400
0.263600	2.000000	1.696000
0.263800	2.000000	1.696000
0.264000	2.000000	1.696800
0.264200	2.000000	1.696800
0.264400	2.400000	1.696800
0.264600	2.000000	1.697600
0.264800	2.400000	1.697600
0.265000	2.400000	1.697600
0.265200	2.000000	1.696800
0.265400	2.000000	1.697600
0.265600	2.400000	1.698400
0.265800	2.400000	1.697600
0.266000	2.400000	1.697600
0.266200	2.400000	1.699200
0.266400	2.400000	1.699200
0.266600	2.000000	1.699200
0.266800	2.400000	1.698400
0.267000	2.400000	1.699200
0.267200	2.400000	1.700000
0.267400	2.400000	1.700000
0.267600	2.400000	1.699200
0.267800	2.400000	1.700000
0.268000	2.400000	1.699200
0.268200	2.400000	1.700800
0.268400	2.800000	1.700000
0.268600	2.400000	1.699200
0.268800	2.800000	1.699200
0.269000	2.800000	1.700000
0.269200	2.400000	1.701600
0.269400	2.400000	1.700000
0.269600	2.800000	1.700800
0.269800	2.800000	1.700800
0.270000	2.800000	1.700800
0.270200	2.800000	1.701600
0.270400	2.800000	1.700800
0.270600	2.800000	1.701600
0.270800	2.800000	1.701600
0.271000	2.800000	1.701600
0.271200	2.800000	1.701600
0.271400	2.800000	1.702400
0.271600	2.800000	1.702400
0.271800	2.800000	1.702400
0.272000	3.200000	1.701600
0.272200	2.800000	1.702400
0.272400	2.800000	1.702400
0.272600	2.800000	1.703200
0.272800	2.800000	1.702400
0.273000	3.200000	1.703200
0.273200	2.800000	1.703200
0.273400	3.200000	1.702400
0.273600	3.200000	1.703200
0.273800	3.200000	1.703200
0.274000	3.200000	1.703200
0.274200	3.200000	1.704000
0.274400	2.800000	1.702400
0.274600	3.200000	1.704000
0.274800	3.200000	1.703200
0.275000	3.200000	1.704800
0.275200	3.200000	1.705600
0.275400	3.200000	1.704000
0.275600	3.200000	1.704000
0.275800	3.200000	1.704000
0.276000	3.200000	1.704000
0.276200	3.200000	1.704000
0.276400	3.200000	1.704800
0.276600	3.200000	1.704000
0.276800	3.200000	1.703200
0.277000	3.200000	1.704000
0.277200	3.200000	1.703200
0.277400	3.600000	1.704800
0.277600	3.600000	1.703200
0.277800	3.600000	1.704800
0.278000	3.600000	1.704000
0.278200	3.600000	1.704800
0.278400	3.600000	1.704800
0.278600	3.200000	1.704000
0.278800	3.600000	1.704000
0.279000	3.600000	1.704800
0.279200	3.600000	1.704000
0.279400	3.600000	1.704000
0.279600	3.600000	1.704800
0.279800	3.600000	1.704000
0.280000	3.600000	1.704800
0.280200	3.600000	1.704800
0.280400	3.600000	1.704800
0.280600	3.600000	1.704800
0.280800	3.600000	1.704800
0.281000	3.600000	1.704800
0.281200	3.600000	1.704000
0.281400	3.600000	1.704800
0.281600	3.600000	1.705600
0.281800	4.000000	1.704800
0.282000	3.600000	1.704000
0.282200	3.600000	1.705600
0.282400	3.600000	1.704800
0.282600	4.000000	1.706400
0.282800	4.000000	1.705600
0.283000	4.000000	1.704800
0.283200	4.000000	1.704800
0.283400	4.000000	1.705600
0.283600	4.000000	1.704800
0.283800	3.600000	1.705600
0.284000	4.000000	1.704800
0.284200	4.000000	1.706400
0.284400	4.000000	1.705600
0.284600	4.000000	1.705600
0.284800	4.000000	1.704800
0.285000	4.400000	1.705600
0.285200	4.000000	1.704800
0.285400	4.000000	1.705600
0.285600	4.400000	1.704800
0.285800	4.400000	1.705600
0.286000	4.000000	1.705600
0.286200	4.000000	1.705600
0.286400	4.400000	1.706400
0.286600	4.400000	1.705600
0.286800	4.400000	1.705600
0.287000	4.400000	1.704800
0.287200	4.400000	1.706400
0.287400	4.400000	1.705600
0.287600	4.400000	1.706400
0.287800	4.400000	1.705600
0.288000	4.400000	1.705600
0.288200	4.400000	1.705600
0.288400	4.400000	1.704800
0.288600	4.400000	1.705600
0.288800	4.400000	1.705600
0.289000	4.400000	1.705600
0.289200	4.400000	1.706400
0.289400	4.400000	1.705600
0.289600	4.400000	1.706400
0.289800	4.400000	1.705600
0.290000	4.800000	1.704800
0.290200	4.800000	1.705600
0.290400	4.400000	1.706400
0.290600	4.400000	1.706400
0.290800	4.400000	1.706400
0.291000	4.800000	1.706400
0.291200	4.800000	1.706400
0.291400	4.800000	1.705600
0.291600	4.800000	1.706400
0.291800	4.800000	1.706400
0.292000	4.800000	1.706400
0.292200	4.800000	1.705600
0.292400	4.800000	1.704800
0.292600	4.800000	1.705600
0.292800	4.800000	1.705600
0.293000	4.800000	1.706400
0.293200	4.800000	1.706400
0.293400	4.800000	1.708000
0.293600	5.200000	1.706400
0.293800	5.200000	1.706400
0.294000	5.200000	1.708000
0.294200	4.800000	1.708000
0.294400	5.200000	1.706400
0.294600	5.200000	1.707200
0.294800	5.200000	1.706400
0.295000	5.200000	1.707200
0.295200	5.200000	1.707200
0.295400	5.200000	1.706400
0.295600	5.200000	1.706400
0.295800	5.200000	1.706400
0.296000	5.200000	1.707200
0.296200	5.200000	1.707200
0.296400	5.600000	1.706400
0.296600	5.200000	1.708000
0.296800	5.200000	1.707200
0.297000	5.200000	1.708800
0.297200	5.200000	1.707200
0.297400	5.200000	1.706400
0.297600	5.600000	1.707200
0.297800	5.600000	1.706400
0.298000	5.600000	1.706400
0.298200	5.600000	1.706400
0.298400	5.600000	1.707200
0.298600	5.200000	1.707200
0.298800	5.600000	1.705600
0.299000	5.600000	1.708000
0.299200	5.600000	1.706400
0.299400	5.600000	1.706400
0.299600	5.600000	1.706400
0.299800	5.600000	1.707200
0.300000	5.600000	1.706400
0.300200	5.600000	1.707200
0.300400	5.600000	1.708000
0.300600	6.000000	1.707200
0.300800	5.600000	1.706400
0.301000	5.600000	1.707200
0.301200	5.600000	1.706400
0.301400	6.000000	1.708000
0.301600	5.600000	1.707200
0.301800	5.600000	1.708000
0.302000	5.600000	1.707200
0.302200	6.000000	1.708000
0.302400	6.000000	1.708000
0.302600	6.000000	1.706400
0.302800	6.000000	1.707200
0.303000	6.000000	1.707200
0.303200	6.000000	1.708800
0.303400	6.000000	1.707200
0.303600	6.000000	1.708000
0.303800	6.000000	1.708000
0.304000	6.000000	1.708000
0.304200	6.000000	1.708000
0.304400	6.000000	1.708000
0.304600	6.000000	1.706400
0.304800	6.000000	1.709600
0.305000	6.000000	1.707200
0.305200	6.000000	1.708000
0.305400	6.400000	1.707200
0.305600	6.000000	1.706400
0.305800	6.000000	1.707200
0.306000	6.000000	1.708800
0.306200	6.000000	1.707200
0.306400	6.000000	1.706400
0.306600	6.400000	1.707200
0.306800	6.000000	1.706400
0.307000	6.400000	1.707200
0.307200	6.400000	1.707200
0.307400	6.400000	1.706400
0.307600	6.400000	1.708000
0.307800	6.400000	1.707200
0.308000	6.400000	1.708000
0.308200	6.400000	1.706400
0.308400	6.400000	1.707200
0.308600	6.400000	1.706400
0.308800	6.400000	1.707200
0.309000	6.400000	1.707200
0.309200	6.800000	1.706400
0.309400	6.400000	1.706400
0.309600	6.400000	1.707200
0.309800	6.400000	1.707200
0.310000	6.400000	1.708000
0.310200	6.800000	1.706400
0.310400	6.400000	1.707200
0.310600	6.800000	1.708000
0.310800	6.800000	1.708800
0.311000	6.800000	1.707200
0.311200	6.800000	1.708000
0.311400	6.800000	1.707200
0.311600	6.800000	1.708800
0.311800	6.400000	1.707200
0.312000	6.800000	1.708000
0.312200	6.800000	1.706400
0.312400	6.800000	1.707200
0.312600	6.800000	1.708000
0.312800	7.200000	1.707200
0.313000	7.200000	1.707200
0.313200	6.800000	1.707200
0.313400	6.800000	1.708000
0.313600	7.200000	1.708800
0.313800	6.800000	1.707200
0.314000	6.800000	1.708000
0.314200	7.200000	1.708000
0.314400	7.200000	1.707200
0.314600	7.200000	1.708000
0.314800	6.800000	1.708000
0.315000	7.200000	1.707200
0.315200	7.200000	1.708000
0.315400	7.200000	1.707200
0.315600	7.200000	1.708000
0.315800	7.200000	1.708000
0.316000	7.200000	1.707200
0.316200	7.200000	1.708000
0.316400	7.200000	1.708000
0.316600	7.200000	1.706400
0.316800	7.200000	1.708000
0.317000	7.200000	1.708800
0.317200	7.200000	1.708000
0.317400	7.200000	1.708000
0.317600	7.600000	1.707200
0.317800	7.200000	1.707200
0.318000	7.600000	1.707200
0.318200	7.600000	1.707200
0.318400	7.600000	1.708000
0.318600	7.600000	1.706400
0.318800	7.600000	1.708000
0.319000	7.200000	1.707200
0.319200	7.600000	1.707200
0.319400	7.600000	1.708000
0.319600	7.600000	1.708000
0.319800	7.600000	1.708000
0.320000	7.600000	1.707200
0.320200	7.600000	1.707200
0.320400	7.600000	1.708000
0.320600	7.600000	1.707200
0.320800	7.600000	1.707200
0.321000	7.600000	1.708800
0.321200	7.600000	1.707200
0.321400	8.000000	1.707200
0.321600	7.600000	1.708000
0.321800	7.600000	1.708000
0.322000	7.600000	1.707200
0.322200	7.600000	1.708000
0.322400	8.000000	1.707200
0.322600	7.600000	1.706400
0.322800	7.600000	1.707200
0.323000	7.600000	1.708000
0.323200	7.600000	1.708800
0.323400	8.000000	1.707200
0.323600	8.000000	1.708000
0.323800	8.000000	1.708000
0.324000	8.000000	1.707200
0.324200	8.000000	1.707200
0.324400	8.000000	1.707200
0.324600	8.000000	1.707200
0.324800	8.000000	1.708000
0.325000	8.000000	1.708800
0.325200	8.000000	1.708800
0.325400	8.000000	1.706400
0.325600	8.000000	1.707200
0.325800	8.000000	1.708800
0.326000	8.000000	1.708000
0.326200	8.000000	1.707200
0.326400	8.400000	1.707200
0.326600	8.000000	1.707200
0.326800	8.000000	1.708800
0.327000	8.400000	1.709600
0.327200	8.400000	1.708800
0.327400	8.000000	1.708000
0.327600	8.000000	1.708000
0.327800	8.000000	1.708800
0.328000	8.400000	1.707200
0.328200	8.400000	1.708000
0.328400	8.400000	1.707200
0.328600	8.400000	1.708000
0.328800	8.400000	1.708000
0.329000	8.400000	1.707200
0.329200	8.400000	1.707200
0.329400	8.400000	1.707200
0.329600	8.800000	1.708000
0.329800	8.400000	1.708000
0.330000	8.400000	1.707200
0.330200	8.800000	1.708000
0.330400	8.400000	1.707200
0.330600	8.800000	1.708000
0.330800	8.800000	1.707200
0.331000	8.400000	1.707200
0.331200	8.800000	1.707200
0.331400	8.800000	1.707200
0.331600	8.800000	1.708800
0.331800	8.400000	1.708000
0.332000	8.800000	1.706400
0.332200	8.800000	1.707200
0.332400	8.800000	1.708000
0.332600	8.800000	1.707200
0.332800	8.800000	1.706400
0.333000	9.200000	1.708800
0.333200	8.800000	1.708800
0.333400	8.800000	1.708800
0.333600	8.800000	1.708000
0.333800	8.800000	1.708000
0.334000	8.800000	1.708000
0.334200	8.800000	1.708000
0.334400	9.200000	1.708800
0.334600	8.800000	1.708000
0.334800	9.200000	1.708000
0.335000	8.800000	1.708800
0.335200	9.200000	1.707200
0.335400	8.800000	1.708000
0.335600	9.200000	1.708800
0.335800	8.800000	1.708000
0.336000	9.200000	1.708800
0.336200	9.200000	1.708000
0.336400	8.800000	1.709600
0.336600	9.200000	1.707200
0.336800	9.200000	1.708800
0.337000	9.200000	1.708000
0.337200	9.200000	1.708800
0.337400	9.200000	1.708000
0.337600	9.200000	1.708800
0.337800	9.200000	1.708000
0.338000	9.200000	1.707200
0.338200	9.200000	1.708000
0.338400	9.200000	1.708800
0.338600	9.600000	1.707200
0.338800	9.600000	1.708800
0.339000	9.200000	1.707200
0.339200	9.200000	1.708000
0.339400	9.600000	1.708000
0.339600	9.600000	1.708000
0.339800	9.200000	1.708000
0.340000	9.600000	1.708000
0.340200	9.600000	1.707200
0.340400	9.600000	1.708800
0.340600	9.600000	1.708800
0.340800	9.600000	1.708000
0.341000	9.600000	1.708000
0.341200	9.600000	1.707200
0.341400	9.600000	1.708000
0.341600	10.000000	1.708000
0.341800	9.600000	1.708000
0.342000	9.600000	1.708800
0.342200	9.600000	1.708000
0.342400	9.600000	1.708000
0.342600	10.000000	1.707200
0.342800	9.600000	1.708000
0.343000	9.600000	1.708800
0.343200	9.600000	1.707200
0.343400	9.600000	1.707200
0.343600	10.000000	1.707200
0.343800	10.000000	1.708000
0.344000	10.000000	1.708000
0.344200	10.000000	1.708000
0.344400	9.600000	1.708000
0.344600	10.000000	1.708000
0.344800	10.000000	1.709600
0.345000	10.000000	1.708000
0.345200	10.000000	1.708800
0.345400	10.000000	1.708800
0.345600	10.000000	1.708000
0.345800	10.000000	1.708800
0.346000	10.000000	1.708800
0.346200	10.000000	1.708000
0.346400	10.000000	1.708000
0.346600	10.000000	1.708800
0.346800	10.000000	1.708000
0.347000	10.400000	1.707200
0.347200	10.400000	1.708000
0.347400	10.400000	1.708800
0.347600	10.400000	1.708800
0.347800	10.400000	1.708800
0.348000	10.400000	1.708000
0.348200	10.400000	1.707200
0.348400	10.000000	1.708800
0.348600	10.400000	1.707200
0.348800	10.400000	1.708800
0.349000	10.400000	1.708800
0.349200	10.400000	1.708000
0.349400	10.000000	1.707200
0.349600	10.400000	1.708000
0.349800	10.400000	1.708000
0.350000	10.400000	1.706400
0.350200	10.800000	1.708800
0.350400	10.400000	1.707200
0.350600	10.400000	1.708800
0.350800	10.400000	1.708000
0.351000	10.400000	1.708000
0.351200	10.400000	1.707200
0.351400	10.400000	1.708800
0.351600	10.800000	1.708000
0.351800	10.800000	1.709600
0.352000	10.800000	1.708800
0.352200	10.800000	1.708800
0.352400	10.800000	1.708800
0.352600	10.800000	1.707200
0.352800	10.800000	1.708000
0.353000	10.800000	1.708000
0.353200	10.800000	1.708000
0.353400	10.800000	1.708800
0.353600	10.800000	1.707200
0.353800	10.800000	1.708800
0.354000	10.800000	1.708800
0.354200	11.200000	1.710400
0.354400	10.800000	1.708800
0.354600	10.800000	1.708800
0.354800	10.800000	1.708800
0.355000	10.800000	1.708800
0.355200	10.800000	1.708800
0.355400	11.200000	1.708000
0.355600	11.200000	1.708800
0.355800	10.800000	1.708800
0.356000	10.800000	1.708000
0.356200	11.200000	1.708000
0.356400	11.200000	1.708800
0.356600	11.200000	1.708000
0.356800	11.200000	1.708000
0.357000	11.200000	1.708000
0.357200	11.200000	1.708000
0.357400	11.200000	1.707200
0.357600	11.200000	1.708800
0.357800	11.200000	1.708800
0.358000	11.200000	1.708800
0.358200	11.600000	1.708800
0.358400	11.200000	1.708800
0.358600	11.600000	1.708000
0.358800	11.600000	1.708800
0.359000	11.200000	1.708800
0.359200	11.200000	1.708800
0.359400	11.200000	1.708000
0.359600	11.200000	1.708000
0.359800	11.600000	1.708800
0.360000	11.600000	1.707200
0.360200	11.600000	1.708800
0.360400	11.600000	1.708800
0.360600	11.600000	1.708800
0.360800	11.600000	1.708800
0.361000	11.600000	1.708000
0.361200	11.600000	1.707200
0.361400	11.600000	1.708800
0.361600	11.600000	1.708000
0.361800	11.600000	1.708800
0.362000	11.600000	1.708800
0.362200	11.600000	1.708000
0.362400	11.600000	1.708800
0.362600	12.000000	1.708800
0.362800	11.600000	1.708800
0.363000	11.600000	1.708000
0.363200	12.000000	1.708800
0.363400	12.000000	1.708800
0.363600	11.600000	1.708800
0.363800	12.000000	1.708800
0.364000	12.000000	1.708000
0.364200	12.000000	1.708800
0.364400	11.600000	1.708800
0.364600	11.600000	1.709600
0.364800	12.000000	1.708000
0.365000	11.600000	1.708800
0.365200	12.000000	1.708000
0.365400	12.000000	1.708800
0.365600	11.600000	1.708800
0.365800	12.000000	1.708800
0.366000	12.000000	1.709600
0.366200	12.400000	1.709600
0.366400	12.000000	1.708800
0.366600	12.000000	1.708000
0.366800	12.400000	1.708000
0.367000	12.000000	1.708800
0.367200	12.400000	1.708800
0.367400	12.000000	1.708800
0.367600	12.400000	1.708000
0.367800	12.400000	1.708800
0.368000	12.400000	1.708800
0.368200	12.400000	1.708000
0.368400	12.400000	1.708800
0.368600	12.400000	1.708800
0.368800	12.400000	1.708800
0.369000	12.400000	1.708000
0.369200	12.400000	1.708800
0.369400	12.400000	1.708000
0.369600	12.400000	1.708000
0.369800	12.400000	1.708000
0.370000	12.400000	1.708000
0.370200	12.400000	1.708000
0.370400	12.400000	1.708800
0.370600	12.400000	1.708800
0.370800	12.400000	1.708000
0.371000	12.400000	1.708800
0.371200	12.400000	1.707200
0.371400	12.400000	1.707200
0.371600	12.400000	1.708800
0.371800	12.800000	1.707200
0.372000	12.400000	1.708000
0.372200	12.400000	1.708800
0.372400	12.400000	1.708800
0.372600	12.800000	1.708000
0.372800	12.800000	1.708000
0.373000	12.400000	1.707200
0.373200	12.800000	1.708000
0.373400	12.800000	1.708000
0.373600	12.800000	1.706400
0.373800	12.800000	1.708800
0.374000	12.800000	1.708800
0.374200	12.800000	1.708800
0.374400	12.800000	1.708800
0.374600	12.800000	1.708800
0.374800	12.800000	1.709600
0.375000	12.800000	1.708800
0.375200	12.800000	1.708000
0.375400	13.200000	1.708800
0.375600	13.200000	1.708800
0.375800	13.200000	1.709600
0.376000	12.800000	1.708800
0.376200	12.800000	1.709600
0.376400	13.200000	1.708800
0.376600	13.200000	1.709600
0.376800	13.200000	1.707200
0.377000	13.200000	1.708800
0.377200	13.200000	1.708000
0.377400	13.200000	1.708800
0.377600	13.200000	1.708800
0.377800	13.200000	1.707200
0.378000	13.200000	1.708800
0.378200	13.200000	1.708800
0.378400	13.200000	1.707200
0.378600	13.200000	1.707200
0.378800	13.200000	1.708000
0.379000	13.200000	1.707200
0.379200	13.200000	1.708000
0.379400	13.200000	1.708800
0.379600	13.600000	1.708800
0.379800	13.200000	1.708800
0.380000	13.200000	1.708000
0.380200	13.200000	1.708000
0.380400	13.200000	1.708000
0.380600	13.600000	1.707200
0.380800	13.600000	1.707200
0.381000	13.200000	1.707200
0.381200	13.200000	1.708800
0.381400	13.600000	1.708800
0.381600	13.600000	1.708800
0.381800	13.600000	1.708000
0.382000	13.600000	1.708800
0.382200	13.600000	1.708800
0.382400	13.600000	1.708800
0.382600	14.000000	1.708800
0.382800	13.600000	1.708800
0.383000	14.000000	1.708800
0.383200	13.600000	1.709600
0.383400	14.000000	1.709600
0.383600	13.600000	1.708800
0.383800	14.000000	1.708800
0.384000	13.600000	1.709600
0.384200	14.000000	1.709600
0.384400	14.000000	1.709600
0.384600	14.000000	1.708800
0.384800	14.000000	1.708800
0.385000	14.000000	1.710400
0.385200	14.000000	1.709600
0.385400	14.000000	1.709600
0.385600	14.000000	1.708800
0.385800	14.000000	1.708800
0.386000	14.000000	1.708800
0.386200	14.000000	1.709600
0.386400	14.000000	1.708800
0.386600	14.000000	1.708800
0.386800	14.000000	1.709600
0.387000	14.000000	1.708000
0.387200	14.000000	1.708000
0.387400	14.400000	1.708000
0.387600	14.400000	1.708800
0.387800	14.400000	1.708800
0.388000	14.000000	1.708000
0.388200	14.000000	1.708800
0.388400	14.400000	1.708000
0.388600	14.400000	1.708800
0.388800	14.400000	1.708800
0.389000	14.400000	1.708000
0.389200	14.400000	1.708800
0.389400	14.400000	1.708800
0.389600	14.400000	1.708000
0.389800	14.400000	1.708800
0.390000	14.400000	1.708000
0.390200	14.400000	1.708800
0.390400	14.400000	1.708800
0.390600	14.400000	1.707200
0.390800	14.400000	1.708000
0.391000	14.400000	1.708800
0.391200	14.400000	1.708800
0.391400	14.400000	1.708000
0.391600	14.400000	1.708800
0.391800	14.400000	1.708800
0.392000	14.400000	1.708000
0.392200	14.400000	1.708800
0.392400	14.800000	1.708800
0.392600	14.800000	1.708800
0.392800	14.800000	1.708800
0.393000	14.800000	1.708000
0.393200	14.400000	1.708800
0.393400	14.800000	1.708800
0.393600	14.800000	1.709600
0.393800	14.800000	1.708800
0.394000	14.800000	1.708800
0.394200	14.800000	1.708800
0.394400	14.800000	1.708800
0.394600	14.800000	1.708800
0.394800	14.800000	1.708800
0.395000	14.800000	1.708800
0.395200	14.800000	1.708800
0.395400	14.800000	1.709600
0.395600	14.800000	1.708800
0.395800	14.800000	1.708000
0.396000	14.800000	1.708800
0.396200	14.800000	1.709600
0.396400	14.800000	1.708800
0.396600	14.800000	1.709600
0.396800	14.800000	1.708800
0.397000	15.200000	1.708800
0.397200	14.800000	1.708800
0.397400	14.800000	1.708000
0.397600	15.200000	1.704800
0.397800	14.800000	1.703200
0.398000	14.800000	1.700800
0.398200	15.200000	1.701600
0.398400	15.200000	1.700800
0.398600	15.200000	1.700000
0.398800	15.200000	1.700000
0.399000	15.200000	1.700800
0.399200	15.200000	1.700800
0.399400	15.200000	1.702400
0.399600	14.800000	1.700800
0.399800	15.200000	1.702400
0.400000	15.200000	1.702400
0.400200	15.200000	1.704800
0.400400	15.200000	1.704000
0.400600	15.600000	1.704000
0.400800	15.600000	1.704000
0.401000	15.200000	1.704800
0.401200	15.600000	1.704000
0.401400	15.200000	1.705600
0.401600	15.600000	1.704800
0.401800	15.600000	1.704800
0.402000	15.600000	1.706400
0.402200	15.600000	1.705600
0.402400	15.600000	1.706400
0.402600	16.000000	1.707200
0.402800	15.600000	1.705600
0.403000	15.600000	1.706400
0.403200	15.600000	1.708000
0.403400	16.000000	1.705600
0.403600	15.600000	1.707200
0.403800	15.600000	1.707200
0.404000	16.000000	1.708000
0.404200	16.000000	1.707200
0.404400	16.000000	1.706400
0.404600	15.600000	1.707200
0.404800	15.600000	1.708000
0.405000	16.000000	1.707200
0.405200	16.000000	1.708800
0.405400	16.000000	1.707200
0.405600	16.000000	1.708800
0.405800	16.000000	1.708800
0.406000	16.000000	1.708000
0.406200	16.000000	1.708800
0.406400	16.000000	1.708000
0.406600	16.000000	1.708800
0.406800	16.000000	1.708000
0.407000	16.000000	1.708000
0.407200	16.000000	1.709600
0.407400	16.000000	1.708800
0.407600	16.000000	1.708800
0.407800	16.000000	1.708800
0.408000	16.000000	1.708800
0.408200	16.000000	1.708800
0.408400	16.000000	1.708800
0.408600	16.000000	1.708800
0.408800	16.400000	1.708800
0.409000	16.400000	1.708000
0.409200	16.400000	1.708000
0.409400	16.400000	1.708000
0.409600	16.000000	1.708000
0.409800	16.000000	1.708800
0.410000	16.400000	1.708000
0.410200	16.400000	1.708800
0.410400	16.400000	1.708800
0.410600	16.400000	1.708800
0.410800	16.400000	1.709600
0.411000	16.400000	1.708800
0.411200	16.400000	1.708000
0.411400	16.400000	1.708800
0.411600	16.400000	1.708800
0.411800	16.400000	1.708000
0.412000	16.800000	1.708800
0.412200	16.800000	1.707200
0.412400	16.400000	1.708800
0.412600	16.800000	1.708800
0.412800	16.400000	1.708800
0.413000	16.800000	1.708800
0.413200	16.800000	1.709600
0.413400	16.800000	1.710400
0.413600	16.800000	1.708800
0.413800	16.800000	1.708800
0.414000	16.800000	1.708800
0.414200	16.800000	1.709600
0.414400	16.800000	1.708800
0.414600	16.800000	1.708800
0.414800	16.800000	1.709600
0.415000	16.800000	1.708800
0.415200	17.200000	1.708800
0.415400	16.800000	1.710400
0.415600	16.800000	1.708000
0.415800	17.200000	1.710400
0.416000	16.800000	1.709600
0.416200	16.800000	1.709600
0.416400	16.800000	1.709600
0.416600	17.200000	1.710400
0.416800	16.800000	1.708800
0.417000	16.800000	1.708800
0.417200	16.800000	1.709600
0.417400	17.200000	1.709600
0.417600	17.200000	1.709600
0.417800	17.200000	1.709600
0.418000	17.200000	1.710400
0.418200	17.200000	1.710400
0.418400	17.200000	1.708000
0.418600	17.200000	1.708800
0.418800	17.200000	1.709600
0.419000	17.200000	1.710400
0.419200	17.200000	1.709600
0.419400	17.200000	1.708800
0.419600	17.200000	1.709600
0.419800	17.600000	1.708800
0.420000	17.200000	1.708800
0.420200	17.600000	1.708800
0.420400	17.600000	1.708800
0.420600	17.200000	1.708800
0.420800	17.600000	1.709600
0.421000	17.600000	1.709600
0.421200	17.600000	1.709600
0.421400	17.200000	1.708800
0.421600	17.600000	1.708800
0.421800	17.200000	1.709600
0.422000	17.600000	1.710400
0.422200	17.600000	1.708800
0.422400	17.600000	1.708800
0.422600	17.600000	1.709600
0.422800	17.600000	1.709600
0.423000	17.600000	1.708800
0.423200	17.600000	1.709600
0.423400	17.600000	1.710400
0.423600	17.600000	1.710400
0.423800	17.600000	1.710400
0.424000	17.600000	1.709600
0.424200	17.600000	1.708800
0.424400	17.600000	1.710400
0.424600	17.600000	1.709600
0.424800	17.600000	1.710400
0.425000	18.000000	1.708800
0.425200	18.000000	1.710400
0.425400	17.600000	1.709600
0.425600	18.000000	1.709600
0.425800	18.000000	1.709600
0.426000	17.600000	1.709600
0.426200	18.000000	1.708800
0.426400	18.000000	1.708800
0.426600	18.000000	1.710400
0.426800	18.000000	1.709600
0.427000	18.000000	1.709600
0.427200	18.000000	1.710400
0.427400	18.000000	1.709600
0.427600	18.400000	1.710400
0.427800	17.600000	1.709600
0.428000	18.400000	1.710400
0.428200	18.000000	1.709600
0.428400	18.000000	1.708800
0.428600	18.000000	1.709600
0.428800	18.400000	1.708800
0.429000	18.400000	1.708800
0.429200	18.000000	1.710400
0.429400	18.000000	1.709600
0.429600	18.000000	1.709600
0.429800	18.000000	1.709600
0.430000	18.000000	1.709600
0.430200	18.000000	1.709600
0.430400	18.400000	1.709600
0.430600	18.400000	1.708800
0.430800	18.400000	1.708800
0.431000	18.400000	1.708800
0.431200	18.400000	1.709600
0.431400	18.400000	1.709600
0.431600	18.400000	1.708800
0.431800	18.400000	1.709600
0.432000	18.400000	1.708800
0.432200	18.400000	1.709600
0.432400	18.400000	1.709600
0.432600	18.400000	1.708800
0.432800	18.400000	1.708800
0.433000	18.800000	1.709600
0.433200	18.400000	1.709600
0.433400	18.400000	1.708800
0.433600	18.400000	1.708800
0.433800	18.400000	1.708800
0.434000	18.800000	1.710400
0.434200	18.400000	1.710400
0.434400	18.400000	1.709600
0.434600	18.400000	1.709600
0.434800	18.800000	1.709600
0.435000	18.800000	1.709600
0.435200	18.400000	1.709600
0.435400	18.800000	1.709600
0.435600	18.800000	1.710400
0.435800	18.800000	1.710400
0.436000	18.800000	1.710400
0.436200	18.800000	1.708800
0.436400	18.800000	1.709600
0.436600	18.800000	1.709600
0.436800	18.800000	1.709600
0.437000	18.800000	1.708800
0.437200	18.800000	1.709600
0.437400	19.200000	1.708800
0.437600	18.800000	1.709600
0.437800	18.800000	1.708800
0.438000	19.200000	1.709600
0.438200	18.800000	1.708800
0.438400	18.800000	1.709600
0.438600	19.200000	1.710400
0.438800	19.200000	1.708800
0.439000	19.200000	1.709600
0.439200	19.200000	1.710400
0.439400	19.200000	1.708800
0.439600	19.200000	1.708800
0.439800	19.200000	1.709600
0.440000	19.200000	1.710400
0.440200	19.200000	1.710400
0.440400	19.200000	1.708800
0.440600	19.200000	1.709600
0.440800	19.200000	1.709600
0.441000	19.200000	1.709600
0.441200	19.200000	1.709600
0.441400	19.200000	1.709600
0.441600	19.200000	1.708800
0.441800	19.200000	1.709600
0.442000	19.600000	1.708800
0.442200	19.600000	1.708800
0.442400	19.200000	1.709600
0.442600	19.600000	1.708800
0.442800	19.600000	1.708800
0.443000	19.600000	1.709600
0.443200	19.200000	1.709600
0.443400	19.200000	1.710400
0.443600	19.600000	1.709600
0.443800	19.600000	1.709600
0.444000	19.600000	1.710400
0.444200	19.600000	1.709600
0.444400	20.000000	1.709600
0.444600	19.600000	1.709600
0.444800	19.600000	1.708800
0.445000	19.600000	1.709600
0.445200	19.600000	1.709600
0.445400	19.600000	1.711200
0.445600	20.000000	1.709600
0.445800	19.600000	1.708800
0.446000	20.000000	1.709600
0.446200	20.000000	1.708800
0.446400	20.000000	1.708800
0.446600	20.000000	1.708800
0.446800	20.000000	1.709600
0.447000	20.400000	1.709600
0.447200	20.000000	1.710400
0.447400	20.000000	1.709600
0.447600	20.000000	1.708800
0.447800	20.000000	1.710400
0.448000	20.000000	1.709600
0.448200	20.000000	1.709600
0.448400	20.000000	1.709600
0.448600	20.000000	1.708800
0.448800	20.400000	1.709600
0.449000	20.400000	1.708800
0.449200	20.400000	1.708800
0.449400	20.400000	1.709600
0.449600	20.000000	1.708800
0.449800	20.400000	1.708800
0.450000	20.400000	1.708800
0.450200	20.400000	1.708800
0.450400	20.400000	1.709600
0.450600	20.400000	1.708000
0.450800	20.400000	1.708800
0.451000	20.400000	1.709600
0.451200	20.400000	1.709600
0.451400	20.400000	1.708800
0.451600	20.400000	1.708800
0.451800	20.400000	1.710400
0.452000	20.400000	1.709600
0.452200	20.400000	1.709600
0.452400	20.400000	1.708800
0.452600	20.400000	1.709600
0.452800	20.400000	1.709600
0.453000	20.800000	1.709600
0.453200	20.400000	1.710400
0.453400	20.400000	1.710400
0.453600	20.400000	1.708800
0.453800	20.400000	1.708800
0.454000	20.800000	1.709600
0.454200	20.800000	1.709600
0.454400	20.400000	1.709600
0.454600	20.800000	1.710400
0.454800	20.800000	1.711200
0.455000	20.800000	1.709600
0.455200	20.800000	1.709600
0.455400	20.400000	1.709600
0.455600	20.800000	1.709600
0.455800	21.200000	1.710400
0.456000	20.800000	1.709600
0.456200	20.800000	1.709600
0.456400	20.800000	1.710400
0.456600	21.200000	1.709600
0.456800	20.800000	1.710400
0.457000	20.800000	1.710400
0.457200	21.200000	1.709600
0.457400	21.200000	1.710400
0.457600	21.200000	1.709600
0.457800	21.200000	1.710400
0.458000	21.200000	1.709600
0.458200	21.200000	1.709600
0.458400	21.200000	1.709600
0.458600	20.800000	1.710400
0.458800	20.800000	1.709600
0.459000	21.200000	1.709600
0.459200	21.200000	1.709600
0.459400	21.200000	1.709600
0.459600	21.200000	1.709600
0.459800	21.200000	1.708800
0.460000	21.200000	1.708800
0.460200	21.200000	1.708800
0.460400	21.200000	1.709600
0.460600	21.200000	1.709600
0.460800	21.200000	1.708800
0.461000	21.200000	1.710400
0.461200	21.200000	1.708800
0.461400	21.200000	1.709600
0.461600	21.200000	1.709600
0.461800	21.200000	1.710400
0.462000	21.200000	1.709600
0.462200	21.200000	1.710400
0.462400	21.600000	1.708800
0.462600	21.600000	1.708800
0.462800	21.600000	1.710400
0.463000	21.600000	1.710400
0.463200	21.200000	1.710400
0.463400	21.600000	1.709600
0.463600	21.600000	1.710400
0.463800	21.200000	1.710400
0.464000	21.200000	1.709600
0.464200	21.200000	1.708800
0.464400	21.600000	1.710400
0.464600	21.600000	1.710400
0.464800	21.600000	1.710400
0.465000	21.600000	1.710400
0.465200	21.600000	1.712000
0.465400	21.600000	1.710400
0.465600	21.600000	1.710400
0.465800	21.600000	1.709600
0.466000	21.600000	1.709600
0.466200	21.600000	1.710400
0.466400	21.600000	1.711200
0.466600	21.600000	1.710400
0.466800	22.000000	1.709600
0.467000	21.600000	1.709600
0.467200	21.600000	1.710400
0.467400	22.000000	1.710400
0.467600	22.000000	1.711200
0.467800	22.000000	1.710400
0.468000	22.000000	1.710400
0.468200	22.000000	1.708800
0.468400	22.000000	1.709600
0.468600	22.000000	1.709600
0.468800	22.000000	1.709600
0.469000	22.000000	1.709600
0.469200	22.000000	1.709600
0.469400	22.000000	1.710400
0.469600	22.000000	1.709600
0.469800	22.000000	1.709600
0.470000	22.400000	1.708800
0.470200	22.000000	1.709600
0.470400	22.000000	1.709600
0.470600	22.400000	1.708800
0.470800	22.000000	1.708800
0.471000	22.000000	1.708000
0.471200	22.400000	1.708000
0.471400	22.000000	1.707200
0.471600	22.000000	1.708000
0.471800	22.000000	1.705600
0.472000	22.400000	1.706400
0.472200	22.400000	1.705600
0.472400	22.000000	1.704000
0.472600	22.400000	1.704800
0.472800	22.000000	1.702400
0.473000	22.400000	1.702400
0.473200	22.400000	1.701600
0.473400	22.400000	1.702400
0.473600	22.400000	1.700800
0.473800	22.400000	1.700000
0.474000	22.400000	1.700000
0.474200	22.400000	1.700000
0.474400	22.800000	1.702400
0.474600	22.800000	1.701600
0.474800	22.400000	1.701600
0.475000	22.400000	1.700800
0.475200	22.800000	1.702400
0.475400	22.800000	1.702400
0.475600	22.800000	1.703200
0.475800	22.800000	1.702400
0.476000	22.800000	1.704000
0.476200	22.800000	1.704000
0.476400	22.800000	1.704000
0.476600	22.800000	1.704000
0.476800	22.800000	1.704800
0.477000	22.800000	1.704000
0.477200	22.800000	1.705600
0.477400	22.800000	1.705600
0.477600	23.200000	1.705600
0.477800	22.800000	1.705600
0.478000	23.200000	1.705600
0.478200	22.800000	1.705600
0.478400	22.800000	1.706400
0.478600	22.800000	1.706400
0.478800	23.200000	1.705600
0.479000	22.800000	1.705600
0.479200	22.800000	1.706400
0.479400	22.800000	1.706400
0.479600	23.200000	1.706400
0.479800	22.800000	1.706400
0.480000	23.200000	1.706400
0.480200	23.200000	1.706400
0.480400	23.200000	1.707200
0.480600	23.200000	1.706400
0.480800	23.200000	1.707200
0.481000	23.200000	1.708000
0.481200	23.200000	1.707200
0.481400	23.200000	1.708000
0.481600	23.200000	1.707200
0.481800	23.200000	1.708000
0.482000	23.200000	1.708000
0.482200	23.200000	1.708000
0.482400	23.200000	1.707200
0.482600	23.200000	1.708000
0.482800	23.600000	1.709600
0.483000	23.600000	1.708000
0.483200	23.200000	1.709600
0.483400	23.600000	1.708800
0.483600	23.600000	1.708800
0.483800	23.600000	1.708800
0.484000	23.600000	1.708800
0.484200	23.600000	1.709600
0.484400	23.600000	1.708800
0.484600	23.600000	1.709600
0.484800	23.600000	1.708800
0.485000	23.600000	1.709600
0.485200	23.600000	1.708800
0.485400	23.600000	1.708800
0.485600	23.600000	1.709600
0.485800	23.600000	1.710400
0.486000	23.600000	1.708800
0.486200	23.600000	1.709600
0.486400	23.600000	1.708000
0.486600	23.600000	1.709600
0.486800	23.600000	1.709600
0.487000	23.600000	1.710400
0.487200	23.600000	1.708800
0.487400	23.600000	1.709600
0.487600	24.000000	1.709600
0.487800	23.600000	1.709600
0.488000	23.600000	1.709600
0.488200	23.600000	1.708800
0.488400	24.000000	1.709600
0.488600	24.000000	1.710400
0.488800	23.600000	1.709600
0.489000	24.000000	1.709600
0.489200	24.000000	1.708800
0.489400	24.000000	1.709600
0.489600	24.000000	1.709600
0.489800	24.000000	1.708800
0.490000	24.000000	1.709600
0.490200	24.000000	1.708800
0.490400	24.000000	1.710400
0.490600	24.000000	1.709600
0.490800	24.000000	1.708800
0.491000	24.000000	1.709600
0.491200	24.400000	1.709600
0.491400	24.400000	1.710400
0.491600	24.000000	1.710400
0.491800	24.000000	1.708000
0.492000	24.400000	1.710400
0.492200	24.000000	1.710400
0.492400	24.400000	1.709600
0.492600	24.400000	1.710400
0.492800	24.400000	1.710400
0.493000	24.400000	1.710400
0.493200	24.800000	1.710400
0.493400	24.400000	1.708800
0.493600	24.400000	1.711200
0.493800	24.400000	1.709600
0.494000	24.800000	1.709600
0.494200	24.400000	1.708800
0.494400	24.400000	1.708800
0.494600	24.400000	1.710400
0.494800	24.400000	1.710400
0.495000	24.800000	1.709600
0.495200	24.400000	1.709600
0.495400	24.800000	1.711200
0.495600	24.400000	1.710400
0.495800	24.800000	1.708800
0.496000	24.800000	1.709600
0.496200	24.800000	1.709600
0.496400	24.400000	1.710400
0.496600	24.800000	1.709600
0.496800	24.800000	1.710400
0.497000	24.800000	1.710400
0.497200	24.800000	1.711200
0.497400	24.800000	1.710400
0.497600	24.800000	1.710400
0.497800	24.800000	1.709600
0.498000	24.800000	1.710400
0.498200	24.800000	1.709600
0.498400	24.800000	1.709600
0.498600	24.800000	1.710400
0.498800	25.200000	1.708800
0.499000	24.800000	1.710400
0.499200	24.800000	1.709600
0.499400	24.800000	1.709600
0.499600	25.200000	1.709600
0.499800	25.200000	1.709600
