0.000000	-22.800000	0.009600
4.000000E-6	-22.400000	0.010400
8.000000E-6	-22.400000	0.009600
1.200000E-5	-22.400000	0.009600
1.600000E-5	-22.400000	0.009600
2.000000E-5	-22.400000	0.009600
2.400000E-5	-22.400000	0.009600
2.800000E-5	-22.400000	0.009600
3.200000E-5	-22.400000	0.009600
3.600000E-5	-22.400000	0.009600
4.000000E-5	-22.400000	0.009600
4.400000E-5	-22.400000	0.009600
4.800000E-5	-22.800000	0.009600
5.200000E-5	-22.400000	0.009600
5.600000E-5	-22.400000	0.009600
6.000000E-5	-22.400000	0.009600
6.400000E-5	-22.400000	0.009600
6.800000E-5	-22.800000	0.009600
7.200000E-5	-22.400000	0.009600
7.600000E-5	-22.400000	0.009600
8.000000E-5	-22.800000	0.009600
8.400000E-5	-22.400000	0.009600
8.800000E-5	-22.400000	0.010400
9.200000E-5	-22.400000	0.009600
9.600000E-5	-22.400000	0.009600
0.000100	-22.400000	0.009600
0.000104	-22.400000	0.009600
0.000108	-22.400000	0.009600
0.000112	-22.400000	0.009600
0.000116	-22.400000	0.009600
0.000120	-22.400000	0.008800
0.000124	-22.400000	0.008800
0.000128	-22.400000	0.009600
0.000132	-22.400000	0.009600
0.000136	-22.400000	0.010400
0.000140	-22.400000	0.009600
0.000144	-22.400000	0.009600
0.000148	-22.400000	0.009600
0.000152	-22.400000	0.009600
0.000156	-22.400000	0.009600
0.000160	-22.400000	0.009600
0.000164	-22.400000	0.008800
0.000168	-22.400000	0.009600
0.000172	-22.400000	0.009600
0.000176	-22.800000	0.010400
0.000180	-22.400000	0.009600
0.000184	-22.800000	0.009600
0.000188	-22.400000	0.009600
0.000192	-22.400000	0.010400
0.000196	-22.400000	0.009600
0.000200	-22.400000	0.010400
0.000204	-22.400000	0.010400
0.000208	-22.400000	0.010400
0.000212	-22.800000	0.010400
0.000216	-22.400000	0.010400
0.000220	-22.400000	0.010400
0.000224	-22.400000	0.010400
0.000228	-22.400000	0.009600
0.000232	-22.800000	0.010400
0.000236	-22.400000	0.009600
0.000240	-22.400000	0.009600
0.000244	-22.800000	0.009600
0.000248	-22.400000	0.009600
0.000252	-22.400000	0.010400
0.000256	-22.400000	0.010400
0.000260	-22.400000	0.010400
0.000264	-22.400000	0.010400
0.000268	-22.400000	0.009600
0.000272	-22.400000	0.010400
0.000276	-22.800000	0.009600
0.000280	-22.400000	0.010400
0.000284	-22.400000	0.009600
0.000288	-22.400000	0.010400
0.000292	-22.000000	0.009600
0.000296	-22.400000	0.009600
0.000300	-22.400000	0.009600
0.000304	-22.800000	0.009600
0.000308	-22.800000	0.010400
0.000312	-22.400000	0.009600
0.000316	-22.400000	0.009600
0.000320	-22.400000	0.009600
0.000324	-22.400000	0.009600
0.000328	-22.400000	0.010400
0.000332	-22.400000	0.009600
0.000336	-22.400000	0.009600
0.000340	-22.400000	0.009600
0.000344	-22.400000	0.009600
0.000348	-22.400000	0.009600
0.000352	-22.400000	0.009600
0.000356	-22.400000	0.009600
0.000360	-22.800000	0.009600
0.000364	-22.400000	0.009600
0.000368	-22.400000	0.009600
0.000372	-22.400000	0.010400
0.000376	-22.400000	0.009600
0.000380	-22.400000	0.010400
0.000384	-22.400000	0.009600
0.000388	-22.400000	0.010400
0.000392	-22.400000	0.009600
0.000396	-22.400000	0.009600
0.000400	-22.400000	0.009600
0.000404	-22.400000	0.009600
0.000408	-22.400000	0.009600
0.000412	-22.400000	0.010400
0.000416	-22.400000	0.008800
0.000420	-22.400000	0.009600
0.000424	-22.400000	0.009600
0.000428	-22.400000	0.009600
0.000432	-22.400000	0.009600
0.000436	-22.400000	0.010400
0.000440	-22.400000	0.009600
0.000444	-22.400000	0.010400
0.000448	-22.400000	0.008800
0.000452	-22.400000	0.009600
0.000456	-22.400000	0.010400
0.000460	-22.800000	0.009600
0.000464	-22.400000	0.009600
0.000468	-22.400000	0.009600
0.000472	-22.400000	0.009600
0.000476	-22.400000	0.009600
0.000480	-22.400000	0.009600
0.000484	-22.800000	0.010400
0.000488	-22.400000	0.009600
0.000492	-22.400000	0.009600
0.000496	-22.400000	0.009600
0.000500	-22.400000	0.009600
0.000504	-22.400000	0.008800
0.000508	-22.400000	0.009600
0.000512	-22.400000	0.010400
0.000516	-22.400000	0.008800
0.000520	-22.400000	0.009600
0.000524	-22.400000	0.009600
0.000528	-22.400000	0.009600
0.000532	-22.400000	0.010400
0.000536	-22.400000	0.009600
0.000540	-22.400000	0.009600
0.000544	-22.400000	0.009600
0.000548	-22.800000	0.010400
0.000552	-22.400000	0.010400
0.000556	-22.400000	0.010400
0.000560	-22.400000	0.011200
0.000564	-22.400000	0.009600
0.000568	-22.400000	0.010400
0.000572	-22.400000	0.009600
0.000576	-22.400000	0.010400
0.000580	-22.400000	0.009600
0.000584	-22.400000	0.010400
0.000588	-22.400000	0.009600
0.000592	-22.400000	0.010400
0.000596	-22.400000	0.009600
0.000600	-22.400000	0.009600
0.000604	-22.400000	0.009600
0.000608	-22.400000	0.009600
0.000612	-22.400000	0.009600
0.000616	-22.800000	0.009600
0.000620	-22.400000	0.010400
0.000624	-22.800000	0.009600
0.000628	-22.800000	0.009600
0.000632	-22.400000	0.009600
0.000636	-22.400000	0.010400
0.000640	-22.400000	0.010400
0.000644	-22.400000	0.009600
0.000648	-22.400000	0.010400
0.000652	-22.400000	0.010400
0.000656	-22.800000	0.009600
0.000660	-22.400000	0.010400
0.000664	-22.400000	0.011200
0.000668	-22.800000	0.009600
0.000672	-22.400000	0.010400
0.000676	-22.400000	0.009600
0.000680	-22.400000	0.010400
0.000684	-22.400000	0.009600
0.000688	-22.800000	0.009600
0.000692	-22.400000	0.010400
0.000696	-22.800000	0.010400
0.000700	-22.400000	0.009600
0.000704	-22.400000	0.009600
0.000708	-22.400000	0.010400
0.000712	-22.400000	0.009600
0.000716	-22.400000	0.009600
0.000720	-22.400000	0.009600
0.000724	-22.400000	0.010400
0.000728	-22.800000	0.010400
0.000732	-22.400000	0.009600
0.000736	-22.400000	0.010400
0.000740	-22.400000	0.008800
0.000744	-22.400000	0.010400
0.000748	-22.400000	0.009600
0.000752	-22.400000	0.009600
0.000756	-22.400000	0.009600
0.000760	-22.400000	0.009600
0.000764	-22.400000	0.008800
0.000768	-22.400000	0.008800
0.000772	-22.400000	0.009600
0.000776	-22.400000	0.009600
0.000780	-22.400000	0.009600
0.000784	-22.400000	0.009600
0.000788	-22.400000	0.009600
0.000792	-22.400000	0.009600
0.000796	-22.400000	0.009600
0.000800	-22.400000	0.009600
0.000804	-22.400000	0.009600
0.000808	-22.400000	0.009600
0.000812	-22.400000	0.009600
0.000816	-22.400000	0.009600
0.000820	-22.400000	0.009600
0.000824	-22.400000	0.009600
0.000828	-22.400000	0.010400
0.000832	-22.800000	0.010400
0.000836	-22.800000	0.010400
0.000840	-22.400000	0.009600
0.000844	-22.400000	0.009600
0.000848	-22.400000	0.010400
0.000852	-22.400000	0.009600
0.000856	-22.400000	0.010400
0.000860	-22.400000	0.010400
0.000864	-22.400000	0.010400
0.000868	-22.400000	0.009600
0.000872	-22.400000	0.009600
0.000876	-22.400000	0.010400
0.000880	-22.800000	0.010400
0.000884	-22.400000	0.009600
0.000888	-22.400000	0.011200
0.000892	-22.400000	0.009600
0.000896	-22.400000	0.009600
0.000900	-22.400000	0.010400
0.000904	-22.400000	0.009600
0.000908	-22.000000	0.010400
0.000912	-22.400000	0.009600
0.000916	-22.400000	0.010400
0.000920	-22.400000	0.009600
0.000924	-22.400000	0.009600
0.000928	-22.400000	0.010400
0.000932	-22.400000	0.009600
0.000936	-22.400000	0.010400
0.000940	-22.400000	0.009600
0.000944	-22.400000	0.009600
0.000948	-22.400000	0.009600
0.000952	-22.400000	0.009600
0.000956	-22.400000	0.009600
0.000960	-22.400000	0.009600
0.000964	-22.400000	0.009600
0.000968	-22.400000	0.009600
0.000972	-22.400000	0.009600
0.000976	-22.400000	0.009600
0.000980	-22.400000	0.009600
0.000984	-22.400000	0.009600
0.000988	-22.400000	0.009600
0.000992	-22.400000	0.009600
0.000996	-22.400000	0.009600
0.001000	-22.400000	0.010400
0.001004	-22.800000	0.010400
0.001008	-22.400000	0.009600
0.001012	-22.400000	0.009600
0.001016	-22.400000	0.009600
0.001020	-22.400000	0.009600
0.001024	-22.400000	0.009600
0.001028	-22.800000	0.009600
0.001032	-22.400000	0.009600
0.001036	-22.400000	0.009600
0.001040	-22.800000	0.009600
0.001044	-22.400000	0.009600
0.001048	-22.400000	0.009600
0.001052	-22.400000	0.009600
0.001056	-22.400000	0.010400
0.001060	-22.400000	0.009600
0.001064	-22.400000	0.009600
0.001068	-22.400000	0.009600
0.001072	-22.400000	0.010400
0.001076	-22.400000	0.009600
0.001080	-22.400000	0.010400
0.001084	-22.400000	0.010400
0.001088	-22.400000	0.009600
0.001092	-22.400000	0.010400
0.001096	-22.400000	0.009600
0.001100	-22.400000	0.010400
0.001104	-22.400000	0.010400
0.001108	-22.400000	0.009600
0.001112	-22.400000	0.010400
0.001116	-22.400000	0.009600
0.001120	-22.400000	0.010400
0.001124	-22.400000	0.010400
0.001128	-22.400000	0.009600
0.001132	-22.400000	0.009600
0.001136	-22.400000	0.010400
0.001140	-22.400000	0.010400
0.001144	-22.000000	0.010400
0.001148	-22.400000	0.010400
0.001152	-22.400000	0.010400
0.001156	-22.400000	0.010400
0.001160	-22.400000	0.009600
0.001164	-22.400000	0.010400
0.001168	-22.400000	0.009600
0.001172	-22.400000	0.010400
0.001176	-22.400000	0.010400
0.001180	-22.400000	0.009600
0.001184	-22.400000	0.009600
0.001188	-22.400000	0.009600
0.001192	-22.400000	0.010400
0.001196	-22.400000	0.010400
0.001200	-22.400000	0.010400
0.001204	-22.400000	0.010400
0.001208	-22.400000	0.009600
0.001212	-22.800000	0.009600
0.001216	-22.800000	0.010400
0.001220	-22.400000	0.010400
0.001224	-22.400000	0.009600
0.001228	-22.400000	0.010400
0.001232	-22.400000	0.010400
0.001236	-22.400000	0.010400
0.001240	-22.400000	0.009600
0.001244	-22.400000	0.010400
0.001248	-22.400000	0.010400
0.001252	-22.400000	0.011200
0.001256	-22.400000	0.009600
0.001260	-22.400000	0.009600
0.001264	-22.800000	0.009600
0.001268	-22.400000	0.009600
0.001272	-22.800000	0.009600
0.001276	-22.400000	0.010400
0.001280	-22.400000	0.010400
0.001284	-22.400000	0.009600
0.001288	-22.400000	0.010400
0.001292	-22.400000	0.009600
0.001296	-22.400000	0.010400
0.001300	-22.800000	0.010400
0.001304	-22.400000	0.009600
0.001308	-22.400000	0.009600
0.001312	-22.400000	0.009600
0.001316	-22.400000	0.010400
0.001320	-22.400000	0.011200
0.001324	-22.000000	0.010400
0.001328	-22.400000	0.009600
0.001332	-22.400000	0.010400
0.001336	-22.400000	0.010400
0.001340	-22.800000	0.010400
0.001344	-22.400000	0.009600
0.001348	-22.400000	0.009600
0.001352	-22.800000	0.009600
0.001356	-22.400000	0.010400
0.001360	-22.400000	0.009600
0.001364	-22.400000	0.009600
0.001368	-22.400000	0.011200
0.001372	-22.400000	0.010400
0.001376	-22.400000	0.010400
0.001380	-22.400000	0.009600
0.001384	-22.400000	0.010400
0.001388	-22.400000	0.010400
0.001392	-22.400000	0.010400
0.001396	-22.800000	0.010400
0.001400	-22.400000	0.010400
0.001404	-22.400000	0.010400
0.001408	-22.800000	0.011200
0.001412	-22.400000	0.010400
0.001416	-22.000000	0.010400
0.001420	-22.800000	0.009600
0.001424	-22.000000	0.010400
0.001428	-22.400000	0.010400
0.001432	-22.400000	0.009600
0.001436	-22.400000	0.009600
0.001440	-22.400000	0.009600
0.001444	-22.400000	0.010400
0.001448	-22.400000	0.009600
0.001452	-22.800000	0.009600
0.001456	-22.400000	0.010400
0.001460	-22.800000	0.009600
0.001464	-22.400000	0.010400
0.001468	-22.800000	0.009600
0.001472	-22.400000	0.010400
0.001476	-22.400000	0.009600
0.001480	-22.800000	0.010400
0.001484	-22.400000	0.009600
0.001488	-22.400000	0.009600
0.001492	-22.400000	0.010400
0.001496	-22.400000	0.010400
0.001500	-22.400000	0.009600
0.001504	-22.800000	0.010400
0.001508	-22.400000	0.010400
0.001512	-22.400000	0.010400
0.001516	-22.400000	0.009600
0.001520	-22.400000	0.009600
0.001524	-22.400000	0.009600
0.001528	-22.400000	0.010400
0.001532	-22.400000	0.010400
0.001536	-22.400000	0.010400
0.001540	-22.800000	0.009600
0.001544	-22.400000	0.009600
0.001548	-22.400000	0.009600
0.001552	-22.400000	0.011200
0.001556	-22.800000	0.009600
0.001560	-22.400000	0.009600
0.001564	-22.400000	0.011200
0.001568	-22.400000	0.010400
0.001572	-22.400000	0.010400
0.001576	-22.400000	0.011200
0.001580	-22.400000	0.010400
0.001584	-22.400000	0.010400
0.001588	-22.400000	0.010400
0.001592	-22.800000	0.009600
0.001596	-22.400000	0.010400
0.001600	-22.000000	0.011200
0.001604	-22.000000	0.011200
0.001608	-22.400000	0.009600
0.001612	-22.400000	0.011200
0.001616	-22.400000	0.011200
0.001620	-22.400000	0.011200
0.001624	-22.400000	0.009600
0.001628	-22.400000	0.010400
0.001632	-22.400000	0.010400
0.001636	-22.400000	0.009600
0.001640	-22.400000	0.009600
0.001644	-22.400000	0.010400
0.001648	-22.400000	0.011200
0.001652	-22.400000	0.010400
0.001656	-22.400000	0.009600
0.001660	-22.400000	0.009600
0.001664	-22.800000	0.009600
0.001668	-22.400000	0.010400
0.001672	-22.400000	0.010400
0.001676	-22.800000	0.010400
0.001680	-22.400000	0.010400
0.001684	-22.400000	0.009600
0.001688	-22.400000	0.010400
0.001692	-22.400000	0.011200
0.001696	-22.400000	0.009600
0.001700	-22.800000	0.009600
0.001704	-22.400000	0.009600
0.001708	-22.400000	0.010400
0.001712	-22.400000	0.010400
0.001716	-22.800000	0.009600
0.001720	-22.400000	0.010400
0.001724	-22.400000	0.011200
0.001728	-22.400000	0.010400
0.001732	-22.400000	0.011200
0.001736	-22.400000	0.009600
0.001740	-22.400000	0.010400
0.001744	-22.400000	0.009600
0.001748	-22.400000	0.010400
0.001752	-22.400000	0.010400
0.001756	-22.400000	0.010400
0.001760	-22.800000	0.010400
0.001764	-22.400000	0.011200
0.001768	-22.400000	0.009600
0.001772	-22.400000	0.009600
0.001776	-22.400000	0.010400
0.001780	-22.400000	0.011200
0.001784	-22.400000	0.009600
0.001788	-22.400000	0.009600
0.001792	-22.400000	0.010400
0.001796	-22.800000	0.010400
0.001800	-22.400000	0.009600
0.001804	-22.400000	0.010400
0.001808	-22.400000	0.010400
0.001812	-22.400000	0.010400
0.001816	-22.400000	0.009600
0.001820	-22.400000	0.010400
0.001824	-22.400000	0.010400
0.001828	-22.400000	0.011200
0.001832	-22.400000	0.010400
0.001836	-22.400000	0.009600
0.001840	-22.800000	0.010400
0.001844	-22.400000	0.009600
0.001848	-22.400000	0.010400
0.001852	-22.400000	0.010400
0.001856	-22.400000	0.010400
0.001860	-22.400000	0.009600
0.001864	-22.400000	0.010400
0.001868	-22.400000	0.011200
0.001872	-22.400000	0.010400
0.001876	-22.400000	0.010400
0.001880	-22.400000	0.010400
0.001884	-22.400000	0.010400
0.001888	-22.400000	0.010400
0.001892	-22.400000	0.010400
0.001896	-22.400000	0.009600
0.001900	-22.400000	0.009600
0.001904	-22.800000	0.010400
0.001908	-22.400000	0.010400
0.001912	-22.400000	0.010400
0.001916	-22.400000	0.010400
0.001920	-22.400000	0.010400
0.001924	-22.400000	0.011200
0.001928	-22.400000	0.011200
0.001932	-22.400000	0.010400
0.001936	-22.400000	0.010400
0.001940	-22.400000	0.011200
0.001944	-22.400000	0.010400
0.001948	-22.400000	0.009600
0.001952	-22.400000	0.011200
0.001956	-22.400000	0.010400
0.001960	-22.400000	0.010400
0.001964	-22.400000	0.010400
0.001968	-22.400000	0.011200
0.001972	-22.800000	0.010400
0.001976	-22.400000	0.010400
0.001980	-22.400000	0.010400
0.001984	-22.400000	0.010400
0.001988	-22.400000	0.011200
0.001992	-22.400000	0.011200
0.001996	-22.400000	0.009600
0.002000	-22.400000	0.010400
0.002004	-22.400000	0.011200
0.002008	-22.800000	0.010400
0.002012	-22.400000	0.011200
0.002016	-22.400000	0.009600
0.002020	-22.400000	0.010400
0.002024	-22.800000	0.010400
0.002028	-22.400000	0.010400
0.002032	-22.400000	0.010400
0.002036	-22.400000	0.010400
0.002040	-22.400000	0.010400
0.002044	-22.400000	0.010400
0.002048	-22.400000	0.009600
0.002052	-22.800000	0.010400
0.002056	-22.400000	0.009600
0.002060	-22.400000	0.010400
0.002064	-22.400000	0.010400
0.002068	-22.400000	0.010400
0.002072	-22.800000	0.010400
0.002076	-22.400000	0.009600
0.002080	-22.400000	0.009600
0.002084	-22.400000	0.009600
0.002088	-22.400000	0.010400
0.002092	-22.400000	0.009600
0.002096	-22.400000	0.010400
0.002100	-22.400000	0.010400
0.002104	-22.400000	0.010400
0.002108	-22.400000	0.011200
0.002112	-22.400000	0.010400
0.002116	-22.400000	0.011200
0.002120	-22.400000	0.009600
0.002124	-22.400000	0.010400
0.002128	-22.400000	0.010400
0.002132	-22.400000	0.010400
0.002136	-22.400000	0.010400
0.002140	-22.400000	0.010400
0.002144	-22.400000	0.010400
0.002148	-22.400000	0.011200
0.002152	-22.400000	0.010400
0.002156	-22.400000	0.011200
0.002160	-22.400000	0.011200
0.002164	-22.400000	0.011200
0.002168	-22.400000	0.011200
0.002172	-22.800000	0.010400
0.002176	-22.400000	0.010400
0.002180	-22.800000	0.011200
0.002184	-22.400000	0.010400
0.002188	-22.400000	0.010400
0.002192	-22.400000	0.011200
0.002196	-22.400000	0.010400
0.002200	-22.400000	0.010400
0.002204	-22.400000	0.009600
0.002208	-22.400000	0.011200
0.002212	-22.400000	0.009600
0.002216	-22.400000	0.010400
0.002220	-22.400000	0.009600
0.002224	-22.400000	0.010400
0.002228	-22.400000	0.009600
0.002232	-22.400000	0.010400
0.002236	-22.400000	0.009600
0.002240	-22.400000	0.009600
0.002244	-22.400000	0.011200
0.002248	-22.400000	0.010400
0.002252	-22.400000	0.010400
0.002256	-22.400000	0.009600
0.002260	-22.400000	0.010400
0.002264	-22.400000	0.010400
0.002268	-22.400000	0.010400
0.002272	-22.400000	0.010400
0.002276	-22.400000	0.008800
0.002280	-22.400000	0.010400
0.002284	-22.400000	0.009600
0.002288	-22.400000	0.011200
0.002292	-22.400000	0.010400
0.002296	-22.400000	0.011200
0.002300	-22.400000	0.010400
0.002304	-22.400000	0.010400
0.002308	-22.400000	0.010400
0.002312	-22.400000	0.009600
0.002316	-22.400000	0.010400
0.002320	27.600000	0.011200
0.002324	27.600000	0.010400
0.002328	28.000000	0.010400
0.002332	28.000000	0.009600
0.002336	28.000000	0.010400
0.002340	28.000000	0.011200
0.002344	28.000000	0.011200
0.002348	28.000000	0.010400
0.002352	28.000000	0.010400
0.002356	28.000000	0.011200
0.002360	28.000000	0.011200
0.002364	28.000000	0.010400
0.002368	28.000000	0.010400
0.002372	28.400000	0.011200
0.002376	28.000000	0.010400
0.002380	28.000000	0.011200
0.002384	28.000000	0.010400
0.002388	28.400000	0.010400
0.002392	28.000000	0.009600
0.002396	28.000000	0.010400
0.002400	28.000000	0.011200
0.002404	28.000000	0.011200
0.002408	28.000000	0.011200
0.002412	28.000000	0.011200
0.002416	28.000000	0.011200
0.002420	28.000000	0.010400
0.002424	28.000000	0.010400
0.002428	28.000000	0.011200
0.002432	27.600000	0.011200
0.002436	28.000000	0.011200
0.002440	27.600000	0.010400
0.002444	28.000000	0.011200
0.002448	27.600000	0.009600
0.002452	28.000000	0.010400
0.002456	27.600000	0.010400
0.002460	28.000000	0.010400
0.002464	27.600000	0.011200
0.002468	27.600000	0.010400
0.002472	28.000000	0.009600
0.002476	28.000000	0.010400
0.002480	27.600000	0.010400
0.002484	28.000000	0.010400
0.002488	28.000000	0.009600
0.002492	27.600000	0.010400
0.002496	27.600000	0.009600
0.002500	27.600000	0.009600
0.002504	28.000000	0.009600
0.002508	27.600000	0.010400
0.002512	27.600000	0.009600
0.002516	27.600000	0.010400
0.002520	27.600000	0.010400
0.002524	27.600000	0.010400
0.002528	27.600000	0.010400
0.002532	27.600000	0.009600
0.002536	27.600000	0.009600
0.002540	27.600000	0.009600
0.002544	27.600000	0.010400
0.002548	27.600000	0.010400
0.002552	27.600000	0.010400
0.002556	27.600000	0.009600
0.002560	27.600000	0.010400
0.002564	27.600000	0.010400
0.002568	27.600000	0.010400
0.002572	27.600000	0.010400
0.002576	27.600000	0.009600
0.002580	27.600000	0.010400
0.002584	27.600000	0.009600
0.002588	27.600000	0.010400
0.002592	27.600000	0.010400
0.002596	27.600000	0.009600
0.002600	27.600000	0.010400
0.002604	27.600000	0.009600
0.002608	27.600000	0.011200
0.002612	27.600000	0.011200
0.002616	27.600000	0.011200
0.002620	27.600000	0.011200
0.002624	27.600000	0.011200
0.002628	27.600000	0.011200
0.002632	27.600000	0.011200
0.002636	27.600000	0.011200
0.002640	27.600000	0.012000
0.002644	27.600000	0.010400
0.002648	27.600000	0.010400
0.002652	27.600000	0.010400
0.002656	27.600000	0.010400
0.002660	27.200000	0.010400
0.002664	27.600000	0.011200
0.002668	27.600000	0.011200
0.002672	27.200000	0.010400
0.002676	27.200000	0.010400
0.002680	27.200000	0.011200
0.002684	27.600000	0.010400
0.002688	27.200000	0.010400
0.002692	27.600000	0.010400
0.002696	27.600000	0.010400
0.002700	27.200000	0.010400
0.002704	27.200000	0.009600
0.002708	27.200000	0.011200
0.002712	27.600000	0.010400
0.002716	27.200000	0.009600
0.002720	27.200000	0.011200
0.002724	27.200000	0.010400
0.002728	27.200000	0.010400
0.002732	27.200000	0.010400
0.002736	27.200000	0.011200
0.002740	27.200000	0.010400
0.002744	27.200000	0.010400
0.002748	27.200000	0.010400
0.002752	27.600000	0.011200
0.002756	27.200000	0.011200
0.002760	27.200000	0.010400
0.002764	27.200000	0.011200
0.002768	27.200000	0.011200
0.002772	27.200000	0.010400
0.002776	27.200000	0.010400
0.002780	27.200000	0.010400
0.002784	27.200000	0.011200
0.002788	27.200000	0.010400
0.002792	27.200000	0.010400
0.002796	27.200000	0.010400
0.002800	27.200000	0.010400
0.002804	26.800000	0.011200
0.002808	27.200000	0.011200
0.002812	27.200000	0.009600
0.002816	27.200000	0.010400
0.002820	27.200000	0.010400
0.002824	27.200000	0.010400
0.002828	27.200000	0.010400
0.002832	27.200000	0.010400
0.002836	27.200000	0.010400
0.002840	26.800000	0.010400
0.002844	27.200000	0.009600
0.002848	26.800000	0.010400
0.002852	26.800000	0.010400
0.002856	27.200000	0.011200
0.002860	27.200000	0.011200
0.002864	26.800000	0.011200
0.002868	27.200000	0.010400
0.002872	26.800000	0.010400
0.002876	27.200000	0.011200
0.002880	27.200000	0.010400
0.002884	27.200000	0.011200
0.002888	27.200000	0.009600
0.002892	27.200000	0.010400
0.002896	26.800000	0.010400
0.002900	26.800000	0.010400
0.002904	27.200000	0.010400
0.002908	27.200000	0.009600
0.002912	26.800000	0.010400
0.002916	26.800000	0.010400
0.002920	27.200000	0.009600
0.002924	27.200000	0.010400
0.002928	27.200000	0.010400
0.002932	26.800000	0.011200
0.002936	27.200000	0.011200
0.002940	26.800000	0.010400
0.002944	26.800000	0.010400
0.002948	26.800000	0.011200
0.002952	27.200000	0.010400
0.002956	26.800000	0.011200
0.002960	27.200000	0.009600
0.002964	26.800000	0.010400
0.002968	26.800000	0.011200
0.002972	27.200000	0.012000
0.002976	27.200000	0.011200
0.002980	26.800000	0.011200
0.002984	26.800000	0.009600
0.002988	26.800000	0.010400
0.002992	26.800000	0.010400
0.002996	26.800000	0.010400
0.003000	26.800000	0.009600
0.003004	26.800000	0.010400
0.003008	26.800000	0.010400
0.003012	26.800000	0.011200
0.003016	26.800000	0.010400
0.003020	26.800000	0.011200
0.003024	26.800000	0.009600
0.003028	26.800000	0.009600
0.003032	26.800000	0.010400
0.003036	26.800000	0.009600
0.003040	26.800000	0.010400
0.003044	26.800000	0.011200
0.003048	26.800000	0.011200
0.003052	26.800000	0.011200
0.003056	26.800000	0.011200
0.003060	26.800000	0.009600
0.003064	26.800000	0.010400
0.003068	26.800000	0.010400
0.003072	26.800000	0.011200
0.003076	26.800000	0.009600
0.003080	26.800000	0.010400
0.003084	26.800000	0.010400
0.003088	26.800000	0.010400
0.003092	26.800000	0.009600
0.003096	26.400000	0.010400
0.003100	26.800000	0.009600
0.003104	26.800000	0.011200
0.003108	26.800000	0.011200
0.003112	26.800000	0.009600
0.003116	26.400000	0.010400
0.003120	26.400000	0.010400
0.003124	26.800000	0.010400
0.003128	26.400000	0.010400
0.003132	26.800000	0.010400
0.003136	26.800000	0.010400
0.003140	26.800000	0.010400
0.003144	26.800000	0.010400
0.003148	26.800000	0.011200
0.003152	26.800000	0.010400
0.003156	26.800000	0.010400
0.003160	26.400000	0.010400
0.003164	26.400000	0.011200
0.003168	26.400000	0.011200
0.003172	26.400000	0.011200
0.003176	26.400000	0.011200
0.003180	26.400000	0.011200
0.003184	26.400000	0.011200
0.003188	26.800000	0.010400
0.003192	26.400000	0.011200
0.003196	26.400000	0.011200
0.003200	26.400000	0.010400
0.003204	26.800000	0.010400
0.003208	26.400000	0.010400
0.003212	26.400000	0.011200
0.003216	26.400000	0.010400
0.003220	26.800000	0.010400
0.003224	26.400000	0.010400
0.003228	26.400000	0.011200
0.003232	26.400000	0.011200
0.003236	26.400000	0.009600
0.003240	26.400000	0.011200
0.003244	26.400000	0.011200
0.003248	26.400000	0.010400
0.003252	26.400000	0.010400
0.003256	26.400000	0.010400
0.003260	26.400000	0.010400
0.003264	26.400000	0.009600
0.003268	26.400000	0.010400
0.003272	26.400000	0.010400
0.003276	26.400000	0.010400
0.003280	26.400000	0.010400
0.003284	26.400000	0.010400
0.003288	26.400000	0.010400
0.003292	26.400000	0.010400
0.003296	26.400000	0.010400
0.003300	26.400000	0.011200
0.003304	26.400000	0.011200
0.003308	26.400000	0.010400
0.003312	26.400000	0.010400
0.003316	26.400000	0.010400
0.003320	26.400000	0.010400
0.003324	26.400000	0.009600
0.003328	26.400000	0.009600
0.003332	26.400000	0.009600
0.003336	26.400000	0.010400
0.003340	26.400000	0.009600
0.003344	26.400000	0.010400
0.003348	26.400000	0.010400
0.003352	26.400000	0.010400
0.003356	26.400000	0.010400
0.003360	26.400000	0.010400
0.003364	26.400000	0.010400
0.003368	26.400000	0.010400
0.003372	26.400000	0.009600
0.003376	26.400000	0.011200
0.003380	26.400000	0.011200
0.003384	26.400000	0.010400
0.003388	26.400000	0.011200
0.003392	26.400000	0.010400
0.003396	26.400000	0.010400
0.003400	26.400000	0.010400
0.003404	26.400000	0.011200
0.003408	26.400000	0.010400
0.003412	26.400000	0.009600
0.003416	26.400000	0.010400
0.003420	26.400000	0.010400
0.003424	26.400000	0.010400
0.003428	26.400000	0.010400
0.003432	26.400000	0.010400
0.003436	26.400000	0.011200
0.003440	26.000000	0.009600
0.003444	26.400000	0.010400
0.003448	26.400000	0.010400
0.003452	26.400000	0.010400
0.003456	26.400000	0.010400
0.003460	26.400000	0.010400
0.003464	26.400000	0.009600
0.003468	26.000000	0.010400
0.003472	26.400000	0.011200
0.003476	26.400000	0.010400
0.003480	26.400000	0.010400
0.003484	26.400000	0.010400
0.003488	26.400000	0.010400
0.003492	26.000000	0.009600
0.003496	26.400000	0.010400
0.003500	26.000000	0.009600
0.003504	26.400000	0.010400
0.003508	26.400000	0.010400
0.003512	26.400000	0.010400
0.003516	26.400000	0.009600
0.003520	26.000000	0.009600
0.003524	26.000000	0.009600
0.003528	26.400000	0.010400
0.003532	26.400000	0.009600
0.003536	26.400000	0.010400
0.003540	26.400000	0.009600
0.003544	26.400000	0.009600
0.003548	26.400000	0.010400
0.003552	26.400000	0.009600
0.003556	26.400000	0.009600
0.003560	26.400000	0.010400
0.003564	26.400000	0.009600
0.003568	26.400000	0.011200
0.003572	26.400000	0.010400
0.003576	26.400000	0.009600
0.003580	26.000000	0.009600
0.003584	26.000000	0.009600
0.003588	26.000000	0.009600
0.003592	26.400000	0.010400
0.003596	26.400000	0.009600
0.003600	26.000000	0.009600
0.003604	26.000000	0.009600
0.003608	26.000000	0.009600
0.003612	26.400000	0.009600
0.003616	26.400000	0.008800
0.003620	26.000000	0.009600
0.003624	26.000000	0.009600
0.003628	26.400000	0.009600
0.003632	26.000000	0.009600
0.003636	26.400000	0.009600
0.003640	26.000000	0.010400
0.003644	26.000000	0.010400
0.003648	26.000000	0.009600
0.003652	26.000000	0.010400
0.003656	26.000000	0.010400
0.003660	26.000000	0.010400
0.003664	26.000000	0.010400
0.003668	26.000000	0.011200
0.003672	26.000000	0.010400
0.003676	26.000000	0.010400
0.003680	26.400000	0.010400
0.003684	26.000000	0.011200
0.003688	26.000000	0.010400
0.003692	26.000000	0.010400
0.003696	26.400000	0.010400
0.003700	26.000000	0.010400
0.003704	26.000000	0.011200
0.003708	26.000000	0.010400
0.003712	26.000000	0.010400
0.003716	26.000000	0.011200
0.003720	26.000000	0.010400
0.003724	26.000000	0.009600
0.003728	26.000000	0.010400
0.003732	26.000000	0.011200
0.003736	26.000000	0.011200
0.003740	26.000000	0.010400
0.003744	26.000000	0.009600
0.003748	26.000000	0.010400
0.003752	26.000000	0.009600
0.003756	26.000000	0.010400
0.003760	26.000000	0.010400
0.003764	26.000000	0.010400
0.003768	25.600000	0.009600
0.003772	26.000000	0.010400
0.003776	26.000000	0.009600
0.003780	26.000000	0.009600
0.003784	26.000000	0.009600
0.003788	26.400000	0.010400
0.003792	26.000000	0.010400
0.003796	26.000000	0.009600
0.003800	26.000000	0.009600
0.003804	26.000000	0.010400
0.003808	26.000000	0.009600
0.003812	26.000000	0.010400
0.003816	26.000000	0.010400
0.003820	26.000000	0.010400
0.003824	26.000000	0.009600
0.003828	26.000000	0.009600
0.003832	26.000000	0.010400
0.003836	26.000000	0.010400
0.003840	26.000000	0.009600
0.003844	26.000000	0.009600
0.003848	26.000000	0.009600
0.003852	26.000000	0.010400
0.003856	26.000000	0.009600
0.003860	26.000000	0.010400
0.003864	26.000000	0.009600
0.003868	25.600000	0.009600
0.003872	26.000000	0.009600
0.003876	26.000000	0.011200
0.003880	26.000000	0.010400
0.003884	25.600000	0.009600
0.003888	26.000000	0.010400
0.003892	25.600000	0.009600
0.003896	26.000000	0.010400
0.003900	26.000000	0.009600
0.003904	26.000000	0.010400
0.003908	25.600000	0.010400
0.003912	26.000000	0.010400
0.003916	26.000000	0.009600
0.003920	25.600000	0.009600
0.003924	26.000000	0.010400
0.003928	25.600000	0.009600
0.003932	25.600000	0.009600
0.003936	26.000000	0.009600
0.003940	26.000000	0.010400
0.003944	26.000000	0.009600
0.003948	26.000000	0.009600
0.003952	26.000000	0.009600
0.003956	26.000000	0.010400
0.003960	25.600000	0.010400
0.003964	25.600000	0.010400
0.003968	26.000000	0.010400
0.003972	25.600000	0.009600
0.003976	26.000000	0.010400
0.003980	25.600000	0.009600
0.003984	26.000000	0.009600
0.003988	25.600000	0.009600
0.003992	25.600000	0.009600
0.003996	26.000000	0.010400
0.004000	26.000000	0.009600
0.004004	25.600000	0.009600
0.004008	25.600000	0.010400
0.004012	26.000000	0.009600
0.004016	26.000000	0.009600
0.004020	26.000000	0.009600
0.004024	25.600000	0.009600
0.004028	26.000000	0.009600
0.004032	25.600000	0.009600
0.004036	25.600000	0.009600
0.004040	25.600000	0.009600
0.004044	25.600000	0.010400
0.004048	25.600000	0.009600
0.004052	25.600000	0.008800
0.004056	26.000000	0.009600
0.004060	26.000000	0.008800
0.004064	25.600000	0.008800
0.004068	25.600000	0.009600
0.004072	26.000000	0.009600
0.004076	26.000000	0.009600
0.004080	25.600000	0.009600
0.004084	25.600000	0.009600
0.004088	25.600000	0.009600
0.004092	25.600000	0.009600
0.004096	25.600000	0.009600
0.004100	25.600000	0.009600
0.004104	25.600000	0.009600
0.004108	25.600000	0.009600
0.004112	25.600000	0.009600
0.004116	25.600000	0.009600
0.004120	25.600000	0.009600
0.004124	26.000000	0.010400
0.004128	25.600000	0.009600
0.004132	25.600000	0.009600
0.004136	25.600000	0.009600
0.004140	25.600000	0.009600
0.004144	26.000000	0.009600
0.004148	25.600000	0.009600
0.004152	25.600000	0.010400
0.004156	25.600000	0.009600
0.004160	25.600000	0.009600
0.004164	25.600000	0.009600
0.004168	25.600000	0.009600
0.004172	25.600000	0.009600
0.004176	25.600000	0.009600
0.004180	25.600000	0.009600
0.004184	25.600000	0.009600
0.004188	25.600000	0.009600
0.004192	25.600000	0.009600
0.004196	25.600000	0.009600
0.004200	25.600000	0.009600
0.004204	25.600000	0.009600
0.004208	25.600000	0.009600
0.004212	25.600000	0.008800
0.004216	25.600000	0.009600
0.004220	25.600000	0.009600
0.004224	25.600000	0.008000
0.004228	25.600000	0.008800
0.004232	25.600000	0.009600
0.004236	25.600000	0.008800
0.004240	25.600000	0.009600
0.004244	25.600000	0.009600
0.004248	25.600000	0.008000
0.004252	25.600000	0.008800
0.004256	25.600000	0.009600
0.004260	25.600000	0.009600
0.004264	25.600000	0.008800
0.004268	25.600000	0.008800
0.004272	25.600000	0.008800
0.004276	25.600000	0.008800
0.004280	25.600000	0.008800
0.004284	25.600000	0.008000
0.004288	25.600000	0.008000
0.004292	25.600000	0.008000
0.004296	25.600000	0.008000
0.004300	25.600000	0.008000
0.004304	25.600000	0.008000
0.004308	25.200000	0.008800
0.004312	25.600000	0.009600
0.004316	25.600000	0.008000
0.004320	25.600000	0.008000
0.004324	25.600000	0.008800
0.004328	25.600000	0.008800
0.004332	25.600000	0.008000
0.004336	25.600000	0.008000
0.004340	25.600000	0.008000
0.004344	25.200000	0.007200
0.004348	25.600000	0.008000
0.004352	25.600000	0.007200
0.004356	25.600000	0.008000
0.004360	25.200000	0.007200
0.004364	25.600000	0.007200
0.004368	25.600000	0.008000
0.004372	25.600000	0.007200
0.004376	25.600000	0.007200
0.004380	25.600000	0.007200
0.004384	25.600000	0.008000
0.004388	25.600000	0.007200
0.004392	25.600000	0.007200
0.004396	25.600000	0.007200
0.004400	25.600000	0.007200
0.004404	25.600000	0.007200
0.004408	25.600000	0.006400
0.004412	25.600000	0.006400
0.004416	25.600000	0.007200
0.004420	25.600000	0.006400
0.004424	25.600000	0.005600
0.004428	25.600000	0.005600
0.004432	25.600000	0.006400
0.004436	25.600000	0.006400
0.004440	25.200000	0.006400
0.004444	25.600000	0.006400
0.004448	25.200000	0.006400
0.004452	25.600000	0.005600
0.004456	25.600000	0.004800
0.004460	25.600000	0.005600
0.004464	25.200000	0.005600
0.004468	25.600000	0.005600
0.004472	25.600000	0.004800
0.004476	25.600000	0.004000
0.004480	25.600000	0.004000
0.004484	25.600000	0.004000
0.004488	25.600000	0.004000
0.004492	25.600000	0.003200
0.004496	25.200000	0.003200
0.004500	25.600000	0.003200
0.004504	25.600000	0.002400
0.004508	25.600000	0.002400
0.004512	25.200000	0.001600
0.004516	25.200000	0.001600
0.004520	25.600000	0.000800
0.004524	25.200000	0.000800
0.004528	25.600000	0.000800
0.004532	25.600000	0.000000
0.004536	25.200000	-0.000800
0.004540	25.600000	-0.000800
0.004544	25.200000	-0.002400
0.004548	25.600000	-0.002400
0.004552	25.600000	-0.002400
0.004556	25.600000	-0.004000
0.004560	25.600000	-0.004800
0.004564	25.200000	-0.004000
0.004568	25.200000	-0.006400
0.004572	25.200000	-0.005600
0.004576	25.600000	-0.006400
0.004580	25.600000	-0.007200
0.004584	25.600000	-0.008000
0.004588	25.600000	-0.009600
0.004592	25.600000	-0.009600
0.004596	25.600000	-0.010400
0.004600	25.600000	-0.011200
0.004604	25.600000	-0.012000
0.004608	25.600000	-0.012800
0.004612	25.600000	-0.014400
0.004616	25.200000	-0.016000
0.004620	25.600000	-0.016800
0.004624	25.200000	-0.017600
0.004628	25.600000	-0.018400
0.004632	25.600000	-0.020000
0.004636	25.200000	-0.020000
0.004640	25.200000	-0.020800
0.004644	25.200000	-0.021600
0.004648	25.200000	-0.021600
0.004652	25.200000	-0.023200
0.004656	25.600000	-0.024800
0.004660	25.600000	-0.025600
0.004664	25.600000	-0.025600
0.004668	25.600000	-0.025600
0.004672	25.600000	-0.028000
0.004676	25.600000	-0.029600
0.004680	25.600000	-0.029600
0.004684	25.200000	-0.029600
0.004688	25.600000	-0.031200
0.004692	25.600000	-0.032000
0.004696	25.200000	-0.032800
0.004700	25.200000	-0.033600
0.004704	25.600000	-0.033600
0.004708	25.200000	-0.034400
0.004712	25.200000	-0.034400
0.004716	25.200000	-0.036000
0.004720	25.200000	-0.036000
0.004724	25.200000	-0.036000
0.004728	25.600000	-0.036800
0.004732	25.200000	-0.036800
0.004736	25.200000	-0.037600
0.004740	25.600000	-0.036800
0.004744	25.600000	-0.038400
0.004748	25.600000	-0.038400
0.004752	25.200000	-0.039200
0.004756	25.200000	-0.039200
0.004760	25.200000	-0.040000
0.004764	25.200000	-0.040000
0.004768	25.600000	-0.040000
0.004772	25.200000	-0.040000
0.004776	25.200000	-0.040000
0.004780	25.200000	-0.040800
0.004784	25.600000	-0.040800
0.004788	25.200000	-0.040000
0.004792	25.200000	-0.041600
0.004796	25.200000	-0.040800
0.004800	25.200000	-0.040800
0.004804	25.200000	-0.041600
0.004808	25.200000	-0.040800
0.004812	25.200000	-0.040800
0.004816	25.200000	-0.040800
0.004820	25.200000	-0.040800
0.004824	25.200000	-0.040800
0.004828	25.200000	-0.040800
0.004832	25.200000	-0.040800
0.004836	25.200000	-0.040800
0.004840	25.200000	-0.041600
0.004844	25.200000	-0.040800
0.004848	25.200000	-0.040800
0.004852	25.600000	-0.041600
0.004856	25.200000	-0.041600
0.004860	25.600000	-0.040800
0.004864	25.200000	-0.040800
0.004868	25.200000	-0.040800
0.004872	25.200000	-0.040000
0.004876	25.200000	-0.040800
0.004880	25.200000	-0.040800
0.004884	25.200000	-0.040800
0.004888	25.200000	-0.040000
0.004892	25.200000	-0.040000
0.004896	25.200000	-0.040000
0.004900	25.200000	-0.040000
0.004904	25.200000	-0.040000
0.004908	25.200000	-0.039200
0.004912	25.200000	-0.040800
0.004916	25.200000	-0.040000
0.004920	25.200000	-0.040800
0.004924	25.600000	-0.040000
0.004928	25.200000	-0.040000
0.004932	25.200000	-0.040000
0.004936	25.200000	-0.040000
0.004940	25.200000	-0.040800
0.004944	25.200000	-0.040000
0.004948	25.200000	-0.039200
0.004952	25.200000	-0.039200
0.004956	25.200000	-0.039200
0.004960	25.200000	-0.039200
0.004964	25.200000	-0.039200
0.004968	25.200000	-0.038400
0.004972	25.200000	-0.040000
0.004976	25.200000	-0.038400
0.004980	25.200000	-0.039200
0.004984	25.200000	-0.040000
0.004988	25.200000	-0.039200
0.004992	25.200000	-0.039200
0.004996	24.800000	-0.039200
0.005000	25.200000	-0.039200
0.005004	25.200000	-0.039200
0.005008	25.200000	-0.038400
0.005012	25.200000	-0.039200
0.005016	25.200000	-0.039200
0.005020	25.200000	-0.038400
0.005024	25.200000	-0.039200
0.005028	25.200000	-0.039200
0.005032	25.200000	-0.039200
0.005036	25.200000	-0.038400
0.005040	25.200000	-0.038400
0.005044	25.200000	-0.039200
0.005048	25.200000	-0.039200
0.005052	25.200000	-0.039200
0.005056	25.200000	-0.038400
0.005060	25.200000	-0.038400
0.005064	25.200000	-0.038400
0.005068	25.200000	-0.038400
0.005072	25.200000	-0.038400
0.005076	25.200000	-0.038400
0.005080	25.200000	-0.038400
0.005084	24.800000	-0.038400
0.005088	25.200000	-0.039200
0.005092	25.200000	-0.038400
0.005096	25.200000	-0.037600
0.005100	25.200000	-0.038400
0.005104	24.800000	-0.038400
0.005108	24.800000	-0.037600
0.005112	25.200000	-0.038400
0.005116	24.800000	-0.038400
0.005120	25.200000	-0.037600
0.005124	25.200000	-0.037600
0.005128	24.800000	-0.037600
0.005132	25.200000	-0.038400
0.005136	24.800000	-0.038400
0.005140	25.200000	-0.037600
0.005144	25.200000	-0.037600
0.005148	24.800000	-0.036800
0.005152	25.200000	-0.036800
0.005156	25.200000	-0.037600
0.005160	25.200000	-0.037600
0.005164	25.200000	-0.036000
0.005168	24.800000	-0.037600
0.005172	25.200000	-0.036800
0.005176	24.800000	-0.037600
0.005180	25.200000	-0.036000
0.005184	25.200000	-0.036000
0.005188	24.800000	-0.036800
0.005192	25.200000	-0.036000
0.005196	24.800000	-0.036800
0.005200	24.800000	-0.036800
0.005204	25.200000	-0.036800
0.005208	25.200000	-0.036000
0.005212	25.200000	-0.036800
0.005216	25.200000	-0.035200
0.005220	24.800000	-0.036000
0.005224	24.800000	-0.036000
0.005228	25.200000	-0.036000
0.005232	24.800000	-0.035200
0.005236	24.800000	-0.036000
0.005240	25.200000	-0.036000
0.005244	24.800000	-0.036000
0.005248	24.800000	-0.036000
0.005252	24.800000	-0.036000
0.005256	25.200000	-0.036000
0.005260	24.800000	-0.035200
0.005264	25.200000	-0.035200
0.005268	24.800000	-0.035200
0.005272	25.200000	-0.035200
0.005276	24.800000	-0.036000
0.005280	24.800000	-0.035200
0.005284	25.200000	-0.035200
0.005288	25.200000	-0.034400
0.005292	24.800000	-0.035200
0.005296	25.200000	-0.035200
0.005300	24.800000	-0.035200
0.005304	25.200000	-0.034400
0.005308	25.200000	-0.035200
0.005312	24.800000	-0.035200
0.005316	25.200000	-0.034400
0.005320	24.800000	-0.035200
0.005324	24.800000	-0.035200
0.005328	25.200000	-0.034400
0.005332	24.800000	-0.035200
0.005336	24.800000	-0.034400
0.005340	25.200000	-0.034400
0.005344	24.800000	-0.034400
0.005348	24.800000	-0.034400
0.005352	24.800000	-0.034400
0.005356	24.800000	-0.033600
0.005360	25.200000	-0.034400
0.005364	24.800000	-0.033600
0.005368	24.800000	-0.034400
0.005372	24.800000	-0.033600
0.005376	24.800000	-0.033600
0.005380	25.200000	-0.033600
0.005384	25.200000	-0.033600
0.005388	25.200000	-0.032800
0.005392	24.800000	-0.033600
0.005396	24.800000	-0.033600
0.005400	24.800000	-0.032800
0.005404	24.800000	-0.034400
0.005408	25.200000	-0.032800
0.005412	24.800000	-0.032800
0.005416	24.800000	-0.032800
0.005420	24.800000	-0.034400
0.005424	24.800000	-0.033600
0.005428	24.800000	-0.033600
0.005432	25.200000	-0.032800
0.005436	24.800000	-0.032800
0.005440	25.200000	-0.033600
0.005444	24.800000	-0.032800
0.005448	24.800000	-0.032800
0.005452	24.800000	-0.032000
0.005456	24.800000	-0.032800
0.005460	25.200000	-0.032800
0.005464	24.800000	-0.032000
0.005468	24.800000	-0.032800
0.005472	24.800000	-0.032000
0.005476	24.800000	-0.032000
0.005480	24.800000	-0.032800
0.005484	24.800000	-0.032000
0.005488	24.800000	-0.032000
0.005492	24.800000	-0.031200
0.005496	24.800000	-0.032000
0.005500	24.800000	-0.031200
0.005504	24.800000	-0.032800
0.005508	24.800000	-0.032000
0.005512	24.800000	-0.032000
0.005516	24.800000	-0.031200
0.005520	24.800000	-0.032000
0.005524	24.800000	-0.032800
0.005528	24.800000	-0.030400
0.005532	24.800000	-0.031200
0.005536	24.800000	-0.032000
0.005540	24.800000	-0.032000
0.005544	25.200000	-0.032000
0.005548	24.800000	-0.031200
0.005552	24.800000	-0.032000
0.005556	24.800000	-0.030400
0.005560	24.800000	-0.032000
0.005564	24.800000	-0.031200
0.005568	24.800000	-0.030400
0.005572	24.800000	-0.031200
0.005576	24.800000	-0.030400
0.005580	24.800000	-0.030400
0.005584	24.800000	-0.031200
0.005588	24.800000	-0.031200
0.005592	24.800000	-0.032000
0.005596	24.800000	-0.030400
0.005600	24.800000	-0.030400
0.005604	24.800000	-0.031200
0.005608	24.800000	-0.031200
0.005612	24.800000	-0.030400
0.005616	24.800000	-0.029600
0.005620	24.800000	-0.030400
0.005624	24.800000	-0.030400
0.005628	24.800000	-0.030400
0.005632	24.800000	-0.030400
0.005636	24.800000	-0.030400
0.005640	24.800000	-0.030400
0.005644	24.800000	-0.029600
0.005648	24.800000	-0.029600
0.005652	24.800000	-0.029600
0.005656	24.800000	-0.030400
0.005660	24.800000	-0.029600
0.005664	24.800000	-0.029600
0.005668	24.800000	-0.029600
0.005672	24.800000	-0.029600
0.005676	24.800000	-0.029600
0.005680	24.800000	-0.028800
0.005684	24.800000	-0.029600
0.005688	24.800000	-0.029600
0.005692	24.800000	-0.029600
0.005696	24.800000	-0.028000
0.005700	25.200000	-0.029600
0.005704	24.800000	-0.029600
0.005708	24.800000	-0.029600
0.005712	24.800000	-0.028800
0.005716	24.800000	-0.028800
0.005720	24.800000	-0.028800
0.005724	24.400000	-0.028000
0.005728	24.800000	-0.028000
0.005732	24.800000	-0.028800
0.005736	24.800000	-0.028800
0.005740	24.800000	-0.028800
0.005744	24.800000	-0.028000
0.005748	24.800000	-0.027200
0.005752	24.800000	-0.028000
0.005756	24.800000	-0.028000
0.005760	24.800000	-0.028000
0.005764	24.800000	-0.028000
0.005768	24.800000	-0.028000
0.005772	24.800000	-0.028000
0.005776	24.800000	-0.027200
0.005780	24.800000	-0.028000
0.005784	24.800000	-0.027200
0.005788	24.800000	-0.027200
0.005792	24.800000	-0.028000
0.005796	24.800000	-0.027200
0.005800	24.800000	-0.027200
0.005804	24.800000	-0.028000
0.005808	24.800000	-0.027200
0.005812	24.800000	-0.028000
0.005816	24.800000	-0.028000
0.005820	24.800000	-0.028000
0.005824	24.800000	-0.028000
0.005828	24.800000	-0.027200
0.005832	24.800000	-0.028000
0.005836	24.800000	-0.027200
0.005840	24.800000	-0.028000
0.005844	24.800000	-0.027200
0.005848	24.800000	-0.027200
0.005852	24.800000	-0.027200
0.005856	24.800000	-0.027200
0.005860	24.800000	-0.027200
0.005864	24.800000	-0.027200
0.005868	24.800000	-0.028000
0.005872	24.800000	-0.027200
0.005876	24.800000	-0.027200
0.005880	24.800000	-0.025600
0.005884	24.800000	-0.027200
0.005888	24.800000	-0.027200
0.005892	24.800000	-0.026400
0.005896	24.800000	-0.027200
0.005900	24.800000	-0.026400
0.005904	24.800000	-0.026400
0.005908	24.800000	-0.026400
0.005912	24.800000	-0.025600
0.005916	24.800000	-0.025600
0.005920	24.800000	-0.025600
0.005924	24.400000	-0.024800
0.005928	24.800000	-0.025600
0.005932	24.800000	-0.025600
0.005936	24.400000	-0.025600
0.005940	24.800000	-0.026400
0.005944	24.800000	-0.025600
0.005948	24.800000	-0.025600
0.005952	24.800000	-0.025600
0.005956	24.800000	-0.025600
0.005960	24.800000	-0.024800
0.005964	24.800000	-0.025600
0.005968	24.800000	-0.024800
0.005972	24.800000	-0.024800
0.005976	24.800000	-0.025600
0.005980	24.400000	-0.025600
0.005984	24.800000	-0.024800
0.005988	24.800000	-0.024800
0.005992	24.800000	-0.025600
0.005996	24.800000	-0.025600
0.006000	24.400000	-0.025600
0.006004	24.800000	-0.024800
0.006008	24.800000	-0.024800
0.006012	24.800000	-0.024800
0.006016	24.800000	-0.025600
0.006020	24.400000	-0.024800
0.006024	24.800000	-0.024800
0.006028	24.800000	-0.024800
0.006032	24.400000	-0.024800
0.006036	24.800000	-0.024000
0.006040	24.800000	-0.024800
0.006044	24.800000	-0.024800
0.006048	24.400000	-0.024800
0.006052	24.400000	-0.024800
0.006056	24.800000	-0.024000
0.006060	24.800000	-0.024800
0.006064	24.800000	-0.024800
0.006068	24.400000	-0.024000
0.006072	24.400000	-0.024000
0.006076	24.800000	-0.024000
0.006080	24.800000	-0.024800
0.006084	24.400000	-0.024800
0.006088	24.800000	-0.024000
0.006092	24.800000	-0.024000
0.006096	24.400000	-0.023200
0.006100	24.800000	-0.024800
0.006104	24.400000	-0.023200
0.006108	24.800000	-0.024000
0.006112	24.800000	-0.024000
0.006116	24.800000	-0.024000
0.006120	24.800000	-0.022400
0.006124	24.800000	-0.023200
0.006128	24.400000	-0.024000
0.006132	24.800000	-0.023200
0.006136	24.400000	-0.023200
0.006140	24.400000	-0.024000
0.006144	24.800000	-0.023200
0.006148	24.800000	-0.023200
0.006152	24.400000	-0.024000
0.006156	24.400000	-0.023200
0.006160	24.400000	-0.023200
0.006164	24.400000	-0.023200
0.006168	24.800000	-0.023200
0.006172	24.800000	-0.022400
0.006176	24.400000	-0.023200
0.006180	24.400000	-0.022400
0.006184	24.400000	-0.023200
0.006188	24.800000	-0.023200
0.006192	24.800000	-0.021600
0.006196	24.400000	-0.023200
0.006200	24.800000	-0.022400
0.006204	24.400000	-0.022400
0.006208	24.800000	-0.023200
0.006212	24.400000	-0.022400
0.006216	24.800000	-0.022400
0.006220	24.400000	-0.021600
0.006224	24.800000	-0.022400
0.006228	24.800000	-0.022400
0.006232	24.800000	-0.022400
0.006236	24.800000	-0.022400
0.006240	24.400000	-0.021600
0.006244	24.800000	-0.021600
0.006248	24.400000	-0.021600
0.006252	24.400000	-0.021600
0.006256	24.400000	-0.021600
0.006260	24.400000	-0.021600
0.006264	24.400000	-0.021600
0.006268	24.800000	-0.021600
0.006272	24.400000	-0.022400
0.006276	24.800000	-0.022400
0.006280	24.400000	-0.021600
0.006284	24.400000	-0.021600
0.006288	24.400000	-0.021600
0.006292	24.800000	-0.022400
0.006296	24.400000	-0.021600
0.006300	24.400000	-0.022400
0.006304	24.400000	-0.021600
0.006308	24.400000	-0.021600
0.006312	24.400000	-0.022400
0.006316	24.400000	-0.021600
0.006320	24.800000	-0.021600
0.006324	24.400000	-0.022400
0.006328	24.400000	-0.021600
0.006332	24.400000	-0.021600
0.006336	24.400000	-0.020800
0.006340	24.400000	-0.021600
0.006344	24.400000	-0.021600
0.006348	24.400000	-0.022400
0.006352	24.400000	-0.021600
0.006356	24.400000	-0.021600
0.006360	24.800000	-0.020800
0.006364	24.400000	-0.021600
0.006368	24.800000	-0.021600
0.006372	24.400000	-0.021600
0.006376	24.800000	-0.020800
0.006380	24.400000	-0.021600
0.006384	24.400000	-0.020800
0.006388	24.400000	-0.020800
0.006392	24.400000	-0.020800
0.006396	24.400000	-0.020800
0.006400	24.400000	-0.020000
0.006404	24.400000	-0.020000
0.006408	24.800000	-0.020000
0.006412	24.400000	-0.020800
0.006416	24.400000	-0.020000
0.006420	24.800000	-0.020000
0.006424	24.400000	-0.020800
0.006428	24.800000	-0.019200
0.006432	24.800000	-0.020000
0.006436	24.400000	-0.020800
0.006440	24.400000	-0.020000
0.006444	24.800000	-0.020000
0.006448	24.400000	-0.020000
0.006452	24.400000	-0.020000
0.006456	24.400000	-0.020000
0.006460	24.400000	-0.020000
0.006464	24.400000	-0.020000
0.006468	24.400000	-0.020000
0.006472	24.400000	-0.020000
0.006476	24.400000	-0.020000
0.006480	24.800000	-0.020000
0.006484	24.400000	-0.020000
0.006488	24.400000	-0.020800
0.006492	24.400000	-0.020000
0.006496	24.800000	-0.020000
0.006500	24.400000	-0.020000
0.006504	24.400000	-0.020000
0.006508	24.400000	-0.020000
0.006512	24.400000	-0.020000
0.006516	24.800000	-0.020000
0.006520	24.400000	-0.019200
0.006524	24.400000	-0.019200
0.006528	24.400000	-0.019200
0.006532	24.400000	-0.020000
0.006536	24.400000	-0.019200
0.006540	24.400000	-0.020800
0.006544	24.400000	-0.020000
0.006548	24.400000	-0.019200
0.006552	24.400000	-0.020000
0.006556	24.400000	-0.019200
0.006560	24.400000	-0.018400
0.006564	24.400000	-0.018400
0.006568	24.400000	-0.018400
0.006572	24.400000	-0.018400
0.006576	24.800000	-0.018400
0.006580	24.400000	-0.018400
0.006584	24.400000	-0.018400
0.006588	24.400000	-0.018400
0.006592	24.400000	-0.019200
0.006596	24.400000	-0.018400
0.006600	24.400000	-0.018400
0.006604	24.800000	-0.018400
0.006608	24.800000	-0.019200
0.006612	24.400000	-0.018400
0.006616	24.400000	-0.018400
0.006620	24.400000	-0.018400
0.006624	24.400000	-0.018400
0.006628	24.400000	-0.017600
0.006632	24.400000	-0.018400
0.006636	24.400000	-0.019200
0.006640	24.400000	-0.018400
0.006644	24.400000	-0.018400
0.006648	24.400000	-0.017600
0.006652	24.400000	-0.019200
0.006656	24.400000	-0.019200
0.006660	24.400000	-0.018400
0.006664	24.400000	-0.018400
0.006668	24.400000	-0.018400
0.006672	24.400000	-0.017600
0.006676	24.400000	-0.018400
0.006680	24.400000	-0.018400
0.006684	24.400000	-0.018400
0.006688	24.400000	-0.018400
0.006692	24.400000	-0.018400
0.006696	24.400000	-0.019200
0.006700	24.400000	-0.018400
0.006704	24.400000	-0.018400
0.006708	24.400000	-0.018400
0.006712	24.400000	-0.018400
0.006716	24.800000	-0.017600
0.006720	24.400000	-0.017600
0.006724	24.400000	-0.016800
0.006728	24.400000	-0.017600
0.006732	24.400000	-0.017600
0.006736	24.400000	-0.017600
0.006740	24.400000	-0.017600
0.006744	24.400000	-0.016800
0.006748	24.400000	-0.017600
0.006752	24.400000	-0.016800
0.006756	24.400000	-0.017600
0.006760	24.800000	-0.016800
0.006764	24.400000	-0.016800
0.006768	24.400000	-0.016800
0.006772	24.400000	-0.016800
0.006776	24.400000	-0.016800
0.006780	24.400000	-0.017600
0.006784	24.400000	-0.016800
0.006788	24.400000	-0.016800
0.006792	24.400000	-0.016800
0.006796	24.400000	-0.016000
0.006800	24.400000	-0.016800
0.006804	24.400000	-0.016000
0.006808	24.400000	-0.016000
0.006812	24.400000	-0.016000
0.006816	24.400000	-0.016000
0.006820	24.400000	-0.016800
0.006824	24.000000	-0.016800
0.006828	24.400000	-0.016000
0.006832	24.400000	-0.016000
0.006836	24.400000	-0.016800
0.006840	24.400000	-0.016800
0.006844	24.400000	-0.016000
0.006848	24.400000	-0.016800
0.006852	24.400000	-0.016000
0.006856	24.400000	-0.016000
0.006860	24.400000	-0.016000
0.006864	24.800000	-0.016000
0.006868	24.400000	-0.016000
0.006872	24.400000	-0.016000
0.006876	24.400000	-0.016000
0.006880	24.400000	-0.016000
0.006884	24.400000	-0.015200
0.006888	24.400000	-0.016000
0.006892	24.400000	-0.016000
0.006896	24.400000	-0.016000
0.006900	24.400000	-0.016000
0.006904	24.400000	-0.016000
0.006908	24.400000	-0.016000
0.006912	24.400000	-0.015200
0.006916	24.400000	-0.016000
0.006920	24.400000	-0.016000
0.006924	24.400000	-0.014400
0.006928	24.400000	-0.015200
0.006932	24.400000	-0.015200
0.006936	24.400000	-0.015200
0.006940	24.400000	-0.015200
0.006944	24.400000	-0.015200
0.006948	24.400000	-0.016000
0.006952	24.400000	-0.014400
0.006956	24.400000	-0.015200
0.006960	24.400000	-0.015200
0.006964	24.400000	-0.015200
0.006968	24.400000	-0.015200
0.006972	24.400000	-0.015200
0.006976	24.000000	-0.014400
0.006980	24.400000	-0.015200
0.006984	24.400000	-0.014400
0.006988	24.400000	-0.016000
0.006992	24.400000	-0.016000
0.006996	24.400000	-0.015200
0.007000	24.000000	-0.015200
0.007004	24.400000	-0.015200
0.007008	24.400000	-0.014400
0.007012	24.400000	-0.015200
0.007016	24.400000	-0.014400
0.007020	24.400000	-0.015200
0.007024	24.400000	-0.015200
0.007028	24.400000	-0.014400
0.007032	24.400000	-0.013600
0.007036	24.400000	-0.013600
0.007040	24.400000	-0.014400
0.007044	24.400000	-0.014400
0.007048	24.400000	-0.014400
0.007052	24.400000	-0.015200
0.007056	24.000000	-0.014400
0.007060	24.400000	-0.014400
0.007064	24.000000	-0.014400
0.007068	24.400000	-0.014400
0.007072	24.000000	-0.014400
0.007076	24.400000	-0.013600
0.007080	24.400000	-0.015200
0.007084	24.400000	-0.013600
0.007088	24.400000	-0.014400
0.007092	24.400000	-0.013600
0.007096	24.400000	-0.013600
0.007100	24.400000	-0.013600
0.007104	24.400000	-0.013600
0.007108	24.400000	-0.014400
0.007112	24.400000	-0.013600
0.007116	24.000000	-0.014400
0.007120	24.400000	-0.013600
0.007124	24.000000	-0.013600
0.007128	24.400000	-0.014400
0.007132	24.400000	-0.013600
0.007136	24.400000	-0.013600
0.007140	24.400000	-0.013600
0.007144	24.400000	-0.013600
0.007148	24.400000	-0.013600
0.007152	24.400000	-0.013600
0.007156	24.400000	-0.013600
0.007160	24.400000	-0.014400
0.007164	24.400000	-0.013600
0.007168	24.400000	-0.014400
0.007172	24.000000	-0.013600
0.007176	24.000000	-0.013600
0.007180	24.400000	-0.012800
0.007184	24.400000	-0.013600
0.007188	24.000000	-0.012800
0.007192	24.400000	-0.012800
0.007196	24.400000	-0.013600
0.007200	24.400000	-0.012800
0.007204	24.000000	-0.013600
0.007208	24.400000	-0.013600
0.007212	24.400000	-0.012800
0.007216	24.400000	-0.012800
0.007220	24.400000	-0.013600
0.007224	24.400000	-0.013600
0.007228	24.400000	-0.013600
0.007232	24.000000	-0.012800
0.007236	24.000000	-0.012800
0.007240	24.000000	-0.013600
0.007244	24.000000	-0.012800
0.007248	24.400000	-0.012800
0.007252	24.000000	-0.012800
0.007256	24.400000	-0.012800
0.007260	24.000000	-0.012800
0.007264	24.000000	-0.012800
0.007268	24.400000	-0.012000
0.007272	24.000000	-0.012800
0.007276	24.000000	-0.012000
0.007280	24.000000	-0.012000
0.007284	24.000000	-0.012000
0.007288	24.400000	-0.012000
0.007292	24.000000	-0.012000
0.007296	24.000000	-0.012000
0.007300	24.000000	-0.012000
0.007304	24.400000	-0.012000
0.007308	24.400000	-0.012000
0.007312	24.000000	-0.012000
0.007316	24.400000	-0.012000
0.007320	24.000000	-0.012000
0.007324	24.000000	-0.012000
0.007328	24.400000	-0.012800
0.007332	24.000000	-0.012800
0.007336	24.000000	-0.012000
0.007340	24.400000	-0.012800
0.007344	24.400000	-0.012800
0.007348	24.400000	-0.012800
0.007352	24.000000	-0.013600
0.007356	24.000000	-0.012800
0.007360	24.400000	-0.012000
0.007364	24.400000	-0.012000
0.007368	24.400000	-0.012800
0.007372	24.400000	-0.012800
0.007376	24.000000	-0.012800
0.007380	24.400000	-0.012000
0.007384	24.000000	-0.012000
0.007388	24.000000	-0.012000
0.007392	24.400000	-0.011200
0.007396	24.400000	-0.011200
0.007400	24.400000	-0.012000
0.007404	24.000000	-0.011200
0.007408	24.000000	-0.012000
0.007412	24.000000	-0.011200
0.007416	24.000000	-0.012000
0.007420	24.000000	-0.012000
0.007424	24.400000	-0.012000
0.007428	24.400000	-0.011200
0.007432	24.400000	-0.012000
0.007436	24.400000	-0.011200
0.007440	24.000000	-0.012000
0.007444	24.400000	-0.011200
0.007448	24.400000	-0.011200
0.007452	24.400000	-0.010400
0.007456	24.000000	-0.012000
0.007460	24.000000	-0.011200
0.007464	24.400000	-0.011200
0.007468	24.400000	-0.011200
0.007472	24.000000	-0.011200
0.007476	24.400000	-0.011200
0.007480	24.000000	-0.011200
0.007484	24.400000	-0.010400
0.007488	24.000000	-0.011200
0.007492	24.000000	-0.011200
0.007496	24.000000	-0.010400
0.007500	24.400000	-0.011200
0.007504	24.000000	-0.011200
0.007508	24.000000	-0.010400
0.007512	24.400000	-0.010400
0.007516	24.000000	-0.010400
0.007520	24.400000	-0.011200
0.007524	24.000000	-0.010400
0.007528	24.400000	-0.010400
0.007532	24.400000	-0.011200
0.007536	24.400000	-0.009600
0.007540	24.000000	-0.010400
0.007544	24.400000	-0.010400
0.007548	24.000000	-0.011200
0.007552	24.000000	-0.011200
0.007556	24.000000	-0.011200
0.007560	24.400000	-0.011200
0.007564	24.000000	-0.011200
0.007568	24.000000	-0.010400
0.007572	24.000000	-0.011200
0.007576	24.400000	-0.011200
0.007580	24.000000	-0.010400
0.007584	24.000000	-0.011200
0.007588	24.000000	-0.010400
0.007592	24.400000	-0.009600
0.007596	24.000000	-0.010400
0.007600	24.400000	-0.010400
0.007604	24.400000	-0.010400
0.007608	24.000000	-0.009600
0.007612	24.000000	-0.010400
0.007616	24.000000	-0.009600
0.007620	24.400000	-0.009600
0.007624	24.000000	-0.010400
0.007628	24.000000	-0.009600
0.007632	24.000000	-0.010400
0.007636	24.000000	-0.010400
0.007640	24.000000	-0.010400
0.007644	24.000000	-0.010400
0.007648	24.000000	-0.010400
0.007652	24.000000	-0.010400
0.007656	24.000000	-0.010400
0.007660	24.000000	-0.010400
0.007664	24.400000	-0.010400
0.007668	24.000000	-0.011200
0.007672	24.000000	-0.010400
0.007676	24.000000	-0.010400
0.007680	24.000000	-0.009600
0.007684	24.000000	-0.010400
0.007688	24.000000	-0.010400
0.007692	24.000000	-0.009600
0.007696	24.000000	-0.010400
0.007700	24.000000	-0.008800
0.007704	24.400000	-0.009600
0.007708	24.400000	-0.009600
0.007712	24.000000	-0.008800
0.007716	24.000000	-0.008800
0.007720	24.000000	-0.008800
0.007724	24.000000	-0.009600
0.007728	24.000000	-0.009600
0.007732	24.000000	-0.008800
0.007736	24.000000	-0.009600
0.007740	24.000000	-0.009600
0.007744	24.000000	-0.009600
0.007748	24.400000	-0.009600
0.007752	24.000000	-0.008800
0.007756	24.000000	-0.009600
0.007760	24.000000	-0.008800
0.007764	24.000000	-0.008800
0.007768	24.000000	-0.009600
0.007772	24.000000	-0.008800
0.007776	24.000000	-0.008800
0.007780	24.000000	-0.008800
0.007784	24.000000	-0.008800
0.007788	24.000000	-0.008800
0.007792	24.000000	-0.008800
0.007796	24.000000	-0.008800
0.007800	24.000000	-0.008000
0.007804	24.000000	-0.008800
0.007808	24.000000	-0.008800
0.007812	24.000000	-0.008800
0.007816	24.000000	-0.008800
0.007820	24.000000	-0.008800
0.007824	24.000000	-0.008800
0.007828	24.000000	-0.009600
0.007832	24.000000	-0.009600
0.007836	24.000000	-0.008800
0.007840	24.000000	-0.008800
0.007844	24.000000	-0.009600
0.007848	24.000000	-0.008800
0.007852	24.000000	-0.008000
0.007856	24.400000	-0.008800
0.007860	24.000000	-0.008800
0.007864	24.000000	-0.008000
0.007868	24.000000	-0.008800
0.007872	24.000000	-0.008800
0.007876	24.000000	-0.008800
0.007880	24.400000	-0.009600
0.007884	24.000000	-0.008800
0.007888	24.000000	-0.008800
0.007892	24.000000	-0.008800
0.007896	24.000000	-0.008800
0.007900	24.000000	-0.009600
0.007904	24.400000	-0.008800
0.007908	24.000000	-0.008800
0.007912	24.400000	-0.009600
0.007916	24.000000	-0.008800
0.007920	24.400000	-0.008800
0.007924	24.000000	-0.008800
0.007928	24.000000	-0.008000
0.007932	24.000000	-0.008800
0.007936	24.000000	-0.008800
0.007940	24.000000	-0.008000
0.007944	24.000000	-0.008800
0.007948	24.400000	-0.008000
0.007952	24.000000	-0.008800
0.007956	24.000000	-0.007200
0.007960	24.000000	-0.008800
0.007964	24.000000	-0.008800
0.007968	24.000000	-0.008000
0.007972	24.000000	-0.008000
0.007976	24.000000	-0.007200
0.007980	24.000000	-0.007200
0.007984	24.000000	-0.007200
0.007988	24.000000	-0.007200
0.007992	24.000000	-0.007200
0.007996	24.000000	-0.007200
0.008000	24.000000	-0.008000
0.008004	24.000000	-0.007200
0.008008	24.000000	-0.007200
0.008012	24.000000	-0.007200
0.008016	24.000000	-0.006400
0.008020	24.000000	-0.007200
0.008024	24.000000	-0.007200
0.008028	24.000000	-0.007200
0.008032	24.400000	-0.007200
0.008036	24.000000	-0.007200
0.008040	24.000000	-0.007200
0.008044	24.000000	-0.007200
0.008048	24.000000	-0.007200
0.008052	24.000000	-0.007200
0.008056	24.000000	-0.007200
0.008060	24.000000	-0.007200
0.008064	24.000000	-0.008000
0.008068	24.000000	-0.007200
0.008072	24.000000	-0.007200
0.008076	24.000000	-0.008000
0.008080	24.000000	-0.007200
0.008084	24.000000	-0.007200
0.008088	24.000000	-0.008000
0.008092	24.000000	-0.007200
0.008096	24.000000	-0.007200
0.008100	24.000000	-0.007200
0.008104	24.000000	-0.007200
0.008108	24.000000	-0.007200
0.008112	24.000000	-0.007200
0.008116	24.000000	-0.007200
0.008120	24.000000	-0.007200
0.008124	24.000000	-0.007200
0.008128	24.400000	-0.007200
0.008132	24.000000	-0.007200
0.008136	24.000000	-0.007200
0.008140	24.000000	-0.007200
0.008144	24.000000	-0.007200
0.008148	24.000000	-0.007200
0.008152	24.000000	-0.007200
0.008156	24.000000	-0.007200
0.008160	24.000000	-0.007200
0.008164	24.000000	-0.007200
0.008168	24.000000	-0.007200
0.008172	24.000000	-0.007200
0.008176	24.000000	-0.007200
0.008180	24.000000	-0.008000
0.008184	24.000000	-0.006400
0.008188	24.000000	-0.006400
0.008192	24.000000	-0.007200
0.008196	24.000000	-0.007200
0.008200	24.000000	-0.007200
0.008204	24.000000	-0.007200
0.008208	24.000000	-0.006400
0.008212	24.400000	-0.007200
0.008216	24.000000	-0.007200
0.008220	24.000000	-0.006400
0.008224	24.000000	-0.007200
0.008228	24.000000	-0.006400
0.008232	24.000000	-0.006400
0.008236	24.000000	-0.006400
0.008240	24.000000	-0.006400
0.008244	24.000000	-0.006400
0.008248	24.000000	-0.006400
0.008252	24.000000	-0.006400
0.008256	24.000000	-0.006400
0.008260	24.000000	-0.006400
0.008264	24.000000	-0.006400
0.008268	24.000000	-0.006400
0.008272	24.000000	-0.006400
0.008276	24.000000	-0.006400
0.008280	24.400000	-0.006400
0.008284	24.000000	-0.006400
0.008288	24.000000	-0.006400
0.008292	24.000000	-0.006400
0.008296	24.000000	-0.006400
0.008300	24.000000	-0.007200
0.008304	24.400000	-0.006400
0.008308	24.000000	-0.006400
0.008312	24.000000	-0.006400
0.008316	24.000000	-0.006400
0.008320	24.000000	-0.007200
0.008324	24.000000	-0.007200
0.008328	24.000000	-0.006400
0.008332	24.000000	-0.006400
0.008336	24.000000	-0.005600
0.008340	24.000000	-0.006400
0.008344	24.000000	-0.006400
0.008348	24.000000	-0.007200
0.008352	24.000000	-0.006400
0.008356	24.000000	-0.006400
0.008360	24.000000	-0.006400
0.008364	24.000000	-0.005600
0.008368	24.000000	-0.006400
0.008372	24.000000	-0.006400
0.008376	24.000000	-0.006400
0.008380	24.000000	-0.006400
0.008384	24.000000	-0.006400
0.008388	24.000000	-0.005600
0.008392	24.000000	-0.006400
0.008396	24.000000	-0.005600
0.008400	24.000000	-0.005600
0.008404	24.000000	-0.005600
0.008408	24.000000	-0.005600
0.008412	24.000000	-0.006400
0.008416	24.000000	-0.006400
0.008420	24.000000	-0.006400
0.008424	24.000000	-0.006400
0.008428	24.000000	-0.005600
0.008432	24.000000	-0.005600
0.008436	24.000000	-0.005600
0.008440	24.000000	-0.005600
0.008444	24.000000	-0.005600
0.008448	24.000000	-0.004800
0.008452	24.000000	-0.004800
0.008456	24.000000	-0.005600
0.008460	24.000000	-0.006400
0.008464	24.000000	-0.005600
0.008468	24.000000	-0.005600
0.008472	24.000000	-0.004800
0.008476	24.000000	-0.005600
0.008480	24.000000	-0.004800
0.008484	24.000000	-0.004800
0.008488	24.000000	-0.004800
0.008492	24.000000	-0.004800
0.008496	24.000000	-0.004800
0.008500	24.000000	-0.004800
0.008504	24.000000	-0.004800
0.008508	24.000000	-0.004800
0.008512	24.000000	-0.005600
0.008516	24.000000	-0.004800
0.008520	24.000000	-0.005600
0.008524	24.000000	-0.004800
0.008528	24.000000	-0.004800
0.008532	24.000000	-0.005600
0.008536	24.000000	-0.004800
0.008540	24.000000	-0.004800
0.008544	24.000000	-0.004800
0.008548	24.000000	-0.004800
0.008552	24.000000	-0.004800
0.008556	24.000000	-0.004800
0.008560	24.000000	-0.004800
0.008564	24.000000	-0.004800
0.008568	24.000000	-0.004800
0.008572	24.000000	-0.004800
0.008576	24.000000	-0.004800
0.008580	24.000000	-0.004800
0.008584	24.000000	-0.004800
0.008588	24.000000	-0.004000
0.008592	24.000000	-0.004000
0.008596	24.000000	-0.005600
0.008600	24.000000	-0.004800
0.008604	24.000000	-0.005600
0.008608	24.000000	-0.004000
0.008612	24.000000	-0.004800
0.008616	24.000000	-0.004800
0.008620	24.000000	-0.005600
0.008624	24.000000	-0.005600
0.008628	24.000000	-0.005600
0.008632	24.000000	-0.004800
0.008636	24.000000	-0.004800
0.008640	24.000000	-0.005600
0.008644	24.000000	-0.004000
0.008648	24.000000	-0.004800
0.008652	24.000000	-0.004800
0.008656	24.000000	-0.005600
0.008660	24.000000	-0.004800
0.008664	24.000000	-0.004800
0.008668	24.000000	-0.004000
0.008672	24.000000	-0.004800
0.008676	24.000000	-0.004000
0.008680	24.000000	-0.004800
0.008684	24.000000	-0.004800
0.008688	24.000000	-0.004000
0.008692	24.000000	-0.004000
0.008696	24.000000	-0.004800
0.008700	24.000000	-0.004800
0.008704	24.000000	-0.004000
0.008708	24.000000	-0.004000
0.008712	24.000000	-0.004000
0.008716	24.000000	-0.004800
0.008720	24.000000	-0.004000
0.008724	24.000000	-0.004000
0.008728	24.000000	-0.004000
0.008732	24.000000	-0.004000
0.008736	24.000000	-0.004000
0.008740	24.000000	-0.004800
0.008744	24.000000	-0.004000
0.008748	24.000000	-0.004000
0.008752	24.000000	-0.004000
0.008756	24.000000	-0.003200
0.008760	24.000000	-0.004000
0.008764	24.000000	-0.004000
0.008768	24.000000	-0.003200
0.008772	24.000000	-0.004800
0.008776	24.000000	-0.004800
0.008780	24.000000	-0.004000
0.008784	24.000000	-0.004800
0.008788	24.000000	-0.004000
0.008792	24.000000	-0.004000
0.008796	24.000000	-0.004000
0.008800	24.000000	-0.004000
0.008804	24.000000	-0.003200
0.008808	24.000000	-0.003200
0.008812	24.000000	-0.003200
0.008816	24.000000	-0.004800
0.008820	24.000000	-0.003200
0.008824	24.000000	-0.004000
0.008828	24.000000	-0.004000
0.008832	24.000000	-0.004000
0.008836	24.000000	-0.003200
0.008840	24.000000	-0.004000
0.008844	24.000000	-0.004000
0.008848	24.000000	-0.004000
0.008852	24.000000	-0.004000
0.008856	24.000000	-0.003200
0.008860	24.000000	-0.003200
0.008864	24.000000	-0.003200
0.008868	24.000000	-0.003200
0.008872	24.000000	-0.003200
0.008876	24.000000	-0.004000
0.008880	24.000000	-0.003200
0.008884	24.000000	-0.002400
0.008888	24.000000	-0.003200
0.008892	24.000000	-0.003200
0.008896	24.000000	-0.004000
0.008900	24.000000	-0.004000
0.008904	24.000000	-0.004000
0.008908	24.000000	-0.004000
0.008912	24.000000	-0.003200
0.008916	24.000000	-0.004000
0.008920	24.000000	-0.003200
0.008924	24.000000	-0.003200
0.008928	24.000000	-0.003200
0.008932	24.000000	-0.003200
0.008936	24.000000	-0.004000
0.008940	24.000000	-0.003200
0.008944	24.000000	-0.003200
0.008948	24.000000	-0.003200
0.008952	24.000000	-0.003200
0.008956	24.000000	-0.003200
0.008960	24.000000	-0.002400
0.008964	24.000000	-0.003200
0.008968	24.000000	-0.003200
0.008972	24.000000	-0.004000
0.008976	24.000000	-0.003200
0.008980	24.000000	-0.003200
0.008984	24.000000	-0.003200
0.008988	24.000000	-0.003200
0.008992	24.000000	-0.003200
0.008996	24.000000	-0.003200
0.009000	24.000000	-0.004000
0.009004	24.000000	-0.003200
0.009008	24.000000	-0.002400
0.009012	24.000000	-0.003200
0.009016	24.000000	-0.002400
0.009020	24.000000	-0.003200
0.009024	24.000000	-0.003200
0.009028	24.000000	-0.002400
0.009032	24.000000	-0.003200
0.009036	24.000000	-0.002400
0.009040	24.000000	-0.003200
0.009044	24.000000	-0.002400
0.009048	24.000000	-0.002400
0.009052	24.000000	-0.002400
0.009056	24.000000	-0.003200
0.009060	24.000000	-0.002400
0.009064	24.000000	-0.003200
0.009068	24.000000	-0.003200
0.009072	24.000000	-0.003200
0.009076	24.000000	-0.003200
0.009080	24.000000	-0.002400
0.009084	24.000000	-0.002400
0.009088	24.000000	-0.002400
0.009092	24.000000	-0.002400
0.009096	24.000000	-0.003200
0.009100	24.000000	-0.002400
0.009104	24.000000	-0.003200
0.009108	24.000000	-0.003200
0.009112	24.000000	-0.002400
0.009116	24.000000	-0.002400
0.009120	23.600000	-0.002400
0.009124	24.000000	-0.002400
0.009128	24.000000	-0.003200
0.009132	24.000000	-0.004000
0.009136	24.000000	-0.002400
0.009140	24.000000	-0.003200
0.009144	24.000000	-0.002400
0.009148	24.000000	-0.003200
0.009152	24.000000	-0.003200
0.009156	24.000000	-0.003200
0.009160	24.000000	-0.002400
0.009164	24.000000	-0.002400
0.009168	24.000000	-0.003200
0.009172	24.000000	-0.003200
0.009176	24.000000	-0.003200
0.009180	24.000000	-0.002400
0.009184	24.000000	-0.003200
0.009188	24.000000	-0.002400
0.009192	24.000000	-0.002400
0.009196	24.000000	-0.002400
0.009200	24.000000	-0.001600
0.009204	24.000000	-0.001600
0.009208	24.000000	-0.002400
0.009212	24.000000	-0.002400
0.009216	24.000000	-0.003200
0.009220	24.000000	-0.002400
0.009224	24.000000	-0.002400
0.009228	24.000000	-0.001600
0.009232	24.000000	-0.002400
0.009236	24.000000	-0.001600
0.009240	24.000000	-0.002400
0.009244	24.000000	-0.001600
0.009248	24.000000	-0.002400
0.009252	24.000000	-0.002400
0.009256	24.000000	-0.002400
0.009260	24.000000	-0.001600
0.009264	24.000000	-0.002400
0.009268	24.000000	-0.002400
0.009272	24.000000	-0.001600
0.009276	24.000000	-0.001600
0.009280	24.000000	-0.001600
0.009284	24.000000	-0.001600
0.009288	24.000000	-0.001600
0.009292	23.600000	-0.003200
0.009296	24.000000	-0.003200
0.009300	24.000000	-0.002400
0.009304	24.000000	-0.002400
0.009308	24.000000	-0.002400
0.009312	24.000000	-0.001600
0.009316	24.000000	-0.001600
0.009320	24.000000	-0.001600
0.009324	24.000000	-0.001600
0.009328	24.000000	-0.001600
0.009332	24.000000	-0.001600
0.009336	24.000000	-0.001600
0.009340	24.000000	-0.001600
0.009344	24.000000	-0.002400
0.009348	24.000000	-0.000800
0.009352	24.000000	-0.001600
0.009356	24.000000	-0.002400
0.009360	24.000000	-0.002400
0.009364	24.000000	-0.001600
0.009368	24.000000	-0.002400
0.009372	24.000000	-0.001600
0.009376	24.000000	-0.001600
0.009380	24.000000	-0.001600
0.009384	24.000000	-0.001600
0.009388	24.000000	-0.000800
0.009392	24.000000	-0.001600
0.009396	24.000000	-0.000800
0.009400	24.000000	-0.001600
0.009404	24.000000	-0.001600
0.009408	24.000000	-0.001600
0.009412	24.000000	-0.001600
0.009416	24.000000	-0.001600
0.009420	24.000000	-0.001600
0.009424	24.000000	-0.001600
0.009428	24.000000	-0.000800
0.009432	24.000000	-0.000800
0.009436	24.000000	-0.000800
0.009440	24.000000	-0.001600
0.009444	24.000000	-0.001600
0.009448	24.000000	0.000000
0.009452	24.000000	-0.001600
0.009456	24.000000	-0.001600
0.009460	24.000000	-0.001600
0.009464	24.000000	-0.002400
0.009468	24.000000	-0.001600
0.009472	24.000000	-0.001600
0.009476	24.000000	-0.000800
0.009480	24.000000	-0.002400
0.009484	24.000000	-0.000800
0.009488	24.000000	-0.000800
0.009492	24.000000	-0.001600
0.009496	24.000000	-0.001600
0.009500	24.000000	-0.000800
0.009504	24.000000	-0.001600
0.009508	24.000000	-0.001600
0.009512	24.000000	-0.001600
0.009516	24.000000	-0.001600
0.009520	24.000000	-0.002400
0.009524	24.000000	-0.000800
0.009528	24.000000	-0.001600
0.009532	24.000000	-0.000800
0.009536	24.000000	-0.000800
0.009540	24.000000	0.000000
0.009544	24.000000	-0.000800
0.009548	24.000000	0.000000
0.009552	24.000000	-0.000800
0.009556	24.000000	-0.000800
0.009560	24.000000	-0.001600
0.009564	24.000000	-0.000800
0.009568	24.000000	-0.000800
0.009572	24.000000	-0.000800
0.009576	23.600000	0.000000
0.009580	24.000000	-0.000800
0.009584	24.000000	-0.000800
0.009588	24.000000	-0.000800
0.009592	24.000000	-0.000800
0.009596	24.000000	-0.000800
0.009600	24.000000	-0.000800
0.009604	24.000000	-0.000800
0.009608	24.000000	0.000000
0.009612	24.000000	-0.000800
0.009616	24.000000	-0.000800
0.009620	24.000000	0.000000
0.009624	24.000000	0.000000
0.009628	24.000000	0.000000
0.009632	24.000000	0.000000
0.009636	24.000000	0.000000
0.009640	24.000000	0.000000
0.009644	24.000000	0.000000
0.009648	24.000000	-0.000800
0.009652	24.000000	-0.000800
0.009656	24.000000	-0.001600
0.009660	24.000000	-0.000800
0.009664	24.000000	-0.000800
0.009668	24.000000	0.000000
0.009672	24.000000	0.000000
0.009676	23.600000	-0.000800
0.009680	24.000000	-0.000800
0.009684	24.000000	-0.001600
0.009688	24.000000	-0.000800
0.009692	24.000000	-0.000800
0.009696	24.000000	0.000000
0.009700	24.000000	-0.000800
0.009704	24.000000	0.000000
0.009708	24.000000	0.000000
0.009712	24.000000	-0.000800
0.009716	24.000000	-0.000800
0.009720	24.000000	0.000000
0.009724	24.000000	0.000000
0.009728	24.000000	0.000000
0.009732	24.000000	0.000000
0.009736	24.000000	0.000000
0.009740	24.000000	-0.000800
0.009744	24.000000	0.000800
0.009748	24.000000	0.000000
0.009752	24.000000	0.000000
0.009756	24.000000	0.000000
0.009760	24.000000	0.000800
0.009764	24.000000	0.000000
0.009768	24.000000	0.000000
0.009772	24.000000	0.000000
0.009776	24.000000	0.000000
0.009780	24.000000	0.000800
0.009784	24.000000	-0.000800
0.009788	24.000000	0.000000
0.009792	24.000000	0.000000
0.009796	24.000000	0.001600
0.009800	24.000000	0.000800
0.009804	24.000000	0.000000
0.009808	24.000000	0.000000
0.009812	24.000000	0.000800
0.009816	24.000000	0.000800
0.009820	24.000000	0.000000
0.009824	24.000000	0.000000
0.009828	24.000000	0.000000
0.009832	24.000000	0.000000
0.009836	24.000000	0.000800
0.009840	24.000000	0.000000
0.009844	24.000000	-0.000800
0.009848	24.000000	0.000000
0.009852	24.000000	0.000000
0.009856	24.000000	0.000000
0.009860	24.000000	0.000000
0.009864	24.000000	0.000800
0.009868	24.000000	0.000800
0.009872	24.000000	0.000000
0.009876	24.000000	0.000000
0.009880	24.000000	0.000000
0.009884	24.000000	0.000800
0.009888	24.000000	0.000000
0.009892	24.000000	0.000000
0.009896	24.000000	0.000800
0.009900	23.600000	0.000000
0.009904	24.000000	0.000800
0.009908	24.000000	0.000000
0.009912	24.000000	0.000800
0.009916	24.000000	0.000000
0.009920	24.000000	0.000000
0.009924	24.000000	0.000000
0.009928	23.600000	0.000800
0.009932	24.000000	0.000000
0.009936	24.000000	0.000000
0.009940	24.000000	0.000000
0.009944	23.600000	0.000000
0.009948	24.000000	0.000000
0.009952	23.600000	0.000000
0.009956	23.600000	0.000000
0.009960	24.000000	0.000000
0.009964	24.000000	0.000000
0.009968	24.000000	0.000000
0.009972	24.000000	0.000800
0.009976	23.600000	0.000000
0.009980	24.000000	0.000000
0.009984	23.600000	0.000000
0.009988	24.000000	0.000000
0.009992	24.000000	0.000800
0.009996	24.000000	0.000800
