0.000000	9.840000	0.011600
2.000000E-6	9.840000	0.010800
4.000000E-6	9.840000	0.011200
6.000000E-6	9.840000	0.010800
8.000000E-6	9.840000	0.011600
1.000000E-5	9.840000	0.011200
1.200000E-5	9.840000	0.011200
1.400000E-5	9.840000	0.010800
1.600000E-5	9.840000	0.010400
1.800000E-5	9.840000	0.010400
2.000000E-5	9.840000	0.010800
2.200000E-5	9.840000	0.010800
2.400000E-5	9.840000	0.010800
2.600000E-5	9.840000	0.010800
2.800000E-5	9.840000	0.010800
3.000000E-5	9.840000	0.010400
3.200000E-5	9.840000	0.010400
3.400000E-5	9.840000	0.010000
3.600000E-5	9.840000	0.009600
3.800000E-5	9.840000	0.010400
4.000000E-5	9.840000	0.009600
4.200000E-5	9.840000	0.010400
4.400000E-5	9.840000	0.010400
4.600000E-5	9.840000	0.010000
4.800000E-5	9.840000	0.010000
5.000000E-5	9.840000	0.010400
5.200000E-5	9.840000	0.010800
5.400000E-5	9.840000	0.010400
5.600000E-5	9.840000	0.010000
5.800000E-5	9.840000	0.010800
6.000000E-5	9.840000	0.009600
6.200000E-5	9.840000	0.010800
6.400000E-5	9.840000	0.010400
6.600000E-5	9.840000	0.010000
6.800000E-5	9.840000	0.010000
7.000000E-5	9.840000	0.010400
7.200000E-5	9.840000	0.010800
7.400000E-5	9.840000	0.009600
7.600000E-5	9.840000	0.009600
7.800000E-5	9.840000	0.010000
8.000000E-5	9.840000	0.010800
8.200000E-5	9.840000	0.010400
8.400000E-5	9.840000	0.009600
8.600000E-5	9.840000	0.010800
8.800000E-5	9.840000	0.010400
9.000000E-5	9.840000	0.010400
9.200000E-5	9.840000	0.010000
9.400000E-5	9.840000	0.009600
9.600000E-5	9.840000	0.010000
9.800000E-5	9.840000	0.010000
0.000100	9.840000	0.009200
0.000102	9.840000	0.009600
0.000104	9.840000	0.010000
0.000106	9.840000	0.010400
0.000108	9.840000	0.010000
0.000110	9.840000	0.009600
0.000112	9.840000	0.009600
0.000114	9.840000	0.009600
0.000116	9.840000	0.010000
0.000118	9.840000	0.010000
0.000120	9.840000	0.010000
0.000122	9.840000	0.009600
0.000124	9.840000	0.010000
0.000126	9.840000	0.010400
0.000128	9.840000	0.009600
0.000130	9.840000	0.010800
0.000132	9.840000	0.010800
0.000134	9.840000	0.010000
0.000136	9.840000	0.010000
0.000138	9.840000	0.010400
0.000140	9.840000	0.010800
0.000142	9.840000	0.010000
0.000144	9.840000	0.010000
0.000146	9.840000	0.010400
0.000148	9.840000	0.010400
0.000150	9.840000	0.010400
0.000152	9.840000	0.010000
0.000154	9.840000	0.010000
0.000156	9.840000	0.010400
0.000158	9.840000	0.010400
0.000160	9.840000	0.009600
0.000162	9.840000	0.010000
0.000164	9.840000	0.009600
0.000166	9.840000	0.009600
0.000168	9.840000	0.010000
0.000170	9.840000	0.010000
0.000172	9.840000	0.010000
0.000174	9.840000	0.010000
0.000176	9.840000	0.010400
0.000178	9.840000	0.010400
0.000180	9.840000	0.009600
0.000182	9.840000	0.010000
0.000184	9.840000	0.010000
0.000186	9.840000	0.010400
0.000188	9.840000	0.009600
0.000190	9.840000	0.010400
0.000192	9.840000	0.009600
0.000194	9.840000	0.010400
0.000196	9.840000	0.010000
0.000198	9.840000	0.009600
0.000200	9.840000	0.010400
0.000202	9.840000	0.010400
0.000204	9.840000	0.010400
0.000206	9.840000	0.010000
0.000208	9.840000	0.010400
0.000210	9.840000	0.010800
0.000212	9.840000	0.010400
0.000214	9.840000	0.010000
0.000216	9.840000	0.009600
0.000218	9.840000	0.010400
0.000220	9.840000	0.010400
0.000222	9.840000	0.010400
0.000224	9.840000	0.010000
0.000226	9.840000	0.010400
0.000228	9.840000	0.010400
0.000230	9.840000	0.010400
0.000232	9.840000	0.010400
0.000234	9.840000	0.010000
0.000236	9.840000	0.010400
0.000238	9.840000	0.010800
0.000240	9.840000	0.010800
0.000242	9.840000	0.010400
0.000244	9.840000	0.010000
0.000246	9.840000	0.010800
0.000248	9.840000	0.010000
0.000250	9.840000	0.010400
0.000252	9.840000	0.010800
0.000254	9.840000	0.010800
0.000256	9.840000	0.010800
0.000258	9.840000	0.010400
0.000260	9.840000	0.010800
0.000262	9.840000	0.010400
0.000264	9.840000	0.010400
0.000266	9.840000	0.010800
0.000268	9.840000	0.010800
0.000270	9.840000	0.010400
0.000272	9.840000	0.010000
0.000274	9.840000	0.010800
0.000276	9.840000	0.010400
0.000278	9.840000	0.011200
0.000280	9.840000	0.010400
0.000282	9.840000	0.010400
0.000284	9.840000	0.010800
0.000286	9.840000	0.010400
0.000288	9.840000	0.010800
0.000290	9.840000	0.010000
0.000292	9.840000	0.010400
0.000294	9.840000	0.010800
0.000296	9.840000	0.010400
0.000298	9.840000	0.010400
0.000300	9.840000	0.010800
0.000302	9.840000	0.010400
0.000304	9.840000	0.010400
0.000306	9.840000	0.010400
0.000308	9.840000	0.010400
0.000310	9.840000	0.010000
0.000312	9.840000	0.009600
0.000314	9.840000	0.010400
0.000316	9.840000	0.010400
0.000318	9.840000	0.010400
0.000320	9.840000	0.010400
0.000322	9.840000	0.010800
0.000324	9.840000	0.010000
0.000326	9.840000	0.010000
0.000328	9.840000	0.010400
0.000330	9.840000	0.010800
0.000332	9.840000	0.009600
0.000334	9.840000	0.010400
0.000336	9.840000	0.010400
0.000338	9.840000	0.009600
0.000340	9.840000	0.009200
0.000342	9.840000	0.010400
0.000344	9.840000	0.010800
0.000346	9.840000	0.009600
0.000348	9.840000	0.010000
0.000350	9.840000	0.010800
0.000352	9.840000	0.010000
0.000354	9.840000	0.009600
0.000356	9.840000	0.010000
0.000358	9.840000	0.010800
0.000360	9.840000	0.010400
0.000362	9.840000	0.010000
0.000364	9.840000	0.010000
0.000366	9.840000	0.010800
0.000368	9.840000	0.010400
0.000370	9.840000	0.010400
0.000372	9.840000	0.010000
0.000374	9.840000	0.010000
0.000376	9.840000	0.010400
0.000378	9.840000	0.010000
0.000380	9.840000	0.010000
0.000382	9.840000	0.010800
0.000384	9.840000	0.010000
0.000386	9.840000	0.010000
0.000388	9.840000	0.010800
0.000390	9.840000	0.010400
0.000392	9.840000	0.010400
0.000394	9.840000	0.010400
0.000396	9.840000	0.010800
0.000398	9.840000	0.010000
0.000400	9.840000	0.009600
0.000402	9.840000	0.010000
0.000404	9.840000	0.010000
0.000406	9.840000	0.010000
0.000408	9.840000	0.009600
0.000410	9.840000	0.008400
0.000412	9.840000	0.010400
0.000414	9.840000	0.010400
0.000416	9.840000	0.010000
0.000418	9.840000	0.010000
0.000420	9.840000	0.009600
0.000422	9.840000	0.010000
0.000424	9.840000	0.010000
0.000426	9.840000	0.010400
0.000428	9.840000	0.009600
0.000430	9.840000	0.009600
0.000432	9.840000	0.010800
0.000434	9.840000	0.010000
0.000436	9.840000	0.010000
0.000438	9.840000	0.010000
0.000440	9.840000	0.010000
0.000442	9.840000	0.009600
0.000444	9.840000	0.010400
0.000446	9.840000	0.010000
0.000448	9.840000	0.010000
0.000450	9.840000	0.010800
0.000452	9.840000	0.010800
0.000454	9.840000	0.010400
0.000456	9.840000	0.010800
0.000458	9.840000	0.010800
0.000460	9.840000	0.010800
0.000462	9.840000	0.010000
0.000464	9.840000	0.010000
0.000466	9.840000	0.010400
0.000468	9.840000	0.010800
0.000470	9.840000	0.010800
0.000472	9.840000	0.010400
0.000474	9.840000	0.010000
0.000476	9.840000	0.011200
0.000478	9.840000	0.011200
0.000480	9.840000	0.010000
0.000482	9.840000	0.010800
0.000484	9.840000	0.010000
0.000486	9.840000	0.010800
0.000488	9.840000	0.010400
0.000490	9.840000	0.010000
0.000492	9.840000	0.009600
0.000494	9.840000	0.010400
0.000496	9.840000	0.010000
0.000498	9.840000	0.010000
0.000500	9.840000	0.008800
0.000502	9.840000	0.010000
0.000504	9.840000	0.011200
0.000506	9.840000	0.010400
0.000508	9.840000	0.011200
0.000510	9.840000	0.010400
0.000512	9.840000	0.010800
0.000514	9.840000	0.010400
0.000516	9.840000	0.010400
0.000518	9.840000	0.010800
0.000520	9.840000	0.010400
0.000522	9.840000	0.011200
0.000524	9.840000	0.010800
0.000526	9.840000	0.010400
0.000528	9.840000	0.010800
0.000530	9.840000	0.011200
0.000532	9.840000	0.010400
0.000534	9.840000	0.010400
0.000536	9.840000	0.010800
0.000538	9.840000	0.010800
0.000540	9.840000	0.011200
0.000542	9.840000	0.010800
0.000544	9.840000	0.010400
0.000546	9.840000	0.012000
0.000548	9.840000	0.011200
0.000550	9.840000	0.011200
0.000552	9.840000	0.010000
0.000554	9.840000	0.010000
0.000556	9.840000	0.010000
0.000558	9.840000	0.011200
0.000560	9.840000	0.010400
0.000562	9.840000	0.010400
0.000564	9.840000	0.010400
0.000566	9.840000	0.010400
0.000568	9.840000	0.010400
0.000570	9.840000	0.010400
0.000572	9.840000	0.010800
0.000574	9.840000	0.010400
0.000576	9.840000	0.011200
0.000578	9.840000	0.010800
0.000580	9.840000	0.010400
0.000582	9.840000	0.010000
0.000584	9.840000	0.010400
0.000586	9.840000	0.010800
0.000588	9.840000	0.010800
0.000590	9.840000	0.009600
0.000592	9.840000	0.010000
0.000594	9.840000	0.010400
0.000596	9.840000	0.010400
0.000598	9.840000	0.009600
0.000600	9.840000	0.010000
0.000602	9.840000	0.010400
0.000604	9.840000	0.010000
0.000606	9.840000	0.010000
0.000608	9.840000	0.010000
0.000610	9.840000	0.010000
0.000612	9.840000	0.009600
0.000614	9.840000	0.010000
0.000616	9.840000	0.010800
0.000618	9.840000	0.010000
0.000620	9.840000	0.009600
0.000622	9.840000	0.009600
0.000624	9.840000	0.009600
0.000626	9.840000	0.009600
0.000628	9.840000	0.010800
0.000630	9.840000	0.010000
0.000632	9.840000	0.009600
0.000634	9.840000	0.009600
0.000636	9.840000	0.010000
0.000638	9.840000	0.010000
0.000640	9.840000	0.010000
0.000642	9.840000	0.010000
0.000644	9.840000	0.009600
0.000646	9.840000	0.009600
0.000648	9.840000	0.009200
0.000650	9.840000	0.010000
0.000652	9.840000	0.010000
0.000654	9.840000	0.010800
0.000656	9.840000	0.009600
0.000658	9.840000	0.010000
0.000660	9.840000	0.010400
0.000662	9.840000	0.010000
0.000664	9.840000	0.010000
0.000666	9.840000	0.011600
0.000668	9.840000	0.010000
0.000670	9.840000	0.010800
0.000672	9.840000	0.009600
0.000674	9.840000	0.010000
0.000676	9.840000	0.010000
0.000678	9.840000	0.009600
0.000680	9.840000	0.009200
0.000682	9.840000	0.010000
0.000684	9.840000	0.010000
0.000686	9.840000	0.010000
0.000688	9.840000	0.009600
0.000690	9.840000	0.009600
0.000692	9.840000	0.010400
0.000694	9.840000	0.010400
0.000696	9.840000	0.010400
0.000698	9.840000	0.010400
0.000700	9.840000	0.009200
0.000702	9.840000	0.010400
0.000704	9.840000	0.010000
0.000706	9.840000	0.010000
0.000708	9.840000	0.010400
0.000710	9.840000	0.010000
0.000712	9.840000	0.009600
0.000714	9.840000	0.010400
0.000716	9.840000	0.010000
0.000718	9.840000	0.010800
0.000720	9.840000	0.010400
0.000722	9.840000	0.010800
0.000724	9.840000	0.010400
0.000726	9.840000	0.010800
0.000728	9.840000	0.010000
0.000730	9.840000	0.010400
0.000732	9.840000	0.011200
0.000734	9.840000	0.010800
0.000736	9.840000	0.010400
0.000738	9.840000	0.009600
0.000740	9.840000	0.010800
0.000742	9.840000	0.011200
0.000744	9.840000	0.010400
0.000746	9.840000	0.010000
0.000748	9.840000	0.009600
0.000750	9.840000	0.010000
0.000752	9.840000	0.010800
0.000754	9.840000	0.010000
0.000756	9.840000	0.010800
0.000758	9.840000	0.010000
0.000760	9.840000	0.010000
0.000762	9.840000	0.010800
0.000764	9.840000	0.010400
0.000766	9.840000	0.010400
0.000768	9.840000	0.011200
0.000770	9.840000	0.011200
0.000772	9.840000	0.010000
0.000774	9.840000	0.011200
0.000776	9.840000	0.010400
0.000778	9.840000	0.011200
0.000780	9.840000	0.010800
0.000782	9.840000	0.010400
0.000784	9.840000	0.010400
0.000786	9.840000	0.010000
0.000788	9.840000	0.011200
0.000790	9.840000	0.010400
0.000792	9.840000	0.011200
0.000794	9.840000	0.010400
0.000796	9.840000	0.010000
0.000798	9.840000	0.010400
0.000800	9.840000	0.011200
0.000802	9.840000	0.010400
0.000804	9.840000	0.010400
0.000806	9.840000	0.010000
0.000808	9.840000	0.010000
0.000810	9.840000	0.010800
0.000812	9.840000	0.010400
0.000814	9.840000	0.010800
0.000816	9.840000	0.011200
0.000818	9.840000	0.010400
0.000820	9.840000	0.010000
0.000822	9.840000	0.010800
0.000824	9.840000	0.010400
0.000826	9.840000	0.010400
0.000828	9.840000	0.010000
0.000830	9.840000	0.010400
0.000832	9.840000	0.011200
0.000834	9.840000	0.010800
0.000836	9.840000	0.009600
0.000838	9.840000	0.010000
0.000840	9.840000	0.010800
0.000842	17.600000	0.009600
0.000844	22.240000	0.009600
0.000846	24.560000	0.010000
0.000848	25.840000	0.010400
0.000850	26.480000	0.010800
0.000852	26.800000	0.010400
0.000854	27.040000	0.010400
0.000856	27.120000	0.010000
0.000858	27.120000	0.010000
0.000860	27.200000	0.010000
0.000862	27.200000	0.010000
0.000864	27.200000	0.010400
0.000866	27.120000	0.009600
0.000868	27.200000	0.009600
0.000870	27.280000	0.009600
0.000872	27.280000	0.010000
0.000874	27.200000	0.010000
0.000876	27.280000	0.010000
0.000878	27.200000	0.010000
0.000880	27.280000	0.010000
0.000882	27.200000	0.010000
0.000884	27.200000	0.010000
0.000886	27.200000	0.010800
0.000888	27.200000	0.010000
0.000890	27.200000	0.010000
0.000892	27.200000	0.009600
0.000894	27.200000	0.009200
0.000896	27.200000	0.010000
0.000898	27.120000	0.010000
0.000900	27.120000	0.010800
0.000902	27.200000	0.010000
0.000904	27.200000	0.009200
0.000906	27.120000	0.009600
0.000908	27.200000	0.009200
0.000910	27.200000	0.009600
0.000912	27.200000	0.009600
0.000914	27.120000	0.010000
0.000916	27.120000	0.009600
0.000918	27.120000	0.009600
0.000920	27.120000	0.010000
0.000922	27.120000	0.009600
0.000924	27.120000	0.010800
0.000926	27.120000	0.009600
0.000928	27.120000	0.010000
0.000930	27.120000	0.009600
0.000932	27.120000	0.010400
0.000934	27.120000	0.009600
0.000936	27.120000	0.010000
0.000938	27.120000	0.010400
0.000940	27.120000	0.009200
0.000942	27.120000	0.010000
0.000944	27.120000	0.010000
0.000946	27.120000	0.010000
0.000948	27.040000	0.009600
0.000950	27.040000	0.010000
0.000952	27.120000	0.010000
0.000954	27.120000	0.010000
0.000956	27.040000	0.010000
0.000958	27.040000	0.010400
0.000960	27.040000	0.010000
0.000962	27.040000	0.010400
0.000964	27.120000	0.010400
0.000966	27.040000	0.010000
0.000968	26.960000	0.010000
0.000970	27.040000	0.010800
0.000972	27.040000	0.010800
0.000974	27.040000	0.009600
0.000976	27.040000	0.010000
0.000978	27.040000	0.010400
0.000980	27.040000	0.010400
0.000982	27.040000	0.010000
0.000984	27.040000	0.010400
0.000986	26.960000	0.010400
0.000988	26.960000	0.010800
0.000990	26.960000	0.010000
0.000992	27.040000	0.010000
0.000994	26.960000	0.011200
0.000996	26.960000	0.011200
0.000998	26.960000	0.009600
0.001000	26.960000	0.010000
0.001002	26.960000	0.010800
0.001004	26.960000	0.010400
0.001006	26.960000	0.010000
0.001008	26.960000	0.010400
0.001010	27.040000	0.010400
0.001012	26.960000	0.011200
0.001014	26.960000	0.010400
0.001016	26.880000	0.010000
0.001018	26.960000	0.010800
0.001020	26.960000	0.010800
0.001022	26.880000	0.010800
0.001024	26.880000	0.010400
0.001026	26.880000	0.010000
0.001028	26.880000	0.010800
0.001030	26.960000	0.010800
0.001032	26.880000	0.010400
0.001034	26.880000	0.010800
0.001036	26.880000	0.010400
0.001038	26.880000	0.010000
0.001040	26.880000	0.010400
0.001042	26.880000	0.010000
0.001044	26.880000	0.009600
0.001046	26.880000	0.010000
0.001048	26.880000	0.010000
0.001050	26.880000	0.010400
0.001052	26.880000	0.010400
0.001054	26.880000	0.010000
0.001056	26.800000	0.010800
0.001058	26.880000	0.010400
0.001060	26.800000	0.010400
0.001062	26.880000	0.010800
0.001064	26.880000	0.011200
0.001066	26.880000	0.010000
0.001068	26.800000	0.010400
0.001070	26.880000	0.010800
0.001072	26.800000	0.010000
0.001074	26.800000	0.010000
0.001076	26.800000	0.010000
0.001078	26.800000	0.010000
0.001080	26.800000	0.010000
0.001082	26.880000	0.010000
0.001084	26.800000	0.010000
0.001086	26.800000	0.010000
0.001088	26.800000	0.010000
0.001090	26.720000	0.010800
0.001092	26.800000	0.010400
0.001094	26.800000	0.010000
0.001096	26.800000	0.010000
0.001098	26.800000	0.009600
0.001100	26.800000	0.010000
0.001102	26.800000	0.010000
0.001104	26.720000	0.010400
0.001106	26.720000	0.009200
0.001108	26.720000	0.010400
0.001110	26.720000	0.010000
0.001112	26.720000	0.010400
0.001114	26.640000	0.009600
0.001116	26.800000	0.010000
0.001118	26.800000	0.010000
0.001120	26.800000	0.010000
0.001122	26.720000	0.010400
0.001124	26.720000	0.010000
0.001126	26.800000	0.010000
0.001128	26.720000	0.010000
0.001130	26.720000	0.009600
0.001132	26.720000	0.010000
0.001134	26.720000	0.010000
0.001136	26.720000	0.010400
0.001138	26.720000	0.010400
0.001140	26.640000	0.010400
0.001142	26.720000	0.009600
0.001144	26.720000	0.010000
0.001146	26.640000	0.010000
0.001148	26.720000	0.009600
0.001150	26.640000	0.010400
0.001152	26.720000	0.009600
0.001154	26.640000	0.009600
0.001156	26.640000	0.010000
0.001158	26.720000	0.010000
0.001160	26.640000	0.010000
0.001162	26.640000	0.009600
0.001164	26.640000	0.010000
0.001166	26.640000	0.010400
0.001168	26.640000	0.010000
0.001170	26.640000	0.009600
0.001172	26.640000	0.010400
0.001174	26.560000	0.009600
0.001176	26.640000	0.010400
0.001178	26.640000	0.009200
0.001180	26.640000	0.009600
0.001182	26.640000	0.009600
0.001184	26.640000	0.010400
0.001186	26.560000	0.010000
0.001188	26.640000	0.010800
0.001190	26.560000	0.010000
0.001192	26.640000	0.010400
0.001194	26.560000	0.010400
0.001196	26.560000	0.010000
0.001198	26.560000	0.010400
0.001200	26.560000	0.010400
0.001202	26.560000	0.010400
0.001204	26.560000	0.010400
0.001206	26.560000	0.010400
0.001208	26.560000	0.010800
0.001210	26.480000	0.010000
0.001212	26.480000	0.010000
0.001214	26.560000	0.009600
0.001216	26.560000	0.010400
0.001218	26.480000	0.010800
0.001220	26.560000	0.009600
0.001222	26.560000	0.009600
0.001224	26.560000	0.009600
0.001226	26.560000	0.010400
0.001228	26.480000	0.010000
0.001230	26.560000	0.010000
0.001232	26.480000	0.010000
0.001234	26.560000	0.010400
0.001236	26.480000	0.010800
0.001238	26.480000	0.010400
0.001240	26.560000	0.010400
0.001242	26.480000	0.010000
0.001244	26.480000	0.010400
0.001246	26.480000	0.010800
0.001248	26.480000	0.010800
0.001250	26.480000	0.010800
0.001252	26.560000	0.010000
0.001254	26.480000	0.010800
0.001256	26.480000	0.010000
0.001258	26.480000	0.010000
0.001260	26.480000	0.010000
0.001262	26.480000	0.010400
0.001264	26.480000	0.010400
0.001266	26.480000	0.010400
0.001268	26.480000	0.010400
0.001270	26.480000	0.010000
0.001272	26.400000	0.011200
0.001274	26.480000	0.010000
0.001276	26.400000	0.010800
0.001278	26.400000	0.010800
0.001280	26.480000	0.010800
0.001282	26.480000	0.010000
0.001284	26.400000	0.010400
0.001286	26.480000	0.010800
0.001288	26.480000	0.011200
0.001290	26.400000	0.011200
0.001292	26.480000	0.010800
0.001294	26.400000	0.009600
0.001296	26.400000	0.010400
0.001298	26.480000	0.010800
0.001300	26.400000	0.010400
0.001302	26.400000	0.010400
0.001304	26.400000	0.010400
0.001306	26.480000	0.010400
0.001308	26.400000	0.010800
0.001310	26.400000	0.010800
0.001312	26.400000	0.010400
0.001314	26.400000	0.010800
0.001316	26.400000	0.010400
0.001318	26.400000	0.010400
0.001320	26.400000	0.010400
0.001322	26.400000	0.010400
0.001324	26.320000	0.010400
0.001326	26.400000	0.010400
0.001328	26.400000	0.010000
0.001330	26.320000	0.009600
0.001332	26.400000	0.010400
0.001334	26.320000	0.010400
0.001336	26.320000	0.010000
0.001338	26.400000	0.009600
0.001340	26.320000	0.010000
0.001342	26.320000	0.010000
0.001344	26.320000	0.009600
0.001346	26.320000	0.010400
0.001348	26.320000	0.009600
0.001350	26.320000	0.010000
0.001352	26.320000	0.010000
0.001354	26.320000	0.010000
0.001356	26.320000	0.010000
0.001358	26.240000	0.009600
0.001360	26.320000	0.010000
0.001362	26.240000	0.009600
0.001364	26.320000	0.010400
0.001366	26.320000	0.009600
0.001368	26.320000	0.009200
0.001370	26.320000	0.010000
0.001372	26.320000	0.010000
0.001374	26.320000	0.010000
0.001376	26.320000	0.010000
0.001378	26.240000	0.008800
0.001380	26.240000	0.010000
0.001382	26.320000	0.010000
0.001384	26.320000	0.010000
0.001386	26.320000	0.010000
0.001388	26.320000	0.010000
0.001390	26.240000	0.009200
0.001392	26.240000	0.010400
0.001394	26.320000	0.009600
0.001396	26.320000	0.010000
0.001398	26.240000	0.010000
0.001400	26.240000	0.009600
0.001402	26.240000	0.009200
0.001404	26.240000	0.009200
0.001406	26.240000	0.008800
0.001408	26.240000	0.009200
0.001410	26.240000	0.009600
0.001412	26.240000	0.009200
0.001414	26.240000	0.008400
0.001416	26.320000	0.009200
0.001418	26.240000	0.010000
0.001420	26.320000	0.009200
0.001422	26.240000	0.009200
0.001424	26.240000	0.009200
0.001426	26.240000	0.010000
0.001428	26.160000	0.009600
0.001430	26.240000	0.009600
0.001432	26.240000	0.009600
0.001434	26.160000	0.009200
0.001436	26.240000	0.009200
0.001438	26.160000	0.008400
0.001440	26.240000	0.009200
0.001442	26.160000	0.010000
0.001444	26.160000	0.010400
0.001446	26.160000	0.010000
0.001448	26.240000	0.010800
0.001450	26.160000	0.009200
0.001452	26.160000	0.010000
0.001454	26.160000	0.010400
0.001456	26.160000	0.010000
0.001458	26.160000	0.010000
0.001460	26.160000	0.009600
0.001462	26.240000	0.010800
0.001464	26.160000	0.010000
0.001466	26.160000	0.010800
0.001468	26.160000	0.010400
0.001470	26.160000	0.010000
0.001472	26.160000	0.010000
0.001474	26.160000	0.010000
0.001476	26.160000	0.010400
0.001478	26.160000	0.010000
0.001480	26.160000	0.010000
0.001482	26.160000	0.010800
0.001484	26.160000	0.010800
0.001486	26.160000	0.010000
0.001488	26.080000	0.010400
0.001490	26.160000	0.010000
0.001492	26.160000	0.010400
0.001494	26.160000	0.010000
0.001496	26.160000	0.010000
0.001498	26.080000	0.010400
0.001500	26.160000	0.010400
0.001502	26.160000	0.010400
0.001504	26.080000	0.010000
0.001506	26.160000	0.010000
0.001508	26.160000	0.010400
0.001510	26.080000	0.010000
0.001512	26.080000	0.010400
0.001514	26.080000	0.010400
0.001516	26.080000	0.010400
0.001518	26.080000	0.010400
0.001520	26.080000	0.010000
0.001522	26.080000	0.010000
0.001524	26.000000	0.009600
0.001526	26.000000	0.010800
0.001528	26.080000	0.010000
0.001530	26.000000	0.010000
0.001532	26.080000	0.010000
0.001534	26.080000	0.010000
0.001536	26.080000	0.010400
0.001538	26.080000	0.010400
0.001540	26.080000	0.010800
0.001542	26.000000	0.009600
0.001544	26.080000	0.010400
0.001546	26.080000	0.010800
0.001548	26.000000	0.010800
0.001550	26.000000	0.010800
0.001552	26.000000	0.010400
0.001554	26.000000	0.010400
0.001556	26.000000	0.011200
0.001558	26.000000	0.010400
0.001560	26.000000	0.009600
0.001562	26.000000	0.010000
0.001564	26.000000	0.010400
0.001566	26.000000	0.010000
0.001568	26.000000	0.010400
0.001570	26.000000	0.010000
0.001572	26.000000	0.010000
0.001574	26.000000	0.010400
0.001576	26.000000	0.010400
0.001578	26.000000	0.010400
0.001580	26.000000	0.010000
0.001582	26.000000	0.010400
0.001584	26.000000	0.010400
0.001586	26.000000	0.010400
0.001588	26.000000	0.010000
0.001590	26.000000	0.010400
0.001592	26.000000	0.010800
0.001594	26.000000	0.009600
0.001596	26.000000	0.010000
0.001598	26.000000	0.010400
0.001600	26.000000	0.010400
0.001602	26.000000	0.010000
0.001604	26.000000	0.010400
0.001606	26.000000	0.010000
0.001608	26.000000	0.010000
0.001610	25.920000	0.010400
0.001612	26.000000	0.010000
0.001614	26.000000	0.009600
0.001616	26.000000	0.009600
0.001618	26.000000	0.009200
0.001620	26.000000	0.010400
0.001622	26.000000	0.010400
0.001624	25.920000	0.009600
0.001626	26.000000	0.009600
0.001628	25.920000	0.010400
0.001630	25.920000	0.010000
0.001632	26.000000	0.009600
0.001634	26.000000	0.009200
0.001636	25.920000	0.009600
0.001638	25.920000	0.011200
0.001640	26.000000	0.010000
0.001642	26.000000	0.009600
0.001644	25.920000	0.009600
0.001646	25.920000	0.010000
0.001648	25.920000	0.010400
0.001650	25.920000	0.009600
0.001652	25.920000	0.010000
0.001654	25.920000	0.009600
0.001656	25.920000	0.009600
0.001658	25.920000	0.010400
0.001660	25.920000	0.010000
0.001662	26.000000	0.009600
0.001664	25.920000	0.010400
0.001666	25.920000	0.010000
0.001668	25.920000	0.009200
0.001670	25.920000	0.009600
0.001672	25.920000	0.010000
0.001674	25.920000	0.010000
0.001676	25.920000	0.010000
0.001678	25.920000	0.009600
0.001680	25.920000	0.010000
0.001682	25.920000	0.009600
0.001684	25.920000	0.010000
0.001686	25.920000	0.009600
0.001688	25.920000	0.010000
0.001690	25.920000	0.010400
0.001692	25.920000	0.009600
0.001694	25.920000	0.010400
0.001696	25.920000	0.010400
0.001698	25.920000	0.009600
0.001700	25.920000	0.010000
0.001702	25.920000	0.010400
0.001704	25.920000	0.010800
0.001706	25.840000	0.009600
0.001708	25.840000	0.010000
0.001710	25.840000	0.009200
0.001712	25.920000	0.009600
0.001714	25.920000	0.010800
0.001716	25.840000	0.010000
0.001718	25.920000	0.010400
0.001720	25.840000	0.009600
0.001722	25.840000	0.010000
0.001724	25.840000	0.010000
0.001726	25.840000	0.009600
0.001728	25.840000	0.010400
0.001730	25.840000	0.010000
0.001732	25.840000	0.010800
0.001734	25.840000	0.010400
0.001736	25.840000	0.010400
0.001738	25.840000	0.010000
0.001740	25.840000	0.010400
0.001742	25.840000	0.010000
0.001744	25.840000	0.010000
0.001746	25.840000	0.009600
0.001748	25.840000	0.010400
0.001750	25.840000	0.009600
0.001752	25.840000	0.010000
0.001754	25.920000	0.010400
0.001756	25.760000	0.009600
0.001758	25.840000	0.010000
0.001760	25.840000	0.009600
0.001762	25.840000	0.010000
0.001764	25.840000	0.010400
0.001766	25.840000	0.010000
0.001768	25.760000	0.010400
0.001770	25.840000	0.010000
0.001772	25.840000	0.010000
0.001774	25.840000	0.010000
0.001776	25.840000	0.010400
0.001778	25.760000	0.009600
0.001780	25.840000	0.009600
0.001782	25.840000	0.010800
0.001784	25.840000	0.010400
0.001786	25.760000	0.010400
0.001788	25.760000	0.010000
0.001790	25.760000	0.009200
0.001792	25.760000	0.010000
0.001794	25.760000	0.010000
0.001796	25.760000	0.009600
0.001798	25.760000	0.010000
0.001800	25.760000	0.010400
0.001802	25.760000	0.010800
0.001804	25.760000	0.010000
0.001806	25.760000	0.010000
0.001808	25.760000	0.010000
0.001810	25.760000	0.010000
0.001812	25.760000	0.010400
0.001814	25.760000	0.010400
0.001816	25.760000	0.010800
0.001818	25.760000	0.010800
0.001820	25.760000	0.009600
0.001822	25.760000	0.010000
0.001824	25.680000	0.010800
0.001826	25.760000	0.010400
0.001828	25.760000	0.010400
0.001830	25.760000	0.010000
0.001832	25.760000	0.010400
0.001834	25.760000	0.010400
0.001836	25.680000	0.010000
0.001838	25.760000	0.009600
0.001840	25.680000	0.009600
0.001842	25.760000	0.010400
0.001844	25.760000	0.010400
0.001846	25.680000	0.009200
0.001848	25.760000	0.009600
0.001850	25.680000	0.010000
0.001852	25.760000	0.010000
0.001854	25.680000	0.010400
0.001856	25.760000	0.010000
0.001858	25.680000	0.010000
0.001860	25.680000	0.010000
0.001862	25.680000	0.010000
0.001864	25.680000	0.010400
0.001866	25.760000	0.010000
0.001868	25.760000	0.009600
0.001870	25.600000	0.009600
0.001872	25.680000	0.009600
0.001874	25.760000	0.010400
0.001876	25.760000	0.009200
0.001878	25.680000	0.010000
0.001880	25.680000	0.010000
0.001882	25.680000	0.009600
0.001884	25.680000	0.010000
0.001886	25.680000	0.010000
0.001888	25.680000	0.010400
0.001890	25.680000	0.010400
0.001892	25.600000	0.010000
0.001894	25.680000	0.009600
0.001896	25.680000	0.009600
0.001898	25.680000	0.009600
0.001900	25.680000	0.010000
0.001902	25.680000	0.010400
0.001904	25.600000	0.010000
0.001906	25.680000	0.010400
0.001908	25.680000	0.010000
0.001910	25.680000	0.010400
0.001912	25.600000	0.010800
0.001914	25.680000	0.010000
0.001916	25.680000	0.010000
0.001918	25.680000	0.010400
0.001920	25.680000	0.010400
0.001922	25.680000	0.010800
0.001924	25.680000	0.010000
0.001926	25.600000	0.010400
0.001928	25.680000	0.009200
0.001930	25.680000	0.010000
0.001932	25.680000	0.010000
0.001934	25.680000	0.010000
0.001936	25.680000	0.010000
0.001938	25.600000	0.009200
0.001940	25.680000	0.009200
0.001942	25.680000	0.009200
0.001944	25.600000	0.010000
0.001946	25.680000	0.009200
0.001948	25.600000	0.009600
0.001950	25.680000	0.010000
0.001952	25.600000	0.009200
0.001954	25.600000	0.009600
0.001956	25.680000	0.010000
0.001958	25.680000	0.010400
0.001960	25.680000	0.010400
0.001962	25.600000	0.009200
0.001964	25.680000	0.010000
0.001966	25.600000	0.010400
0.001968	25.600000	0.010000
0.001970	25.600000	0.010000
0.001972	25.520000	0.010000
0.001974	25.600000	0.010400
0.001976	25.600000	0.010000
0.001978	25.520000	0.009600
0.001980	25.600000	0.010800
0.001982	25.600000	0.010000
0.001984	25.600000	0.010400
0.001986	25.600000	0.010000
0.001988	25.520000	0.010400
0.001990	25.520000	0.010000
0.001992	25.600000	0.011200
0.001994	25.520000	0.010000
0.001996	25.600000	0.010000
0.001998	25.600000	0.010800
0.002000	25.600000	0.010000
0.002002	25.600000	0.010000
0.002004	25.600000	0.009200
0.002006	25.600000	0.009600
0.002008	25.520000	0.010400
0.002010	25.600000	0.010000
0.002012	25.600000	0.010000
0.002014	25.600000	0.009200
0.002016	25.520000	0.010000
0.002018	25.600000	0.010400
0.002020	25.520000	0.010400
0.002022	25.520000	0.010000
0.002024	25.520000	0.009600
0.002026	25.520000	0.009600
0.002028	25.520000	0.010000
0.002030	25.520000	0.010000
0.002032	25.520000	0.010400
0.002034	25.520000	0.010000
0.002036	25.520000	0.008800
0.002038	25.520000	0.010000
0.002040	25.520000	0.010400
0.002042	25.520000	0.009600
0.002044	25.520000	0.009600
0.002046	25.520000	0.010400
0.002048	25.520000	0.010400
0.002050	25.520000	0.009600
0.002052	25.520000	0.010000
0.002054	25.520000	0.009600
0.002056	25.520000	0.009600
0.002058	25.520000	0.010400
0.002060	25.520000	0.008800
0.002062	25.520000	0.010000
0.002064	25.520000	0.010000
0.002066	25.520000	0.009200
0.002068	25.520000	0.010000
0.002070	25.520000	0.009600
0.002072	25.520000	0.009200
0.002074	25.520000	0.009600
0.002076	25.520000	0.009600
0.002078	25.520000	0.010000
0.002080	25.520000	0.010000
0.002082	25.440000	0.010400
0.002084	25.440000	0.010000
0.002086	25.440000	0.009600
0.002088	25.520000	0.009600
0.002090	25.520000	0.009200
0.002092	25.520000	0.009200
0.002094	25.520000	0.010000
0.002096	25.440000	0.009200
0.002098	25.440000	0.009200
0.002100	25.440000	0.009600
0.002102	25.440000	0.009600
0.002104	25.440000	0.009600
0.002106	25.520000	0.009600
0.002108	25.440000	0.009600
0.002110	25.520000	0.009600
0.002112	25.520000	0.009200
0.002114	25.440000	0.009600
0.002116	25.440000	0.010000
0.002118	25.440000	0.009600
0.002120	25.520000	0.009200
0.002122	25.440000	0.009600
0.002124	25.440000	0.009200
0.002126	25.520000	0.009600
0.002128	25.440000	0.010000
0.002130	25.440000	0.008800
0.002132	25.520000	0.009600
0.002134	25.440000	0.010000
0.002136	25.440000	0.010800
0.002138	25.440000	0.010000
0.002140	25.360000	0.009600
0.002142	25.440000	0.009600
0.002144	25.360000	0.009200
0.002146	25.440000	0.010000
0.002148	25.440000	0.009200
0.002150	25.360000	0.009600
0.002152	25.440000	0.009600
0.002154	25.440000	0.010400
0.002156	25.440000	0.009600
0.002158	25.440000	0.010400
0.002160	25.360000	0.010000
0.002162	25.440000	0.010800
0.002164	25.360000	0.010000
0.002166	25.440000	0.009600
0.002168	25.440000	0.009600
0.002170	25.440000	0.010000
0.002172	25.360000	0.009600
0.002174	25.360000	0.010800
0.002176	25.360000	0.009200
0.002178	25.360000	0.008800
0.002180	25.360000	0.009600
0.002182	25.360000	0.010000
0.002184	25.360000	0.009600
0.002186	25.440000	0.009600
0.002188	25.360000	0.010000
0.002190	25.360000	0.008400
0.002192	25.360000	0.010400
0.002194	25.360000	0.009600
0.002196	25.360000	0.009600
0.002198	25.360000	0.009200
0.002200	25.360000	0.009200
0.002202	25.360000	0.009200
0.002204	25.360000	0.009200
0.002206	25.360000	0.009200
0.002208	25.360000	0.009600
0.002210	25.360000	0.010000
0.002212	25.440000	0.009200
0.002214	25.360000	0.008800
0.002216	25.360000	0.009200
0.002218	25.360000	0.009200
0.002220	25.360000	0.010400
0.002222	25.360000	0.009600
0.002224	25.360000	0.009600
0.002226	25.360000	0.009200
0.002228	25.360000	0.009600
0.002230	25.360000	0.009200
0.002232	25.360000	0.010000
0.002234	25.360000	0.009600
0.002236	25.360000	0.009600
0.002238	25.360000	0.008400
0.002240	25.360000	0.010000
0.002242	25.360000	0.009600
0.002244	25.360000	0.009600
0.002246	25.360000	0.010000
0.002248	25.360000	0.009600
0.002250	25.360000	0.010000
0.002252	25.280000	0.010000
0.002254	25.360000	0.009200
0.002256	25.360000	0.010400
0.002258	25.280000	0.009200
0.002260	25.280000	0.010400
0.002262	25.280000	0.008800
0.002264	25.280000	0.009600
0.002266	25.360000	0.010400
0.002268	25.280000	0.010000
0.002270	25.280000	0.010000
0.002272	25.280000	0.009600
0.002274	25.360000	0.009200
0.002276	25.360000	0.010000
0.002278	25.360000	0.011200
0.002280	25.360000	0.010000
0.002282	25.280000	0.010800
0.002284	25.280000	0.010400
0.002286	25.280000	0.010800
0.002288	25.360000	0.010400
0.002290	25.360000	0.010400
0.002292	25.280000	0.009600
0.002294	25.280000	0.010400
0.002296	25.280000	0.010400
0.002298	25.280000	0.010000
0.002300	25.280000	0.010400
0.002302	25.280000	0.010800
0.002304	25.280000	0.010800
0.002306	25.280000	0.010400
0.002308	25.280000	0.010800
0.002310	25.280000	0.010000
0.002312	25.280000	0.010400
0.002314	25.280000	0.010400
0.002316	25.280000	0.011200
0.002318	25.280000	0.010000
0.002320	25.360000	0.010400
0.002322	25.280000	0.010400
0.002324	25.280000	0.010400
0.002326	25.280000	0.010400
0.002328	25.280000	0.010000
0.002330	25.280000	0.010000
0.002332	25.280000	0.010800
0.002334	25.280000	0.009600
0.002336	25.280000	0.009200
0.002338	25.280000	0.010400
0.002340	25.280000	0.010000
0.002342	25.280000	0.009200
0.002344	25.280000	0.010400
0.002346	25.280000	0.010400
0.002348	25.280000	0.010400
0.002350	25.280000	0.009600
0.002352	25.280000	0.010000
0.002354	25.280000	0.008800
0.002356	25.280000	0.009200
0.002358	25.280000	0.010000
0.002360	25.200000	0.008800
0.002362	25.280000	0.009600
0.002364	25.280000	0.009600
0.002366	25.280000	0.009600
0.002368	25.280000	0.009600
0.002370	25.280000	0.009200
0.002372	25.280000	0.009600
0.002374	25.280000	0.009600
0.002376	25.280000	0.009600
0.002378	25.280000	0.009200
0.002380	25.280000	0.009600
0.002382	25.280000	0.009200
0.002384	25.280000	0.009600
0.002386	25.280000	0.009200
0.002388	25.200000	0.009600
0.002390	25.200000	0.009600
0.002392	25.280000	0.009200
0.002394	25.280000	0.009600
0.002396	25.280000	0.009600
0.002398	25.200000	0.009200
0.002400	25.200000	0.010000
0.002402	25.200000	0.009600
0.002404	25.280000	0.009200
0.002406	25.280000	0.008800
0.002408	25.280000	0.009600
0.002410	25.200000	0.009200
0.002412	25.200000	0.008400
0.002414	25.280000	0.009200
0.002416	25.200000	0.008800
0.002418	25.200000	0.009200
0.002420	25.200000	0.010000
0.002422	25.200000	0.009600
0.002424	25.200000	0.009600
0.002426	25.200000	0.009600
0.002428	25.200000	0.009200
0.002430	25.200000	0.009600
0.002432	25.200000	0.010000
0.002434	25.280000	0.009200
0.002436	25.200000	0.009200
0.002438	25.200000	0.008800
0.002440	25.200000	0.009600
0.002442	25.200000	0.009200
0.002444	25.200000	0.009600
0.002446	25.200000	0.009600
0.002448	25.200000	0.010000
0.002450	25.200000	0.010000
0.002452	25.200000	0.010800
0.002454	25.200000	0.010400
0.002456	25.200000	0.009600
0.002458	25.200000	0.008800
0.002460	25.200000	0.010000
0.002462	25.200000	0.010000
0.002464	25.200000	0.009200
0.002466	25.200000	0.010000
0.002468	25.200000	0.009200
0.002470	25.200000	0.010000
0.002472	25.200000	0.010000
0.002474	25.200000	0.010000
0.002476	25.120000	0.009200
0.002478	25.200000	0.009600
0.002480	25.200000	0.009600
0.002482	25.200000	0.010400
0.002484	25.200000	0.010000
0.002486	25.120000	0.010400
0.002488	25.120000	0.010000
0.002490	25.120000	0.009200
0.002492	25.200000	0.010400
0.002494	25.200000	0.009200
0.002496	25.120000	0.009600
0.002498	25.120000	0.009200
0.002500	25.200000	0.009600
0.002502	25.200000	0.009600
0.002504	25.120000	0.010000
0.002506	25.120000	0.009600
0.002508	25.120000	0.008400
0.002510	25.120000	0.009600
0.002512	25.120000	0.008800
0.002514	25.120000	0.010000
0.002516	25.120000	0.009600
0.002518	25.120000	0.009600
0.002520	25.120000	0.008800
0.002522	25.120000	0.008800
0.002524	25.120000	0.009200
0.002526	25.200000	0.009200
0.002528	25.120000	0.008800
0.002530	25.120000	0.009600
0.002532	25.120000	0.008800
0.002534	25.120000	0.008800
0.002536	25.120000	0.009600
0.002538	25.120000	0.009600
0.002540	25.120000	0.009600
0.002542	25.120000	0.009600
0.002544	25.200000	0.009200
0.002546	25.120000	0.009200
0.002548	25.120000	0.008800
0.002550	25.120000	0.009200
0.002552	25.120000	0.009200
0.002554	25.120000	0.009200
0.002556	25.120000	0.009600
0.002558	25.120000	0.008400
0.002560	25.120000	0.009600
0.002562	25.120000	0.009600
0.002564	25.120000	0.009200
0.002566	25.040000	0.009200
0.002568	25.120000	0.009600
0.002570	25.120000	0.009600
0.002572	25.120000	0.009600
0.002574	25.120000	0.009600
0.002576	25.120000	0.009200
0.002578	25.120000	0.010000
0.002580	25.120000	0.009600
0.002582	25.120000	0.008400
0.002584	25.120000	0.010000
0.002586	25.120000	0.009600
0.002588	25.120000	0.009600
0.002590	25.120000	0.009600
0.002592	25.120000	0.009200
0.002594	25.120000	0.010000
0.002596	25.120000	0.009600
0.002598	25.040000	0.010000
0.002600	25.040000	0.009600
0.002602	25.040000	0.009600
0.002604	25.040000	0.009200
0.002606	25.040000	0.009600
0.002608	25.040000	0.009600
0.002610	25.040000	0.009200
0.002612	25.120000	0.009600
0.002614	25.040000	0.009600
0.002616	25.120000	0.010400
0.002618	25.120000	0.009600
0.002620	25.120000	0.010000
0.002622	25.040000	0.009200
0.002624	25.120000	0.010000
0.002626	25.040000	0.009600
0.002628	25.040000	0.008800
0.002630	25.040000	0.008800
0.002632	25.120000	0.008800
0.002634	25.040000	0.010000
0.002636	25.120000	0.009200
0.002638	25.040000	0.009200
0.002640	25.040000	0.009600
0.002642	25.040000	0.008800
0.002644	25.040000	0.009600
0.002646	25.040000	0.010000
0.002648	25.040000	0.009200
0.002650	25.120000	0.009200
0.002652	25.040000	0.009200
0.002654	25.040000	0.009200
0.002656	25.040000	0.009600
0.002658	25.040000	0.010400
0.002660	25.040000	0.009200
0.002662	25.040000	0.009200
0.002664	25.040000	0.009200
0.002666	25.120000	0.009200
0.002668	25.040000	0.009200
0.002670	25.040000	0.009200
0.002672	25.040000	0.009200
0.002674	25.040000	0.008400
0.002676	25.040000	0.009600
0.002678	25.040000	0.009200
0.002680	25.040000	0.009600
0.002682	25.040000	0.009600
0.002684	25.040000	0.009200
0.002686	25.040000	0.009200
0.002688	24.960000	0.009200
0.002690	25.040000	0.009200
0.002692	25.040000	0.009600
0.002694	25.040000	0.008800
0.002696	25.040000	0.008800
0.002698	25.040000	0.008800
0.002700	25.040000	0.009200
0.002702	25.040000	0.009600
0.002704	24.960000	0.009200
0.002706	25.040000	0.008400
0.002708	25.040000	0.010000
0.002710	24.960000	0.009200
0.002712	24.960000	0.009600
0.002714	25.040000	0.009600
0.002716	25.040000	0.010000
0.002718	24.960000	0.009200
0.002720	25.040000	0.009600
0.002722	25.040000	0.009200
0.002724	24.960000	0.008400
0.002726	25.040000	0.009600
0.002728	25.040000	0.008800
0.002730	25.040000	0.009200
0.002732	25.040000	0.008400
0.002734	25.040000	0.010000
0.002736	24.960000	0.009200
0.002738	24.960000	0.008800
0.002740	24.960000	0.008400
0.002742	25.040000	0.009600
0.002744	24.960000	0.008800
0.002746	24.960000	0.008800
0.002748	25.040000	0.008800
0.002750	25.040000	0.008400
0.002752	24.960000	0.008800
0.002754	25.040000	0.009600
0.002756	24.960000	0.010000
0.002758	24.960000	0.008000
0.002760	24.960000	0.008000
0.002762	24.960000	0.008400
0.002764	25.040000	0.009600
0.002766	25.040000	0.008800
0.002768	24.960000	0.008800
0.002770	24.960000	0.008800
0.002772	24.960000	0.008400
0.002774	24.960000	0.008400
0.002776	24.960000	0.009200
0.002778	24.960000	0.009600
0.002780	24.960000	0.008000
0.002782	25.040000	0.008400
0.002784	24.960000	0.008400
0.002786	24.960000	0.008800
0.002788	24.960000	0.008400
0.002790	24.960000	0.009200
0.002792	24.960000	0.008800
0.002794	24.960000	0.008400
0.002796	24.960000	0.008800
0.002798	24.880000	0.008400
0.002800	24.960000	0.008400
0.002802	24.880000	0.008800
0.002804	24.960000	0.008400
0.002806	24.960000	0.008400
0.002808	24.960000	0.008800
0.002810	24.960000	0.008400
0.002812	24.960000	0.008400
0.002814	24.960000	0.008400
0.002816	24.880000	0.008800
0.002818	24.960000	0.008800
0.002820	24.880000	0.008800
0.002822	24.960000	0.008800
0.002824	24.880000	0.007600
0.002826	24.960000	0.009200
0.002828	24.880000	0.008400
0.002830	24.880000	0.008800
0.002832	24.960000	0.009600
0.002834	24.880000	0.007600
0.002836	24.880000	0.008400
0.002838	24.960000	0.008400
0.002840	24.960000	0.008000
0.002842	24.880000	0.008000
0.002844	24.960000	0.008000
0.002846	24.880000	0.008400
0.002848	24.880000	0.008000
0.002850	24.880000	0.008400
0.002852	24.880000	0.008400
0.002854	24.880000	0.008400
0.002856	24.880000	0.008400
0.002858	24.880000	0.008400
0.002860	24.960000	0.008000
0.002862	24.880000	0.008000
0.002864	24.880000	0.008800
0.002866	24.880000	0.008000
0.002868	24.880000	0.007200
0.002870	24.880000	0.007600
0.002872	24.880000	0.008400
0.002874	24.880000	0.008000
0.002876	24.880000	0.007200
0.002878	24.880000	0.008400
0.002880	24.880000	0.008000
0.002882	24.880000	0.007200
0.002884	24.880000	0.007200
0.002886	24.880000	0.007200
0.002888	24.880000	0.007600
0.002890	24.880000	0.008400
0.002892	24.880000	0.007600
0.002894	24.880000	0.008000
0.002896	24.880000	0.007200
0.002898	24.880000	0.007600
0.002900	24.880000	0.007600
0.002902	24.880000	0.007200
0.002904	24.880000	0.007200
0.002906	24.880000	0.007200
0.002908	24.800000	0.007600
0.002910	24.880000	0.007200
0.002912	24.880000	0.006800
0.002914	24.880000	0.007200
0.002916	24.880000	0.007200
0.002918	24.880000	0.006400
0.002920	24.800000	0.007200
0.002922	24.880000	0.006800
0.002924	24.880000	0.006400
0.002926	24.880000	0.007200
0.002928	24.800000	0.006400
0.002930	24.880000	0.006400
0.002932	24.880000	0.006000
0.002934	24.880000	0.006400
0.002936	24.880000	0.005600
0.002938	24.800000	0.006800
0.002940	24.800000	0.006400
0.002942	24.800000	0.006400
0.002944	24.800000	0.006400
0.002946	24.800000	0.006000
0.002948	24.800000	0.005200
0.002950	24.880000	0.006400
0.002952	24.880000	0.006000
0.002954	24.800000	0.005200
0.002956	24.800000	0.006000
0.002958	24.800000	0.005600
0.002960	24.880000	0.006000
0.002962	24.800000	0.005200
0.002964	24.880000	0.004800
0.002966	24.800000	0.005600
0.002968	24.800000	0.005200
0.002970	24.800000	0.004800
0.002972	24.800000	0.004400
0.002974	24.800000	0.004400
0.002976	24.800000	0.004800
0.002978	24.880000	0.005200
0.002980	24.800000	0.004800
0.002982	24.800000	0.004800
0.002984	24.800000	0.004800
0.002986	24.800000	0.004000
0.002988	24.800000	0.004400
0.002990	24.800000	0.004400
0.002992	24.880000	0.004800
0.002994	24.800000	0.004000
0.002996	24.720000	0.004000
0.002998	24.800000	0.004000
0.003000	24.800000	0.004000
0.003002	24.800000	0.002800
0.003004	24.720000	0.004000
0.003006	24.800000	0.003600
0.003008	24.800000	0.003600
0.003010	24.800000	0.004400
0.003012	24.800000	0.003600
0.003014	24.800000	0.002800
0.003016	24.800000	0.002400
0.003018	24.800000	0.003200
0.003020	24.800000	0.002800
0.003022	24.800000	0.002000
0.003024	24.800000	0.002400
0.003026	24.800000	0.002000
0.003028	24.800000	0.001600
0.003030	24.800000	0.002000
0.003032	24.800000	0.001600
0.003034	24.800000	0.002000
0.003036	24.720000	0.000800
0.003038	24.800000	0.001200
0.003040	24.720000	0.000400
0.003042	24.720000	0.001200
0.003044	24.800000	0.000000
0.003046	24.800000	-0.000400
0.003048	24.720000	-0.000400
0.003050	24.720000	-0.000400
0.003052	24.720000	-0.000800
0.003054	24.720000	-0.001200
0.003056	24.720000	-0.001200
0.003058	24.720000	-0.001600
0.003060	24.720000	-0.001600
0.003062	24.720000	-0.002400
0.003064	24.720000	-0.002400
0.003066	24.720000	-0.002400
0.003068	24.720000	-0.003200
0.003070	24.800000	-0.002800
0.003072	24.720000	-0.003200
0.003074	24.720000	-0.003600
0.003076	24.800000	-0.004800
0.003078	24.720000	-0.004800
0.003080	24.720000	-0.004800
0.003082	24.720000	-0.004800
0.003084	24.800000	-0.005600
0.003086	24.720000	-0.005600
0.003088	24.720000	-0.005600
0.003090	24.720000	-0.006000
0.003092	24.720000	-0.006400
0.003094	24.720000	-0.006800
0.003096	24.720000	-0.007600
0.003098	24.720000	-0.008000
0.003100	24.800000	-0.008000
0.003102	24.800000	-0.008000
0.003104	24.800000	-0.008400
0.003106	24.720000	-0.009600
0.003108	24.720000	-0.010800
0.003110	24.800000	-0.010000
0.003112	24.720000	-0.011200
0.003114	24.720000	-0.010800
0.003116	24.720000	-0.011200
0.003118	24.720000	-0.013200
0.003120	24.720000	-0.013200
0.003122	24.720000	-0.014000
0.003124	24.720000	-0.014000
0.003126	24.720000	-0.014000
0.003128	24.720000	-0.015200
0.003130	24.720000	-0.016000
0.003132	24.720000	-0.015600
0.003134	24.720000	-0.016000
0.003136	24.720000	-0.016800
0.003138	24.720000	-0.017600
0.003140	24.720000	-0.018000
0.003142	24.720000	-0.018400
0.003144	24.720000	-0.018800
0.003146	24.720000	-0.019600
0.003148	24.720000	-0.019200
0.003150	24.720000	-0.020400
0.003152	24.720000	-0.020400
0.003154	24.720000	-0.021200
0.003156	24.720000	-0.021200
0.003158	24.720000	-0.021600
0.003160	24.720000	-0.022800
0.003162	24.720000	-0.022800
0.003164	24.720000	-0.023600
0.003166	24.720000	-0.023200
0.003168	24.720000	-0.024400
0.003170	24.720000	-0.024800
0.003172	24.720000	-0.024800
0.003174	24.720000	-0.025200
0.003176	24.720000	-0.026400
0.003178	24.720000	-0.026800
0.003180	24.720000	-0.027200
0.003182	24.720000	-0.027200
0.003184	24.720000	-0.027600
0.003186	24.720000	-0.028400
0.003188	24.720000	-0.028400
0.003190	24.720000	-0.029200
0.003192	24.720000	-0.029600
0.003194	24.720000	-0.030000
0.003196	24.640000	-0.030800
0.003198	24.720000	-0.030800
0.003200	24.720000	-0.030800
0.003202	24.720000	-0.031600
0.003204	24.720000	-0.031200
0.003206	24.720000	-0.032400
0.003208	24.720000	-0.032400
0.003210	24.720000	-0.034000
0.003212	24.720000	-0.033600
0.003214	24.720000	-0.033600
0.003216	24.640000	-0.034400
0.003218	24.720000	-0.034800
0.003220	24.720000	-0.034800
0.003222	24.720000	-0.035200
0.003224	24.720000	-0.036400
0.003226	24.640000	-0.035600
0.003228	24.640000	-0.036000
0.003230	24.640000	-0.035600
0.003232	24.720000	-0.036400
0.003234	24.720000	-0.036400
0.003236	24.640000	-0.037200
0.003238	24.640000	-0.036800
0.003240	24.720000	-0.037200
0.003242	24.640000	-0.037600
0.003244	24.640000	-0.038000
0.003246	24.720000	-0.038000
0.003248	24.720000	-0.038000
0.003250	24.640000	-0.038400
0.003252	24.720000	-0.039600
0.003254	24.640000	-0.038400
0.003256	24.720000	-0.038400
0.003258	24.640000	-0.038800
0.003260	24.640000	-0.039200
0.003262	24.720000	-0.038800
0.003264	24.640000	-0.039200
0.003266	24.640000	-0.040000
0.003268	24.640000	-0.039600
0.003270	24.640000	-0.040400
0.003272	24.640000	-0.040400
0.003274	24.640000	-0.040800
0.003276	24.720000	-0.040400
0.003278	24.640000	-0.040000
0.003280	24.720000	-0.040400
0.003282	24.640000	-0.040800
0.003284	24.640000	-0.041200
0.003286	24.640000	-0.040800
0.003288	24.640000	-0.040800
0.003290	24.640000	-0.040800
0.003292	24.640000	-0.041200
0.003294	24.640000	-0.041200
0.003296	24.560000	-0.041200
0.003298	24.560000	-0.042000
0.003300	24.560000	-0.041600
0.003302	24.640000	-0.041200
0.003304	24.640000	-0.041600
0.003306	24.560000	-0.042000
0.003308	24.640000	-0.041600
0.003310	24.640000	-0.042000
0.003312	24.640000	-0.041200
0.003314	24.640000	-0.041600
0.003316	24.560000	-0.041200
0.003318	24.640000	-0.041600
0.003320	24.640000	-0.041600
0.003322	24.640000	-0.041600
0.003324	24.640000	-0.041600
0.003326	24.640000	-0.042400
0.003328	24.560000	-0.041200
0.003330	24.640000	-0.041600
0.003332	24.640000	-0.041200
0.003334	24.640000	-0.041600
0.003336	24.640000	-0.042000
0.003338	24.640000	-0.041200
0.003340	24.640000	-0.042000
0.003342	24.560000	-0.041200
0.003344	24.640000	-0.040800
0.003346	24.640000	-0.042400
0.003348	24.560000	-0.041600
0.003350	24.640000	-0.042400
0.003352	24.560000	-0.042400
0.003354	24.640000	-0.042000
0.003356	24.640000	-0.041200
0.003358	24.560000	-0.041600
0.003360	24.640000	-0.041600
0.003362	24.640000	-0.041600
0.003364	24.560000	-0.040800
0.003366	24.640000	-0.041200
0.003368	24.560000	-0.041600
0.003370	24.640000	-0.040800
0.003372	24.560000	-0.041600
0.003374	24.560000	-0.041200
0.003376	24.560000	-0.041600
0.003378	24.560000	-0.041200
0.003380	24.560000	-0.041200
0.003382	24.560000	-0.041600
0.003384	24.640000	-0.041600
0.003386	24.560000	-0.041200
0.003388	24.560000	-0.041600
0.003390	24.640000	-0.041200
0.003392	24.640000	-0.042000
0.003394	24.560000	-0.042400
0.003396	24.560000	-0.041600
0.003398	24.640000	-0.041200
0.003400	24.560000	-0.041600
0.003402	24.560000	-0.041600
0.003404	24.560000	-0.041600
0.003406	24.560000	-0.040800
0.003408	24.560000	-0.042000
0.003410	24.560000	-0.041200
0.003412	24.560000	-0.041600
0.003414	24.560000	-0.042400
0.003416	24.560000	-0.041600
0.003418	24.560000	-0.041600
0.003420	24.560000	-0.041200
0.003422	24.560000	-0.041600
0.003424	24.560000	-0.041200
0.003426	24.560000	-0.040800
0.003428	24.560000	-0.040800
0.003430	24.560000	-0.041600
0.003432	24.560000	-0.041200
0.003434	24.560000	-0.040800
0.003436	24.560000	-0.040800
0.003438	24.560000	-0.041600
0.003440	24.480000	-0.040800
0.003442	24.560000	-0.040400
0.003444	24.560000	-0.040400
0.003446	24.560000	-0.040400
0.003448	24.560000	-0.040800
0.003450	24.560000	-0.040400
0.003452	24.560000	-0.040800
0.003454	24.560000	-0.040400
0.003456	24.480000	-0.040400
0.003458	24.560000	-0.040400
0.003460	24.560000	-0.040000
0.003462	24.560000	-0.040400
0.003464	24.560000	-0.040400
0.003466	24.560000	-0.039600
0.003468	24.560000	-0.040800
0.003470	24.560000	-0.041200
0.003472	24.560000	-0.041200
0.003474	24.560000	-0.040000
0.003476	24.560000	-0.040400
0.003478	24.560000	-0.040000
0.003480	24.560000	-0.039600
0.003482	24.560000	-0.040000
0.003484	24.560000	-0.040400
0.003486	24.480000	-0.040000
0.003488	24.560000	-0.040000
0.003490	24.560000	-0.039600
0.003492	24.560000	-0.040400
0.003494	24.560000	-0.040000
0.003496	24.560000	-0.040000
0.003498	24.480000	-0.040000
0.003500	24.560000	-0.039600
0.003502	24.560000	-0.040000
0.003504	24.560000	-0.040000
0.003506	24.560000	-0.040800
0.003508	24.560000	-0.040000
0.003510	24.560000	-0.039200
0.003512	24.560000	-0.040000
0.003514	24.560000	-0.040000
0.003516	24.480000	-0.040000
0.003518	24.560000	-0.040000
0.003520	24.480000	-0.039200
0.003522	24.480000	-0.039600
0.003524	24.480000	-0.040000
0.003526	24.480000	-0.040000
0.003528	24.480000	-0.039600
0.003530	24.480000	-0.040000
0.003532	24.560000	-0.039600
0.003534	24.480000	-0.040400
0.003536	24.480000	-0.040000
0.003538	24.480000	-0.040000
0.003540	24.480000	-0.039200
0.003542	24.560000	-0.039600
0.003544	24.480000	-0.039600
0.003546	24.480000	-0.040000
0.003548	24.480000	-0.039600
0.003550	24.480000	-0.040000
0.003552	24.560000	-0.039600
0.003554	24.480000	-0.040000
0.003556	24.480000	-0.039200
0.003558	24.480000	-0.039600
0.003560	24.480000	-0.039200
0.003562	24.480000	-0.039600
0.003564	24.480000	-0.039200
0.003566	24.400000	-0.039200
0.003568	24.480000	-0.040000
0.003570	24.480000	-0.039200
0.003572	24.480000	-0.039200
0.003574	24.480000	-0.039200
0.003576	24.480000	-0.040000
0.003578	24.400000	-0.039600
0.003580	24.400000	-0.039600
0.003582	24.480000	-0.038800
0.003584	24.480000	-0.038800
0.003586	24.480000	-0.039600
0.003588	24.480000	-0.039200
0.003590	24.480000	-0.039200
0.003592	24.480000	-0.040000
0.003594	24.480000	-0.039200
0.003596	24.560000	-0.038800
0.003598	24.480000	-0.039600
0.003600	24.480000	-0.039200
0.003602	24.480000	-0.038800
0.003604	24.480000	-0.038800
0.003606	24.480000	-0.038800
0.003608	24.400000	-0.038800
0.003610	24.400000	-0.039200
0.003612	24.480000	-0.038800
0.003614	24.480000	-0.038800
0.003616	24.480000	-0.038800
0.003618	24.480000	-0.038800
0.003620	24.480000	-0.038400
0.003622	24.480000	-0.038800
0.003624	24.480000	-0.038800
0.003626	24.400000	-0.038800
0.003628	24.480000	-0.038800
0.003630	24.400000	-0.038400
0.003632	24.480000	-0.038800
0.003634	24.480000	-0.039200
0.003636	24.480000	-0.038400
0.003638	24.480000	-0.038800
0.003640	24.480000	-0.038800
0.003642	24.480000	-0.038800
0.003644	24.480000	-0.038000
0.003646	24.480000	-0.038400
0.003648	24.400000	-0.038400
0.003650	24.480000	-0.038400
0.003652	24.400000	-0.038800
0.003654	24.400000	-0.038000
0.003656	24.480000	-0.038000
0.003658	24.400000	-0.038000
0.003660	24.400000	-0.038000
0.003662	24.400000	-0.037600
0.003664	24.400000	-0.038000
0.003666	24.400000	-0.038400
0.003668	24.400000	-0.038400
0.003670	24.400000	-0.038000
0.003672	24.400000	-0.038000
0.003674	24.480000	-0.038400
0.003676	24.400000	-0.038000
0.003678	24.400000	-0.038000
0.003680	24.400000	-0.038000
0.003682	24.400000	-0.038000
0.003684	24.400000	-0.038400
0.003686	24.400000	-0.038000
0.003688	24.400000	-0.038400
0.003690	24.400000	-0.038000
0.003692	24.400000	-0.038400
0.003694	24.400000	-0.037600
0.003696	24.400000	-0.038400
0.003698	24.480000	-0.038000
0.003700	24.400000	-0.038000
0.003702	24.480000	-0.036800
0.003704	24.400000	-0.037200
0.003706	24.400000	-0.037600
0.003708	24.320000	-0.038000
0.003710	24.400000	-0.036800
0.003712	24.400000	-0.037200
0.003714	24.400000	-0.037200
0.003716	24.400000	-0.037200
0.003718	24.400000	-0.038000
0.003720	24.400000	-0.037200
0.003722	24.400000	-0.037600
0.003724	24.400000	-0.037200
0.003726	24.400000	-0.036800
0.003728	24.400000	-0.037200
0.003730	24.400000	-0.036800
0.003732	24.400000	-0.037200
0.003734	24.400000	-0.037600
0.003736	24.320000	-0.036800
0.003738	24.400000	-0.036800
0.003740	24.400000	-0.036800
0.003742	24.320000	-0.036800
0.003744	24.400000	-0.036400
0.003746	24.400000	-0.036400
0.003748	24.400000	-0.036400
0.003750	24.400000	-0.036800
0.003752	24.400000	-0.036800
0.003754	24.400000	-0.036400
0.003756	24.400000	-0.036800
0.003758	24.400000	-0.036800
0.003760	24.400000	-0.036000
0.003762	24.400000	-0.036800
0.003764	24.400000	-0.035600
0.003766	24.400000	-0.036400
0.003768	24.400000	-0.036400
0.003770	24.400000	-0.036000
0.003772	24.400000	-0.036000
0.003774	24.400000	-0.035600
0.003776	24.400000	-0.035600
0.003778	24.400000	-0.036400
0.003780	24.400000	-0.036000
0.003782	24.400000	-0.036400
0.003784	24.400000	-0.036000
0.003786	24.320000	-0.036400
0.003788	24.400000	-0.036400
0.003790	24.400000	-0.036400
0.003792	24.320000	-0.035600
0.003794	24.400000	-0.036400
0.003796	24.400000	-0.036000
0.003798	24.320000	-0.036800
0.003800	24.400000	-0.036000
0.003802	24.320000	-0.036000
0.003804	24.400000	-0.036400
0.003806	24.400000	-0.036400
0.003808	24.320000	-0.035200
0.003810	24.320000	-0.036000
0.003812	24.400000	-0.035600
0.003814	24.400000	-0.035600
0.003816	24.400000	-0.036000
0.003818	24.320000	-0.034800
0.003820	24.400000	-0.036000
0.003822	24.400000	-0.035200
0.003824	24.400000	-0.035600
0.003826	24.320000	-0.035200
0.003828	24.320000	-0.034800
0.003830	24.320000	-0.035200
0.003832	24.320000	-0.035200
0.003834	24.320000	-0.034800
0.003836	24.400000	-0.035200
0.003838	24.400000	-0.035600
0.003840	24.320000	-0.035200
0.003842	24.320000	-0.035200
0.003844	24.400000	-0.034400
0.003846	24.320000	-0.035600
0.003848	24.320000	-0.035200
0.003850	24.320000	-0.034400
0.003852	24.400000	-0.035200
0.003854	24.320000	-0.035200
0.003856	24.320000	-0.035200
0.003858	24.320000	-0.034800
0.003860	24.400000	-0.034800
0.003862	24.400000	-0.034800
0.003864	24.320000	-0.035200
0.003866	24.320000	-0.034400
0.003868	24.320000	-0.035200
0.003870	24.320000	-0.034800
0.003872	24.320000	-0.034400
0.003874	24.320000	-0.034800
0.003876	24.320000	-0.034400
0.003878	24.320000	-0.034400
0.003880	24.320000	-0.034000
0.003882	24.320000	-0.033600
0.003884	24.320000	-0.034000
0.003886	24.320000	-0.034800
0.003888	24.400000	-0.034000
0.003890	24.320000	-0.035200
0.003892	24.320000	-0.033600
0.003894	24.320000	-0.034000
0.003896	24.320000	-0.034400
0.003898	24.320000	-0.034000
0.003900	24.240000	-0.034400
0.003902	24.240000	-0.034000
0.003904	24.320000	-0.034000
0.003906	24.320000	-0.034400
0.003908	24.320000	-0.034800
0.003910	24.240000	-0.033200
0.003912	24.320000	-0.034400
0.003914	24.320000	-0.034000
0.003916	24.240000	-0.034400
0.003918	24.320000	-0.035200
0.003920	24.240000	-0.034000
0.003922	24.320000	-0.034000
0.003924	24.320000	-0.034000
0.003926	24.240000	-0.034800
0.003928	24.320000	-0.034000
0.003930	24.240000	-0.033600
0.003932	24.400000	-0.033200
0.003934	24.240000	-0.034400
0.003936	24.240000	-0.034400
0.003938	24.320000	-0.034000
0.003940	24.320000	-0.034000
0.003942	24.240000	-0.034000
0.003944	24.320000	-0.034000
0.003946	24.320000	-0.034000
0.003948	24.320000	-0.033600
0.003950	24.320000	-0.034000
0.003952	24.320000	-0.033600
0.003954	24.320000	-0.033600
0.003956	24.240000	-0.034000
0.003958	24.240000	-0.033600
0.003960	24.240000	-0.034400
0.003962	24.320000	-0.034000
0.003964	24.240000	-0.032800
0.003966	24.240000	-0.032800
0.003968	24.240000	-0.033200
0.003970	24.320000	-0.033200
0.003972	24.240000	-0.032800
0.003974	24.240000	-0.033200
0.003976	24.240000	-0.033200
0.003978	24.240000	-0.033600
0.003980	24.240000	-0.032400
0.003982	24.320000	-0.032800
0.003984	24.240000	-0.033200
0.003986	24.240000	-0.033600
0.003988	24.240000	-0.033200
0.003990	24.240000	-0.032400
0.003992	24.240000	-0.032800
0.003994	24.240000	-0.033600
0.003996	24.320000	-0.032400
0.003998	24.240000	-0.032000
0.004000	24.240000	-0.032800
0.004002	24.240000	-0.033200
0.004004	24.240000	-0.032400
0.004006	24.240000	-0.032000
0.004008	24.320000	-0.032800
0.004010	24.240000	-0.032400
0.004012	24.240000	-0.032400
0.004014	24.240000	-0.031200
0.004016	24.240000	-0.032000
0.004018	24.240000	-0.032000
0.004020	24.240000	-0.031600
0.004022	24.240000	-0.032000
0.004024	24.240000	-0.032400
0.004026	24.240000	-0.031600
0.004028	24.240000	-0.032400
0.004030	24.240000	-0.032400
0.004032	24.240000	-0.032400
0.004034	24.240000	-0.032400
0.004036	24.240000	-0.032400
0.004038	24.240000	-0.031600
0.004040	24.240000	-0.032400
0.004042	24.160000	-0.032800
0.004044	24.160000	-0.033200
0.004046	24.240000	-0.032000
0.004048	24.240000	-0.032000
0.004050	24.240000	-0.032400
0.004052	24.240000	-0.032400
0.004054	24.240000	-0.032000
0.004056	24.240000	-0.032000
0.004058	24.240000	-0.031600
0.004060	24.240000	-0.032000
0.004062	24.240000	-0.032000
0.004064	24.240000	-0.031200
0.004066	24.240000	-0.031600
0.004068	24.240000	-0.031200
0.004070	24.160000	-0.031600
0.004072	24.240000	-0.032000
0.004074	24.240000	-0.031200
0.004076	24.240000	-0.031600
0.004078	24.240000	-0.031600
0.004080	24.240000	-0.031200
0.004082	24.240000	-0.030800
0.004084	24.240000	-0.031200
0.004086	24.240000	-0.030800
0.004088	24.240000	-0.031200
0.004090	24.240000	-0.032000
0.004092	24.240000	-0.031600
0.004094	24.240000	-0.031200
0.004096	24.240000	-0.031200
0.004098	24.240000	-0.030800
0.004100	24.160000	-0.031600
0.004102	24.160000	-0.031600
0.004104	24.160000	-0.031600
0.004106	24.160000	-0.030800
0.004108	24.160000	-0.031200
0.004110	24.240000	-0.030400
0.004112	24.160000	-0.031200
0.004114	24.160000	-0.031600
0.004116	24.160000	-0.031200
0.004118	24.240000	-0.032000
0.004120	24.240000	-0.030800
0.004122	24.240000	-0.030800
0.004124	24.160000	-0.031600
0.004126	24.160000	-0.030800
0.004128	24.240000	-0.030000
0.004130	24.160000	-0.031200
0.004132	24.240000	-0.030800
0.004134	24.160000	-0.030800
0.004136	24.160000	-0.030800
0.004138	24.160000	-0.030800
0.004140	24.160000	-0.030800
0.004142	24.160000	-0.031200
0.004144	24.160000	-0.030800
0.004146	24.160000	-0.030400
0.004148	24.240000	-0.030000
0.004150	24.160000	-0.030800
0.004152	24.240000	-0.030800
0.004154	24.160000	-0.031200
0.004156	24.160000	-0.030400
0.004158	24.160000	-0.030400
0.004160	24.240000	-0.030800
0.004162	24.240000	-0.031200
0.004164	24.240000	-0.030800
0.004166	24.160000	-0.030000
0.004168	24.160000	-0.030000
0.004170	24.160000	-0.030000
0.004172	24.240000	-0.030400
0.004174	24.160000	-0.029600
0.004176	24.160000	-0.030000
0.004178	24.240000	-0.030000
0.004180	24.240000	-0.030400
0.004182	24.160000	-0.030000
0.004184	24.160000	-0.030000
0.004186	24.160000	-0.030000
0.004188	24.160000	-0.030400
0.004190	24.160000	-0.030400
0.004192	24.160000	-0.030400
0.004194	24.160000	-0.029600
0.004196	24.080000	-0.030000
0.004198	24.160000	-0.030800
0.004200	24.160000	-0.030000
0.004202	24.160000	-0.030800
0.004204	24.160000	-0.030400
0.004206	24.160000	-0.030000
0.004208	24.160000	-0.030000
0.004210	24.160000	-0.029600
0.004212	24.160000	-0.030000
0.004214	24.160000	-0.030000
0.004216	24.160000	-0.029600
0.004218	24.160000	-0.029600
0.004220	24.160000	-0.030000
0.004222	24.080000	-0.029600
0.004224	24.160000	-0.029600
0.004226	24.160000	-0.030000
0.004228	24.080000	-0.030000
0.004230	24.160000	-0.029600
0.004232	24.080000	-0.029200
0.004234	24.160000	-0.029200
0.004236	24.160000	-0.029600
0.004238	24.080000	-0.030000
0.004240	24.160000	-0.029200
0.004242	24.160000	-0.029600
0.004244	24.240000	-0.029600
0.004246	24.240000	-0.028800
0.004248	24.160000	-0.030000
0.004250	24.160000	-0.029200
0.004252	24.160000	-0.028800
0.004254	24.160000	-0.029200
0.004256	24.160000	-0.029200
0.004258	24.080000	-0.029200
0.004260	24.160000	-0.028800
0.004262	24.160000	-0.028800
0.004264	24.160000	-0.029200
0.004266	24.160000	-0.028800
0.004268	24.160000	-0.029200
0.004270	24.160000	-0.028400
0.004272	24.160000	-0.029200
0.004274	24.160000	-0.028400
0.004276	24.160000	-0.028000
0.004278	24.160000	-0.028000
0.004280	24.080000	-0.027600
0.004282	24.080000	-0.028000
0.004284	24.160000	-0.027200
0.004286	24.160000	-0.028800
0.004288	24.160000	-0.028400
0.004290	24.160000	-0.028400
0.004292	24.160000	-0.028400
0.004294	24.080000	-0.028800
0.004296	24.080000	-0.028800
0.004298	24.080000	-0.028000
0.004300	24.160000	-0.028000
0.004302	24.080000	-0.027600
0.004304	24.080000	-0.027200
0.004306	24.080000	-0.028000
0.004308	24.080000	-0.028400
0.004310	24.080000	-0.028000
0.004312	24.080000	-0.028000
0.004314	24.080000	-0.028400
0.004316	24.080000	-0.028000
0.004318	24.080000	-0.027600
0.004320	24.080000	-0.027600
0.004322	24.160000	-0.027200
0.004324	24.160000	-0.028000
0.004326	24.080000	-0.028400
0.004328	24.080000	-0.028000
0.004330	24.160000	-0.027200
0.004332	24.160000	-0.027200
0.004334	24.080000	-0.027200
0.004336	24.080000	-0.027600
0.004338	24.080000	-0.028000
0.004340	24.080000	-0.027200
0.004342	24.080000	-0.027600
0.004344	24.160000	-0.028400
0.004346	24.080000	-0.028000
0.004348	24.080000	-0.027600
0.004350	24.080000	-0.027200
0.004352	24.080000	-0.027600
0.004354	24.080000	-0.027200
0.004356	24.080000	-0.028000
0.004358	24.160000	-0.026800
0.004360	24.160000	-0.027600
0.004362	24.080000	-0.027600
0.004364	24.080000	-0.027200
0.004366	24.080000	-0.027200
0.004368	24.080000	-0.027200
0.004370	24.080000	-0.027200
0.004372	24.080000	-0.027200
0.004374	24.080000	-0.027200
0.004376	24.080000	-0.027200
0.004378	24.080000	-0.026800
0.004380	24.080000	-0.026800
0.004382	24.080000	-0.027200
0.004384	24.080000	-0.027200
0.004386	24.080000	-0.027600
0.004388	24.080000	-0.028000
0.004390	24.080000	-0.027200
0.004392	24.080000	-0.026800
0.004394	24.080000	-0.027600
0.004396	24.080000	-0.026800
0.004398	24.080000	-0.026400
0.004400	24.080000	-0.026800
0.004402	24.160000	-0.026800
0.004404	24.080000	-0.027200
0.004406	24.080000	-0.026400
0.004408	24.080000	-0.026800
0.004410	24.080000	-0.027200
0.004412	24.080000	-0.027200
0.004414	24.080000	-0.026400
0.004416	24.080000	-0.027600
0.004418	24.080000	-0.028000
0.004420	24.080000	-0.027200
0.004422	24.080000	-0.026800
0.004424	24.080000	-0.027600
0.004426	24.080000	-0.027600
0.004428	24.080000	-0.027200
0.004430	24.080000	-0.026400
0.004432	24.080000	-0.026400
0.004434	24.080000	-0.027200
0.004436	24.000000	-0.026400
0.004438	24.080000	-0.026800
0.004440	24.080000	-0.027200
0.004442	24.080000	-0.026800
0.004444	24.080000	-0.026400
0.004446	24.080000	-0.026800
0.004448	24.080000	-0.026400
0.004450	24.080000	-0.026400
0.004452	24.080000	-0.026000
0.004454	24.080000	-0.026400
0.004456	24.080000	-0.027200
0.004458	24.080000	-0.026800
0.004460	24.080000	-0.026000
0.004462	24.080000	-0.026400
0.004464	24.080000	-0.026000
0.004466	24.080000	-0.026400
0.004468	24.080000	-0.026400
0.004470	24.080000	-0.026000
0.004472	24.080000	-0.025600
0.004474	24.080000	-0.025600
0.004476	24.080000	-0.026000
0.004478	24.080000	-0.026400
0.004480	24.080000	-0.025600
0.004482	24.080000	-0.026000
0.004484	24.080000	-0.026400
0.004486	24.080000	-0.027200
0.004488	24.080000	-0.026000
0.004490	24.080000	-0.026000
0.004492	24.080000	-0.025600
0.004494	24.000000	-0.025200
0.004496	24.080000	-0.026000
0.004498	24.080000	-0.026000
0.004500	24.000000	-0.024800
0.004502	24.080000	-0.024800
0.004504	24.080000	-0.025200
0.004506	24.080000	-0.026000
0.004508	24.080000	-0.025200
0.004510	24.080000	-0.025200
0.004512	24.080000	-0.025600
0.004514	24.080000	-0.025200
0.004516	24.000000	-0.025600
0.004518	24.000000	-0.024800
0.004520	24.080000	-0.026000
0.004522	24.000000	-0.025600
0.004524	24.000000	-0.025200
0.004526	24.000000	-0.024800
0.004528	24.000000	-0.024800
0.004530	24.080000	-0.025600
0.004532	24.000000	-0.024800
0.004534	24.000000	-0.024800
0.004536	24.080000	-0.024800
0.004538	24.000000	-0.024800
0.004540	24.000000	-0.025600
0.004542	24.000000	-0.025200
0.004544	24.000000	-0.025200
0.004546	24.080000	-0.025200
0.004548	24.000000	-0.024800
0.004550	24.000000	-0.025200
0.004552	24.080000	-0.024800
0.004554	24.080000	-0.025600
0.004556	24.000000	-0.024800
0.004558	24.000000	-0.024800
0.004560	24.000000	-0.024800
0.004562	24.000000	-0.025200
0.004564	24.000000	-0.024800
0.004566	24.000000	-0.024400
0.004568	24.000000	-0.025200
0.004570	24.000000	-0.024800
0.004572	24.080000	-0.024800
0.004574	24.000000	-0.024800
0.004576	23.920000	-0.025200
0.004578	24.080000	-0.024800
0.004580	23.920000	-0.024800
0.004582	24.000000	-0.025600
0.004584	24.080000	-0.025200
0.004586	24.080000	-0.024800
0.004588	24.080000	-0.024400
0.004590	24.000000	-0.024800
0.004592	24.000000	-0.024000
0.004594	24.000000	-0.024800
0.004596	24.000000	-0.024800
0.004598	24.000000	-0.024400
0.004600	24.000000	-0.024400
0.004602	24.000000	-0.024400
0.004604	24.000000	-0.024400
0.004606	24.000000	-0.024400
0.004608	23.920000	-0.023600
0.004610	24.000000	-0.023600
0.004612	24.000000	-0.024400
0.004614	24.000000	-0.024800
0.004616	24.000000	-0.024400
0.004618	24.000000	-0.023600
0.004620	24.000000	-0.024400
0.004622	24.000000	-0.024800
0.004624	24.000000	-0.024400
0.004626	23.920000	-0.024400
0.004628	24.000000	-0.024400
0.004630	24.000000	-0.024000
0.004632	24.000000	-0.023600
0.004634	24.000000	-0.023600
0.004636	23.920000	-0.023600
0.004638	24.000000	-0.023600
0.004640	24.000000	-0.024400
0.004642	24.000000	-0.023600
0.004644	24.000000	-0.024400
0.004646	24.000000	-0.023600
0.004648	24.000000	-0.024400
0.004650	24.000000	-0.023600
0.004652	24.000000	-0.024400
0.004654	24.000000	-0.024000
0.004656	23.920000	-0.024000
0.004658	24.080000	-0.024400
0.004660	23.920000	-0.024000
0.004662	23.920000	-0.023600
0.004664	24.000000	-0.023200
0.004666	24.080000	-0.024000
0.004668	24.000000	-0.023200
0.004670	23.920000	-0.023600
0.004672	24.000000	-0.023200
0.004674	24.000000	-0.023600
0.004676	24.000000	-0.024400
0.004678	24.000000	-0.023600
0.004680	24.000000	-0.023600
0.004682	23.920000	-0.022800
0.004684	24.000000	-0.023200
0.004686	24.000000	-0.023200
0.004688	24.000000	-0.022800
0.004690	24.000000	-0.023200
0.004692	23.920000	-0.023200
0.004694	23.920000	-0.023600
0.004696	23.920000	-0.022800
0.004698	24.000000	-0.022800
0.004700	23.920000	-0.023200
0.004702	23.920000	-0.022400
0.004704	24.000000	-0.023200
0.004706	23.920000	-0.022800
0.004708	23.920000	-0.023200
0.004710	24.000000	-0.022800
0.004712	24.000000	-0.023200
0.004714	23.920000	-0.022400
0.004716	23.920000	-0.023600
0.004718	23.920000	-0.023600
0.004720	24.000000	-0.022800
0.004722	23.920000	-0.022800
0.004724	24.000000	-0.022800
0.004726	23.920000	-0.023200
0.004728	23.920000	-0.023200
0.004730	23.920000	-0.022400
0.004732	23.920000	-0.022400
0.004734	23.920000	-0.023200
0.004736	23.920000	-0.022400
0.004738	24.000000	-0.022800
0.004740	23.920000	-0.023200
0.004742	23.920000	-0.023200
0.004744	23.920000	-0.022800
0.004746	24.000000	-0.023600
0.004748	23.920000	-0.023200
0.004750	23.920000	-0.023600
0.004752	23.920000	-0.023200
0.004754	23.920000	-0.023200
0.004756	23.920000	-0.022400
0.004758	23.920000	-0.023200
0.004760	23.920000	-0.022800
0.004762	23.920000	-0.023200
0.004764	23.920000	-0.023600
0.004766	23.920000	-0.022800
0.004768	23.920000	-0.022400
0.004770	23.920000	-0.022800
0.004772	23.920000	-0.022800
0.004774	23.920000	-0.023200
0.004776	23.920000	-0.022400
0.004778	23.920000	-0.022400
0.004780	23.920000	-0.022800
0.004782	23.920000	-0.022800
0.004784	23.920000	-0.022000
0.004786	23.920000	-0.022400
0.004788	23.920000	-0.022800
0.004790	23.920000	-0.022000
0.004792	23.920000	-0.022400
0.004794	23.920000	-0.022400
0.004796	23.920000	-0.022800
0.004798	23.920000	-0.022000
0.004800	23.920000	-0.022400
0.004802	23.920000	-0.022000
0.004804	23.920000	-0.021200
0.004806	23.920000	-0.022000
0.004808	23.920000	-0.022000
0.004810	23.920000	-0.020800
0.004812	23.920000	-0.020800
0.004814	23.920000	-0.021600
0.004816	23.920000	-0.020800
0.004818	23.920000	-0.021600
0.004820	23.920000	-0.022000
0.004822	23.920000	-0.022400
0.004824	23.920000	-0.021600
0.004826	23.920000	-0.021600
0.004828	23.920000	-0.021600
0.004830	23.920000	-0.021600
0.004832	23.920000	-0.020000
0.004834	23.920000	-0.021200
0.004836	23.920000	-0.020800
0.004838	23.920000	-0.020800
0.004840	23.920000	-0.020800
0.004842	23.920000	-0.020800
0.004844	23.920000	-0.021200
0.004846	23.920000	-0.020400
0.004848	23.920000	-0.021200
0.004850	23.920000	-0.020800
0.004852	23.920000	-0.020800
0.004854	23.920000	-0.020800
0.004856	23.840000	-0.020800
0.004858	23.920000	-0.021200
0.004860	23.920000	-0.021200
0.004862	23.920000	-0.021200
0.004864	23.920000	-0.021200
0.004866	23.920000	-0.020800
0.004868	23.840000	-0.021200
0.004870	23.920000	-0.021200
0.004872	23.920000	-0.021200
0.004874	23.920000	-0.020800
0.004876	23.920000	-0.020400
0.004878	23.920000	-0.020400
0.004880	23.920000	-0.021200
0.004882	23.920000	-0.020400
0.004884	23.920000	-0.021200
0.004886	23.920000	-0.020800
0.004888	23.920000	-0.020800
0.004890	23.840000	-0.021200
0.004892	23.920000	-0.020400
0.004894	23.920000	-0.021600
0.004896	23.920000	-0.020800
0.004898	23.920000	-0.020800
0.004900	23.920000	-0.021600
0.004902	23.920000	-0.021600
0.004904	23.920000	-0.020800
0.004906	23.920000	-0.020800
0.004908	23.840000	-0.021600
0.004910	23.920000	-0.020800
0.004912	23.920000	-0.020400
0.004914	23.840000	-0.020400
0.004916	23.840000	-0.020800
0.004918	23.920000	-0.020400
0.004920	23.920000	-0.020400
0.004922	23.840000	-0.021200
0.004924	23.840000	-0.020800
0.004926	23.920000	-0.021200
0.004928	23.840000	-0.021200
0.004930	23.920000	-0.020800
0.004932	23.920000	-0.021200
0.004934	23.840000	-0.021600
0.004936	23.840000	-0.020400
0.004938	23.920000	-0.021600
0.004940	23.920000	-0.020800
0.004942	23.840000	-0.020800
0.004944	23.920000	-0.020800
0.004946	23.920000	-0.020800
0.004948	23.840000	-0.020800
0.004950	23.920000	-0.020800
0.004952	23.840000	-0.020000
0.004954	23.920000	-0.020400
0.004956	23.840000	-0.020000
0.004958	23.840000	-0.020800
0.004960	23.840000	-0.020800
0.004962	23.840000	-0.020800
0.004964	23.840000	-0.020400
0.004966	23.840000	-0.021200
0.004968	23.840000	-0.020400
0.004970	23.840000	-0.020800
0.004972	23.920000	-0.020000
0.004974	23.840000	-0.020400
0.004976	23.840000	-0.020400
0.004978	23.920000	-0.020400
0.004980	23.840000	-0.020400
0.004982	23.840000	-0.020400
0.004984	23.840000	-0.020400
0.004986	23.840000	-0.020000
0.004988	23.840000	-0.019600
0.004990	23.840000	-0.020000
0.004992	23.840000	-0.020800
0.004994	23.920000	-0.020000
0.004996	23.840000	-0.020400
0.004998	23.840000	-0.020000
