0.000000	9.840000	0.008000
1.000000E-5	9.840000	0.007200
2.000000E-5	9.840000	0.007200
3.000000E-5	9.840000	0.007200
4.000000E-5	9.840000	0.008000
5.000000E-5	9.840000	0.008000
6.000000E-5	9.840000	0.008000
7.000000E-5	9.840000	0.007200
8.000000E-5	9.840000	0.008000
9.000000E-5	9.840000	0.008000
0.000100	9.840000	0.008000
0.000110	9.840000	0.008800
0.000120	9.840000	0.007200
0.000130	9.840000	0.008000
0.000140	9.840000	0.008000
0.000150	9.840000	0.008800
0.000160	9.840000	0.008000
0.000170	9.840000	0.007200
0.000180	9.840000	0.008000
0.000190	9.840000	0.008000
0.000200	9.840000	0.008000
0.000210	9.840000	0.008000
0.000220	9.840000	0.008000
0.000230	9.840000	0.007200
0.000240	9.840000	0.007200
0.000250	9.840000	0.008000
0.000260	9.840000	0.007200
0.000270	9.840000	0.007200
0.000280	9.840000	0.008000
0.000290	9.840000	0.008000
0.000300	9.840000	0.008000
0.000310	9.840000	0.007200
0.000320	9.840000	0.008800
0.000330	9.840000	0.008800
0.000340	9.840000	0.008800
0.000350	9.840000	0.008800
0.000360	9.840000	0.008800
0.000370	9.840000	0.008000
0.000380	9.840000	0.008800
0.000390	9.840000	0.008800
0.000400	9.840000	0.008000
0.000410	9.840000	0.008800
0.000420	9.840000	0.008800
0.000430	9.840000	0.008000
0.000440	9.840000	0.008000
0.000450	9.840000	0.008000
0.000460	9.840000	0.008000
0.000470	9.840000	0.008000
0.000480	9.840000	0.008000
0.000490	9.840000	0.008000
0.000500	9.840000	0.008000
0.000510	9.840000	0.008800
0.000520	9.840000	0.008800
0.000530	9.840000	0.008000
0.000540	9.840000	0.008000
0.000550	9.840000	0.008800
0.000560	9.840000	0.007200
0.000570	9.840000	0.008000
0.000580	9.840000	0.008000
0.000590	9.840000	0.008000
0.000600	9.840000	0.008000
0.000610	9.840000	0.008000
0.000620	9.840000	0.008800
0.000630	9.840000	0.008000
0.000640	9.840000	0.008000
0.000650	9.840000	0.008000
0.000660	9.840000	0.008800
0.000670	9.840000	0.008800
0.000680	9.840000	0.008800
0.000690	9.840000	0.008000
0.000700	9.840000	0.009600
0.000710	9.840000	0.008800
0.000720	9.840000	0.008800
0.000730	9.840000	0.008800
0.000740	9.840000	0.008000
0.000750	9.840000	0.008000
0.000760	9.840000	0.008000
0.000770	9.840000	0.008000
0.000780	9.840000	0.008000
0.000790	9.840000	0.009600
0.000800	9.840000	0.008000
0.000810	9.840000	0.008800
0.000820	9.840000	0.008000
0.000830	9.840000	0.008800
0.000840	9.840000	0.008000
0.000850	9.840000	0.008800
0.000860	9.840000	0.008800
0.000870	9.840000	0.008800
0.000880	9.840000	0.007200
0.000890	9.840000	0.008800
0.000900	9.840000	0.008800
0.000910	9.840000	0.009600
0.000920	9.840000	0.008800
0.000930	9.840000	0.008800
0.000940	9.840000	0.008800
0.000950	9.840000	0.009600
0.000960	9.840000	0.008000
0.000970	9.840000	0.008800
0.000980	9.840000	0.008800
0.000990	9.840000	0.008000
0.001000	9.840000	0.009600
0.001010	9.840000	0.008800
0.001020	9.840000	0.008800
0.001030	9.840000	0.008800
0.001040	9.840000	0.008800
0.001050	9.840000	0.008800
0.001060	9.840000	0.008800
0.001070	9.840000	0.008000
0.001080	9.840000	0.008800
0.001090	9.840000	0.008000
0.001100	9.840000	0.008000
0.001110	9.840000	0.008800
0.001120	9.840000	0.008000
0.001130	9.840000	0.008800
0.001140	9.840000	0.008000
0.001150	9.840000	0.008800
0.001160	9.840000	0.008800
0.001170	9.840000	0.009600
0.001180	9.840000	0.009600
0.001190	9.840000	0.009600
0.001200	9.840000	0.008800
0.001210	9.840000	0.008800
0.001220	9.840000	0.008800
0.001230	9.840000	0.008800
0.001240	9.840000	0.008800
0.001250	9.840000	0.008000
0.001260	9.840000	0.008000
0.001270	9.840000	0.008000
0.001280	9.840000	0.009600
0.001290	9.840000	0.008800
0.001300	9.840000	0.008800
0.001310	9.840000	0.008800
0.001320	9.840000	0.008800
0.001330	9.840000	0.008800
0.001340	9.840000	0.009600
0.001350	9.840000	0.008800
0.001360	9.840000	0.008800
0.001370	9.840000	0.008800
0.001380	9.840000	0.008800
0.001390	9.840000	0.008800
0.001400	9.840000	0.008800
0.001410	9.840000	0.008800
0.001420	9.840000	0.008800
0.001430	9.840000	0.008800
0.001440	9.840000	0.008800
0.001450	9.840000	0.008800
0.001460	9.840000	0.008800
0.001470	9.840000	0.008800
0.001480	9.840000	0.008800
0.001490	9.840000	0.008800
0.001500	9.840000	0.008800
0.001510	9.840000	0.008800
0.001520	9.840000	0.008000
0.001530	9.840000	0.008800
0.001540	9.840000	0.008800
0.001550	9.840000	0.008000
0.001560	9.840000	0.009600
0.001570	9.840000	0.008000
0.001580	9.840000	0.008000
0.001590	9.840000	0.008800
0.001600	9.840000	0.008800
0.001610	9.840000	0.008800
0.001620	9.840000	0.009600
0.001630	9.840000	0.009600
0.001640	9.840000	0.008800
0.001650	9.840000	0.009600
0.001660	9.840000	0.008800
0.001670	9.840000	0.009600
0.001680	9.840000	0.008800
0.001690	9.840000	0.008800
0.001700	9.840000	0.008800
0.001710	9.840000	0.008800
0.001720	9.840000	0.008800
0.001730	9.840000	0.008800
0.001740	9.840000	0.008800
0.001750	9.840000	0.008800
0.001760	9.840000	0.008800
0.001770	9.840000	0.008800
0.001780	9.840000	0.008800
0.001790	9.840000	0.009600
0.001800	9.840000	0.008800
0.001810	9.840000	0.008800
0.001820	9.840000	0.008000
0.001830	9.840000	0.008800
0.001840	9.840000	0.008000
0.001850	9.840000	0.008800
0.001860	9.840000	0.008800
0.001870	9.840000	0.008800
0.001880	9.840000	0.008800
0.001890	9.840000	0.009600
0.001900	9.840000	0.008800
0.001910	9.840000	0.008800
0.001920	9.840000	0.008800
0.001930	9.840000	0.008800
0.001940	9.840000	0.008800
0.001950	9.840000	0.008800
0.001960	9.840000	0.008800
0.001970	9.840000	0.008800
0.001980	9.840000	0.009600
0.001990	9.840000	0.008800
0.002000	9.840000	0.009600
0.002010	9.840000	0.009600
0.002020	9.840000	0.009600
0.002030	9.840000	0.008800
0.002040	9.840000	0.008800
0.002050	9.840000	0.008800
0.002060	9.840000	0.008800
0.002070	9.840000	0.008800
0.002080	9.840000	0.008800
0.002090	9.840000	0.008800
0.002100	9.840000	0.008800
0.002110	9.840000	0.008800
0.002120	9.840000	0.008800
0.002130	9.840000	0.008800
0.002140	9.840000	0.009600
0.002150	9.840000	0.009600
0.002160	9.840000	0.008800
0.002170	9.840000	0.008800
0.002180	9.840000	0.008800
0.002190	9.840000	0.009600
0.002200	9.840000	0.009600
0.002210	9.840000	0.009600
0.002220	9.840000	0.009600
0.002230	9.840000	0.009600
0.002240	9.840000	0.009600
0.002250	9.840000	0.009600
0.002260	9.840000	0.008800
0.002270	9.840000	0.008800
0.002280	9.840000	0.009600
0.002290	9.840000	0.008800
0.002300	9.840000	0.008000
0.002310	9.840000	0.009600
0.002320	9.840000	0.009600
0.002330	9.840000	0.009600
0.002340	9.840000	0.008800
0.002350	9.840000	0.009600
0.002360	9.840000	0.008000
0.002370	9.840000	0.008800
0.002380	9.840000	0.008800
0.002390	9.840000	0.009600
0.002400	9.840000	0.009600
0.002410	9.840000	0.008800
0.002420	9.840000	0.009600
0.002430	9.840000	0.009600
0.002440	9.840000	0.008800
0.002450	9.840000	0.009600
0.002460	9.840000	0.008800
0.002470	9.840000	0.009600
0.002480	9.840000	0.009600
0.002490	9.840000	0.009600
0.002500	9.840000	0.009600
0.002510	9.840000	0.009600
0.002520	9.840000	0.009600
0.002530	9.840000	0.009600
0.002540	9.840000	0.008000
0.002550	9.840000	0.008000
0.002560	9.840000	0.008000
0.002570	9.840000	0.008800
0.002580	9.840000	0.008800
0.002590	9.840000	0.008000
0.002600	9.840000	0.008800
0.002610	9.840000	0.009600
0.002620	9.840000	0.009600
0.002630	9.840000	0.009600
0.002640	9.840000	0.008800
0.002650	9.840000	0.009600
0.002660	9.840000	0.009600
0.002670	9.840000	0.009600
0.002680	9.840000	0.009600
0.002690	9.840000	0.009600
0.002700	9.840000	0.008800
0.002710	9.840000	0.008800
0.002720	9.840000	0.008800
0.002730	9.840000	0.009600
0.002740	9.840000	0.009600
0.002750	9.840000	0.009600
0.002760	9.840000	0.009600
0.002770	9.840000	0.009600
0.002780	9.840000	0.009600
0.002790	9.840000	0.008800
0.002800	9.840000	0.008800
0.002810	9.840000	0.008800
0.002820	9.840000	0.008800
0.002830	9.840000	0.008800
0.002840	9.840000	0.008800
0.002850	9.840000	0.008800
0.002860	9.840000	0.009600
0.002870	9.840000	0.008800
0.002880	9.840000	0.009600
0.002890	9.840000	0.008800
0.002900	9.840000	0.009600
0.002910	9.840000	0.009600
0.002920	9.840000	0.008800
0.002930	9.840000	0.008800
0.002940	9.840000	0.009600
0.002950	9.840000	0.009600
0.002960	9.840000	0.009600
0.002970	9.840000	0.009600
0.002980	9.840000	0.009600
0.002990	9.840000	0.009600
0.003000	9.840000	0.008800
0.003010	9.840000	0.009600
0.003020	9.840000	0.008800
0.003030	9.840000	0.008000
0.003040	9.840000	0.008800
0.003050	9.840000	0.008800
0.003060	9.840000	0.008800
0.003070	9.840000	0.008800
0.003080	9.840000	0.009600
0.003090	9.840000	0.008800
0.003100	9.840000	0.008800
0.003110	9.840000	0.008800
0.003120	9.840000	0.008800
0.003130	9.840000	0.009600
0.003140	9.840000	0.008800
0.003150	9.840000	0.009600
0.003160	9.840000	0.009600
0.003170	9.840000	0.009600
0.003180	9.840000	0.010400
0.003190	9.840000	0.008800
0.003200	9.840000	0.009600
0.003210	9.840000	0.009600
0.003220	9.840000	0.009600
0.003230	9.840000	0.008800
0.003240	9.840000	0.009600
0.003250	9.840000	0.009600
0.003260	9.840000	0.009600
0.003270	9.840000	0.009600
0.003280	9.840000	0.008800
0.003290	9.840000	0.008800
0.003300	9.840000	0.008800
0.003310	9.840000	0.009600
0.003320	9.840000	0.008800
0.003330	9.840000	0.008800
0.003340	9.840000	0.009600
0.003350	9.840000	0.009600
0.003360	9.840000	0.009600
0.003370	9.840000	0.008800
0.003380	9.840000	0.009600
0.003390	9.840000	0.009600
0.003400	9.840000	0.009600
0.003410	9.840000	0.009600
0.003420	9.840000	0.009600
0.003430	9.840000	0.009600
0.003440	9.840000	0.010400
0.003450	9.840000	0.009600
0.003460	9.840000	0.008800
0.003470	9.840000	0.008800
0.003480	9.840000	0.009600
0.003490	9.840000	0.008800
0.003500	9.840000	0.008800
0.003510	9.840000	0.009600
0.003520	9.840000	0.009600
0.003530	9.840000	0.009600
0.003540	9.840000	0.009600
0.003550	9.840000	0.009600
0.003560	9.840000	0.010400
0.003570	9.840000	0.009600
0.003580	9.840000	0.009600
0.003590	9.840000	0.009600
0.003600	9.840000	0.008800
0.003610	9.840000	0.008800
0.003620	9.840000	0.009600
0.003630	9.840000	0.009600
0.003640	9.840000	0.009600
0.003650	9.840000	0.009600
0.003660	9.840000	0.009600
0.003670	9.840000	0.008800
0.003680	9.840000	0.009600
0.003690	9.840000	0.010400
0.003700	9.840000	0.009600
0.003710	9.840000	0.008800
0.003720	9.840000	0.008000
0.003730	9.840000	0.009600
0.003740	9.840000	0.009600
0.003750	9.840000	0.009600
0.003760	9.840000	0.008800
0.003770	9.840000	0.008800
0.003780	9.840000	0.008800
0.003790	9.840000	0.009600
0.003800	9.840000	0.010400
0.003810	9.840000	0.009600
0.003820	9.840000	0.009600
0.003830	9.840000	0.009600
0.003840	9.840000	0.009600
0.003850	9.840000	0.009600
0.003860	9.840000	0.009600
0.003870	9.840000	0.009600
0.003880	9.840000	0.009600
0.003890	9.840000	0.008800
0.003900	9.840000	0.009600
0.003910	9.840000	0.010400
0.003920	9.840000	0.010400
0.003930	9.840000	0.009600
0.003940	9.840000	0.009600
0.003950	9.840000	0.010400
0.003960	9.840000	0.009600
0.003970	9.840000	0.009600
0.003980	9.840000	0.009600
0.003990	9.840000	0.009600
0.004000	9.840000	0.009600
0.004010	9.840000	0.010400
0.004020	9.840000	0.010400
0.004030	9.840000	0.010400
0.004040	9.840000	0.010400
0.004050	9.840000	0.009600
0.004060	9.840000	0.009600
0.004070	9.840000	0.010400
0.004080	9.840000	0.009600
0.004090	9.840000	0.009600
0.004100	9.840000	0.009600
0.004110	9.840000	0.008800
0.004120	9.840000	0.009600
0.004130	9.840000	0.009600
0.004140	9.840000	0.009600
0.004150	9.840000	0.009600
0.004160	9.840000	0.009600
0.004170	9.840000	0.009600
0.004180	9.840000	0.009600
0.004190	9.840000	0.010400
0.004200	9.840000	0.009600
0.004210	9.840000	0.009600
0.004220	9.840000	0.010400
0.004230	9.840000	0.010400
0.004240	9.840000	0.009600
0.004250	9.840000	0.010400
0.004260	9.840000	0.010400
0.004270	9.840000	0.009600
0.004280	9.840000	0.009600
0.004290	9.840000	0.010400
0.004300	9.840000	0.009600
0.004310	9.840000	0.009600
0.004320	9.840000	0.010400
0.004330	9.840000	0.009600
0.004340	9.840000	0.010400
0.004350	9.840000	0.010400
0.004360	9.840000	0.010400
0.004370	9.840000	0.009600
0.004380	9.840000	0.010400
0.004390	9.840000	0.008800
0.004400	9.840000	0.009600
0.004410	9.840000	0.009600
0.004420	9.840000	0.010400
0.004430	9.840000	0.010400
0.004440	9.840000	0.010400
0.004450	9.840000	0.011200
0.004460	9.840000	0.010400
0.004470	9.840000	0.010400
0.004480	9.840000	0.010400
0.004490	9.840000	0.009600
0.004500	9.840000	0.009600
0.004510	9.840000	0.009600
0.004520	9.840000	0.010400
0.004530	9.840000	0.009600
0.004540	9.840000	0.010400
0.004550	9.840000	0.009600
0.004560	9.840000	0.009600
0.004570	9.840000	0.009600
0.004580	9.840000	0.010400
0.004590	9.840000	0.009600
0.004600	9.840000	0.010400
0.004610	9.840000	0.009600
0.004620	9.840000	0.010400
0.004630	9.840000	0.009600
0.004640	9.840000	0.010400
0.004650	9.840000	0.009600
0.004660	9.840000	0.009600
0.004670	9.840000	0.009600
0.004680	9.840000	0.010400
0.004690	9.840000	0.011200
0.004700	9.840000	0.010400
0.004710	9.840000	0.010400
0.004720	9.840000	0.010400
0.004730	9.840000	0.010400
0.004740	9.840000	0.010400
0.004750	9.840000	0.010400
0.004760	9.840000	0.009600
0.004770	9.840000	0.010400
0.004780	9.840000	0.010400
0.004790	9.840000	0.009600
0.004800	9.840000	0.009600
0.004810	9.840000	0.009600
0.004820	9.840000	0.010400
0.004830	9.840000	0.010400
0.004840	9.840000	0.009600
0.004850	9.840000	0.009600
0.004860	9.840000	0.010400
0.004870	9.840000	0.009600
0.004880	9.840000	0.009600
0.004890	9.840000	0.010400
0.004900	9.840000	0.009600
0.004910	9.840000	0.009600
0.004920	9.840000	0.009600
0.004930	9.840000	0.009600
0.004940	9.840000	0.011200
0.004950	9.840000	0.010400
0.004960	9.840000	0.009600
0.004970	9.840000	0.010400
0.004980	9.840000	0.010400
0.004990	9.840000	0.010400
0.005000	9.840000	0.010400
0.005010	9.840000	0.009600
0.005020	9.840000	0.009600
0.005030	9.840000	0.010400
0.005040	9.840000	0.010400
0.005050	9.840000	0.011200
0.005060	9.840000	0.009600
0.005070	9.840000	0.009600
0.005080	9.840000	0.009600
0.005090	9.840000	0.010400
0.005100	22.960000	0.009600
0.005110	27.120000	0.010400
0.005120	27.200000	0.009600
0.005130	27.200000	0.009600
0.005140	27.280000	0.010400
0.005150	27.200000	0.009600
0.005160	27.200000	0.010400
0.005170	27.200000	0.009600
0.005180	27.120000	0.009600
0.005190	27.200000	0.010400
0.005200	27.120000	0.009600
0.005210	27.120000	0.010400
0.005220	27.120000	0.010400
0.005230	27.040000	0.009600
0.005240	27.040000	0.009600
0.005250	26.960000	0.010400
0.005260	26.960000	0.010400
0.005270	26.960000	0.010400
0.005280	26.960000	0.010400
0.005290	26.960000	0.009600
0.005300	26.880000	0.009600
0.005310	26.880000	0.011200
0.005320	26.880000	0.010400
0.005330	26.800000	0.010400
0.005340	26.800000	0.009600
0.005350	26.720000	0.008800
0.005360	26.720000	0.009600
0.005370	26.800000	0.009600
0.005380	26.800000	0.010400
0.005390	26.800000	0.011200
0.005400	26.720000	0.009600
0.005410	26.640000	0.010400
0.005420	26.640000	0.010400
0.005430	26.640000	0.010400
0.005440	26.640000	0.010400
0.005450	26.560000	0.009600
0.005460	26.640000	0.009600
0.005470	26.560000	0.010400
0.005480	26.560000	0.011200
0.005490	26.560000	0.010400
0.005500	26.560000	0.009600
0.005510	26.560000	0.011200
0.005520	26.560000	0.010400
0.005530	26.480000	0.010400
0.005540	26.480000	0.010400
0.005550	26.480000	0.010400
0.005560	26.480000	0.009600
0.005570	26.400000	0.010400
0.005580	26.400000	0.009600
0.005590	26.320000	0.010400
0.005600	26.400000	0.010400
0.005610	26.320000	0.010400
0.005620	26.320000	0.010400
0.005630	26.320000	0.010400
0.005640	26.320000	0.010400
0.005650	26.240000	0.009600
0.005660	26.240000	0.010400
0.005670	26.240000	0.010400
0.005680	26.240000	0.009600
0.005690	26.240000	0.009600
0.005700	26.240000	0.010400
0.005710	26.240000	0.009600
0.005720	26.160000	0.011200
0.005730	26.160000	0.009600
0.005740	26.160000	0.010400
0.005750	26.160000	0.009600
0.005760	26.160000	0.009600
0.005770	26.160000	0.010400
0.005780	26.080000	0.011200
0.005790	26.080000	0.011200
0.005800	26.080000	0.010400
0.005810	26.080000	0.011200
0.005820	26.000000	0.010400
0.005830	26.000000	0.010400
0.005840	26.000000	0.009600
0.005850	26.000000	0.009600
0.005860	26.000000	0.009600
0.005870	26.000000	0.009600
0.005880	26.000000	0.010400
0.005890	26.000000	0.009600
0.005900	25.920000	0.010400
0.005910	25.920000	0.009600
0.005920	25.920000	0.009600
0.005930	25.920000	0.009600
0.005940	25.840000	0.009600
0.005950	25.920000	0.010400
0.005960	25.840000	0.009600
0.005970	25.920000	0.009600
0.005980	25.840000	0.010400
0.005990	25.840000	0.010400
0.006000	25.840000	0.009600
0.006010	25.840000	0.009600
0.006020	25.840000	0.009600
0.006030	25.840000	0.009600
0.006040	25.760000	0.009600
0.006050	25.840000	0.010400
0.006060	25.760000	0.010400
0.006070	25.760000	0.009600
0.006080	25.760000	0.009600
0.006090	25.760000	0.010400
0.006100	25.760000	0.010400
0.006110	25.680000	0.009600
0.006120	25.680000	0.009600
0.006130	25.680000	0.008800
0.006140	25.760000	0.010400
0.006150	25.680000	0.009600
0.006160	25.680000	0.009600
0.006170	25.760000	0.010400
0.006180	25.680000	0.009600
0.006190	25.600000	0.009600
0.006200	25.600000	0.009600
0.006210	25.600000	0.010400
0.006220	25.680000	0.010400
0.006230	25.680000	0.009600
0.006240	25.600000	0.009600
0.006250	25.600000	0.010400
0.006260	25.600000	0.011200
0.006270	25.600000	0.010400
0.006280	25.600000	0.009600
0.006290	25.520000	0.009600
0.006300	25.520000	0.010400
0.006310	25.520000	0.010400
0.006320	25.520000	0.010400
0.006330	25.520000	0.009600
0.006340	25.520000	0.009600
0.006350	25.520000	0.009600
0.006360	25.520000	0.009600
0.006370	25.440000	0.009600
0.006380	25.440000	0.009600
0.006390	25.520000	0.009600
0.006400	25.440000	0.009600
0.006410	25.440000	0.008800
0.006420	25.440000	0.009600
0.006430	25.360000	0.009600
0.006440	25.360000	0.009600
0.006450	25.440000	0.009600
0.006460	25.440000	0.009600
0.006470	25.360000	0.009600
0.006480	25.360000	0.009600
0.006490	25.360000	0.010400
0.006500	25.360000	0.009600
0.006510	25.360000	0.009600
0.006520	25.280000	0.009600
0.006530	25.280000	0.010400
0.006540	25.360000	0.010400
0.006550	25.280000	0.009600
0.006560	25.280000	0.008800
0.006570	25.280000	0.009600
0.006580	25.360000	0.010400
0.006590	25.280000	0.010400
0.006600	25.280000	0.009600
0.006610	25.280000	0.009600
0.006620	25.280000	0.010400
0.006630	25.280000	0.009600
0.006640	25.280000	0.009600
0.006650	25.200000	0.009600
0.006660	25.200000	0.009600
0.006670	25.200000	0.009600
0.006680	25.200000	0.009600
0.006690	25.280000	0.008800
0.006700	25.200000	0.009600
0.006710	25.200000	0.009600
0.006720	25.200000	0.010400
0.006730	25.200000	0.008800
0.006740	25.200000	0.009600
0.006750	25.200000	0.009600
0.006760	25.200000	0.009600
0.006770	25.200000	0.009600
0.006780	25.120000	0.009600
0.006790	25.120000	0.009600
0.006800	25.120000	0.009600
0.006810	25.120000	0.009600
0.006820	25.120000	0.009600
0.006830	25.040000	0.009600
0.006840	25.040000	0.009600
0.006850	25.120000	0.009600
0.006860	25.120000	0.009600
0.006870	25.120000	0.008800
0.006880	25.120000	0.008800
0.006890	25.040000	0.008800
0.006900	25.040000	0.008800
0.006910	25.040000	0.009600
0.006920	25.040000	0.008800
0.006930	25.040000	0.008800
0.006940	25.040000	0.008800
0.006950	25.040000	0.009600
0.006960	25.040000	0.008800
0.006970	25.040000	0.008800
0.006980	25.040000	0.008800
0.006990	24.960000	0.008800
0.007000	24.960000	0.009600
0.007010	24.960000	0.008800
0.007020	24.960000	0.008800
0.007030	25.040000	0.008800
0.007040	24.960000	0.008000
0.007050	24.960000	0.008800
0.007060	24.960000	0.008000
0.007070	24.960000	0.008000
0.007080	24.880000	0.008000
0.007090	24.880000	0.008000
0.007100	24.880000	0.008800
0.007110	24.960000	0.008800
0.007120	24.880000	0.008000
0.007130	24.880000	0.008000
0.007140	24.800000	0.007200
0.007150	24.880000	0.007200
0.007160	24.880000	0.007200
0.007170	24.880000	0.007200
0.007180	24.880000	0.007200
0.007190	24.880000	0.006400
0.007200	24.800000	0.006400
0.007210	24.800000	0.006400
0.007220	24.800000	0.005600
0.007230	24.800000	0.004800
0.007240	24.800000	0.004800
0.007250	24.800000	0.004000
0.007260	24.800000	0.003200
0.007270	24.800000	0.002400
0.007280	24.800000	0.001600
0.007290	24.800000	0.000800
0.007300	24.800000	0.000000
0.007310	24.720000	-0.001600
0.007320	24.720000	-0.003200
0.007330	24.800000	-0.004800
0.007340	24.800000	-0.006400
0.007350	24.720000	-0.008800
0.007360	24.720000	-0.009600
0.007370	24.720000	-0.012000
0.007380	24.720000	-0.014400
0.007390	24.720000	-0.016000
0.007400	24.720000	-0.019200
0.007410	24.720000	-0.022400
0.007420	24.720000	-0.024000
0.007430	24.720000	-0.024800
0.007440	24.720000	-0.028800
0.007450	24.720000	-0.030400
0.007460	24.720000	-0.031200
0.007470	24.720000	-0.033600
0.007480	24.720000	-0.036000
0.007490	24.640000	-0.036800
0.007500	24.640000	-0.036800
0.007510	24.640000	-0.039200
0.007520	24.640000	-0.039200
0.007530	24.720000	-0.040000
0.007540	24.640000	-0.040800
0.007550	24.640000	-0.041600
0.007560	24.720000	-0.041600
0.007570	24.640000	-0.041600
0.007580	24.640000	-0.041600
0.007590	24.640000	-0.041600
0.007600	24.560000	-0.041600
0.007610	24.560000	-0.040800
0.007620	24.640000	-0.041600
0.007630	24.640000	-0.040800
0.007640	24.640000	-0.040800
0.007650	24.560000	-0.041600
0.007660	24.560000	-0.041600
0.007670	24.560000	-0.040800
0.007680	24.560000	-0.040800
0.007690	24.560000	-0.040800
0.007700	24.560000	-0.041600
0.007710	24.560000	-0.040800
0.007720	24.560000	-0.040800
0.007730	24.560000	-0.040800
0.007740	24.560000	-0.040800
0.007750	24.560000	-0.040800
0.007760	24.560000	-0.040800
0.007770	24.560000	-0.040800
0.007780	24.480000	-0.040800
0.007790	24.560000	-0.040000
0.007800	24.480000	-0.040800
0.007810	24.480000	-0.040800
0.007820	24.480000	-0.039200
0.007830	24.480000	-0.040000
0.007840	24.480000	-0.039200
0.007850	24.480000	-0.039200
0.007860	24.400000	-0.038400
0.007870	24.400000	-0.038400
0.007880	24.400000	-0.038400
0.007890	24.480000	-0.038400
0.007900	24.480000	-0.039200
0.007910	24.480000	-0.039200
0.007920	24.400000	-0.038400
0.007930	24.480000	-0.038400
0.007940	24.400000	-0.037600
0.007950	24.480000	-0.037600
0.007960	24.400000	-0.037600
0.007970	24.400000	-0.037600
0.007980	24.400000	-0.037600
0.007990	24.400000	-0.037600
0.008000	24.400000	-0.036800
0.008010	24.400000	-0.036800
0.008020	24.320000	-0.037600
0.008030	24.400000	-0.036000
0.008040	24.320000	-0.036800
0.008050	24.400000	-0.036800
0.008060	24.400000	-0.036000
0.008070	24.320000	-0.036000
0.008080	24.400000	-0.034400
0.008090	24.320000	-0.035200
0.008100	24.320000	-0.035200
0.008110	24.320000	-0.035200
0.008120	24.320000	-0.034400
0.008130	24.320000	-0.035200
0.008140	24.320000	-0.035200
0.008150	24.320000	-0.034400
0.008160	24.320000	-0.035200
0.008170	24.320000	-0.035200
0.008180	24.320000	-0.035200
0.008190	24.320000	-0.034400
0.008200	24.240000	-0.034400
0.008210	24.320000	-0.033600
0.008220	24.320000	-0.034400
0.008230	24.240000	-0.032800
0.008240	24.240000	-0.032800
0.008250	24.240000	-0.032800
0.008260	24.240000	-0.032800
0.008270	24.240000	-0.032800
0.008280	24.240000	-0.033600
0.008290	24.320000	-0.032000
0.008300	24.240000	-0.032000
0.008310	24.240000	-0.032000
0.008320	24.240000	-0.032000
0.008330	24.240000	-0.032000
0.008340	24.240000	-0.032000
0.008350	24.240000	-0.031200
0.008360	24.160000	-0.031200
0.008370	24.240000	-0.031200
0.008380	24.240000	-0.031200
0.008390	24.240000	-0.029600
0.008400	24.160000	-0.031200
0.008410	24.240000	-0.031200
0.008420	24.160000	-0.030400
0.008430	24.240000	-0.030400
0.008440	24.240000	-0.029600
0.008450	24.160000	-0.030400
0.008460	24.160000	-0.028800
0.008470	24.160000	-0.029600
0.008480	24.160000	-0.029600
0.008490	24.160000	-0.028800
0.008500	24.160000	-0.028800
0.008510	24.080000	-0.028800
0.008520	24.160000	-0.028800
0.008530	24.080000	-0.028000
0.008540	24.160000	-0.028000
0.008550	24.080000	-0.028800
0.008560	24.080000	-0.028800
0.008570	24.160000	-0.028000
0.008580	24.080000	-0.028000
0.008590	24.080000	-0.028000
0.008600	24.080000	-0.028800
0.008610	24.080000	-0.028000
0.008620	24.080000	-0.028000
0.008630	24.080000	-0.028000
0.008640	24.080000	-0.028000
0.008650	24.080000	-0.027200
0.008660	24.000000	-0.027200
0.008670	24.080000	-0.027200
0.008680	24.080000	-0.027200
0.008690	24.080000	-0.027200
0.008700	24.080000	-0.027200
0.008710	24.000000	-0.026400
0.008720	24.080000	-0.026400
0.008730	24.000000	-0.026400
0.008740	24.000000	-0.026400
0.008750	24.080000	-0.025600
0.008760	24.080000	-0.026400
0.008770	24.000000	-0.025600
0.008780	24.000000	-0.026400
0.008790	24.080000	-0.024800
0.008800	24.080000	-0.025600
0.008810	24.000000	-0.025600
0.008820	24.080000	-0.024800
0.008830	24.000000	-0.024800
0.008840	24.000000	-0.024800
0.008850	24.000000	-0.024800
0.008860	24.000000	-0.024800
0.008870	24.000000	-0.024800
0.008880	24.000000	-0.024000
0.008890	23.920000	-0.025600
0.008900	24.000000	-0.024800
0.008910	23.920000	-0.024000
0.008920	23.920000	-0.024800
0.008930	24.000000	-0.024000
0.008940	24.000000	-0.024000
0.008950	23.920000	-0.024000
0.008960	23.920000	-0.024000
0.008970	23.920000	-0.024000
0.008980	23.920000	-0.023200
0.008990	24.000000	-0.024000
0.009000	24.000000	-0.023200
0.009010	23.920000	-0.022400
0.009020	23.920000	-0.023200
0.009030	23.920000	-0.022400
0.009040	23.920000	-0.023200
0.009050	23.920000	-0.022400
0.009060	23.920000	-0.022400
0.009070	23.920000	-0.021600
0.009080	23.920000	-0.022400
0.009090	23.920000	-0.022400
0.009100	23.920000	-0.021600
0.009110	23.920000	-0.022400
0.009120	23.920000	-0.021600
0.009130	23.920000	-0.021600
0.009140	23.920000	-0.020800
0.009150	23.920000	-0.021600
0.009160	23.920000	-0.021600
0.009170	23.840000	-0.020800
0.009180	23.920000	-0.020800
0.009190	23.920000	-0.020000
0.009200	23.920000	-0.021600
0.009210	23.840000	-0.020800
0.009220	23.840000	-0.020800
0.009230	23.840000	-0.021600
0.009240	23.840000	-0.020800
0.009250	23.840000	-0.020800
0.009260	23.840000	-0.020000
0.009270	23.760000	-0.019200
0.009280	23.840000	-0.019200
0.009290	23.840000	-0.020000
0.009300	23.840000	-0.020000
0.009310	23.840000	-0.020000
0.009320	23.840000	-0.019200
0.009330	23.840000	-0.020000
0.009340	23.840000	-0.019200
0.009350	23.840000	-0.019200
0.009360	23.760000	-0.019200
0.009370	23.840000	-0.019200
0.009380	23.840000	-0.019200
0.009390	23.840000	-0.018400
0.009400	23.760000	-0.018400
0.009410	23.840000	-0.017600
0.009420	23.760000	-0.018400
0.009430	23.840000	-0.019200
0.009440	23.760000	-0.019200
0.009450	23.840000	-0.019200
0.009460	23.760000	-0.018400
0.009470	23.760000	-0.019200
0.009480	23.760000	-0.018400
0.009490	23.760000	-0.017600
0.009500	23.760000	-0.017600
0.009510	23.760000	-0.017600
0.009520	23.760000	-0.017600
0.009530	23.760000	-0.017600
0.009540	23.760000	-0.018400
0.009550	23.760000	-0.017600
0.009560	23.760000	-0.017600
0.009570	23.760000	-0.017600
0.009580	23.760000	-0.016800
0.009590	23.760000	-0.016800
0.009600	23.680000	-0.017600
0.009610	23.760000	-0.017600
0.009620	23.760000	-0.015200
0.009630	23.760000	-0.015200
0.009640	23.760000	-0.016000
0.009650	23.680000	-0.016000
0.009660	23.760000	-0.016800
0.009670	23.680000	-0.016000
0.009680	23.680000	-0.016000
0.009690	23.680000	-0.016800
0.009700	23.760000	-0.016000
0.009710	23.760000	-0.016000
0.009720	23.760000	-0.016000
0.009730	23.680000	-0.016000
0.009740	23.680000	-0.016800
0.009750	23.680000	-0.015200
0.009760	23.680000	-0.016000
0.009770	23.680000	-0.015200
0.009780	23.680000	-0.015200
0.009790	23.680000	-0.015200
0.009800	23.680000	-0.015200
0.009810	23.680000	-0.015200
0.009820	23.680000	-0.015200
0.009830	23.680000	-0.015200
0.009840	23.600000	-0.015200
0.009850	23.680000	-0.014400
0.009860	23.680000	-0.014400
0.009870	23.680000	-0.013600
0.009880	23.680000	-0.013600
0.009890	23.680000	-0.014400
0.009900	23.680000	-0.014400
0.009910	23.680000	-0.014400
0.009920	23.680000	-0.013600
0.009930	23.680000	-0.013600
0.009940	23.680000	-0.014400
0.009950	23.600000	-0.014400
0.009960	23.600000	-0.015200
0.009970	23.600000	-0.013600
0.009980	23.680000	-0.013600
0.009990	23.600000	-0.013600
0.010000	23.600000	-0.013600
0.010010	23.600000	-0.012800
0.010020	23.600000	-0.013600
0.010030	23.600000	-0.013600
0.010040	23.600000	-0.013600
0.010050	23.600000	-0.012800
0.010060	23.600000	-0.013600
0.010070	23.600000	-0.012800
0.010080	23.600000	-0.012800
0.010090	23.600000	-0.012800
0.010100	23.600000	-0.012800
0.010110	23.600000	-0.012800
0.010120	23.600000	-0.013600
0.010130	23.600000	-0.013600
0.010140	23.600000	-0.012800
0.010150	23.600000	-0.012800
0.010160	23.600000	-0.012000
0.010170	23.600000	-0.012800
0.010180	23.600000	-0.012000
0.010190	23.600000	-0.012000
0.010200	23.600000	-0.012000
0.010210	23.600000	-0.012000
0.010220	23.600000	-0.012800
0.010230	23.600000	-0.012000
0.010240	23.600000	-0.012000
0.010250	23.600000	-0.012000
0.010260	23.520000	-0.012000
0.010270	23.600000	-0.012000
0.010280	23.520000	-0.011200
0.010290	23.520000	-0.011200
0.010300	23.600000	-0.010400
0.010310	23.600000	-0.010400
0.010320	23.520000	-0.011200
0.010330	23.520000	-0.010400
0.010340	23.520000	-0.011200
0.010350	23.520000	-0.011200
0.010360	23.520000	-0.011200
0.010370	23.600000	-0.011200
0.010380	23.520000	-0.011200
0.010390	23.520000	-0.011200
0.010400	23.520000	-0.011200
0.010410	23.520000	-0.011200
0.010420	23.520000	-0.011200
0.010430	23.520000	-0.010400
0.010440	23.520000	-0.011200
0.010450	23.520000	-0.010400
0.010460	23.600000	-0.010400
0.010470	23.520000	-0.011200
0.010480	23.520000	-0.010400
0.010490	23.520000	-0.010400
0.010500	23.520000	-0.010400
0.010510	23.520000	-0.010400
0.010520	23.520000	-0.010400
0.010530	23.520000	-0.008800
0.010540	23.520000	-0.010400
0.010550	23.520000	-0.009600
0.010560	23.440000	-0.009600
0.010570	23.440000	-0.010400
0.010580	23.520000	-0.010400
0.010590	23.440000	-0.009600
0.010600	23.520000	-0.008800
0.010610	23.520000	-0.008800
0.010620	23.440000	-0.009600
0.010630	23.440000	-0.009600
0.010640	23.520000	-0.008800
0.010650	23.440000	-0.008800
0.010660	23.440000	-0.008800
0.010670	23.440000	-0.008800
0.010680	23.440000	-0.008800
0.010690	23.440000	-0.008800
0.010700	23.440000	-0.009600
0.010710	23.440000	-0.008800
0.010720	23.440000	-0.009600
0.010730	23.440000	-0.008800
0.010740	23.440000	-0.009600
0.010750	23.440000	-0.008800
0.010760	23.440000	-0.008800
0.010770	23.440000	-0.008800
0.010780	23.440000	-0.008800
0.010790	23.440000	-0.008800
0.010800	23.360000	-0.008800
0.010810	23.440000	-0.008800
0.010820	23.440000	-0.008000
0.010830	23.440000	-0.008000
0.010840	23.440000	-0.008000
0.010850	23.440000	-0.007200
0.010860	23.440000	-0.008000
0.010870	23.440000	-0.008800
0.010880	23.440000	-0.008000
0.010890	23.440000	-0.008800
0.010900	23.440000	-0.008000
0.010910	23.360000	-0.008000
0.010920	23.440000	-0.007200
0.010930	23.440000	-0.008000
0.010940	23.360000	-0.007200
0.010950	23.440000	-0.006400
0.010960	23.360000	-0.008000
0.010970	23.360000	-0.008000
0.010980	23.440000	-0.008000
0.010990	23.440000	-0.007200
0.011000	23.360000	-0.007200
0.011010	23.360000	-0.008000
0.011020	23.440000	-0.008000
0.011030	23.440000	-0.008000
0.011040	23.360000	-0.007200
0.011050	23.360000	-0.007200
0.011060	23.440000	-0.006400
0.011070	23.440000	-0.006400
0.011080	23.440000	-0.007200
0.011090	23.440000	-0.006400
0.011100	23.440000	-0.006400
0.011110	23.440000	-0.005600
0.011120	23.360000	-0.006400
0.011130	23.440000	-0.005600
0.011140	23.360000	-0.006400
0.011150	23.440000	-0.006400
0.011160	23.360000	-0.005600
0.011170	23.360000	-0.005600
0.011180	23.360000	-0.006400
0.011190	23.360000	-0.006400
0.011200	23.360000	-0.005600
0.011210	23.360000	-0.006400
0.011220	23.360000	-0.005600
0.011230	23.360000	-0.005600
0.011240	23.440000	-0.006400
0.011250	23.360000	-0.006400
0.011260	23.440000	-0.006400
0.011270	23.360000	-0.005600
0.011280	23.360000	-0.005600
0.011290	23.360000	-0.006400
0.011300	23.360000	-0.005600
0.011310	23.280000	-0.006400
0.011320	23.360000	-0.006400
0.011330	23.360000	-0.004800
0.011340	23.360000	-0.005600
0.011350	23.360000	-0.004800
0.011360	23.440000	-0.004800
0.011370	23.360000	-0.005600
0.011380	23.360000	-0.004800
0.011390	23.360000	-0.004800
0.011400	23.360000	-0.005600
0.011410	23.360000	-0.005600
0.011420	23.360000	-0.005600
0.011430	23.360000	-0.004800
0.011440	23.280000	-0.004800
0.011450	23.360000	-0.004800
0.011460	23.360000	-0.004800
0.011470	23.360000	-0.004800
0.011480	23.360000	-0.004800
0.011490	23.280000	-0.004800
0.011500	23.280000	-0.005600
0.011510	23.360000	-0.004800
0.011520	23.360000	-0.005600
0.011530	23.360000	-0.005600
0.011540	23.280000	-0.004800
0.011550	23.360000	-0.004000
0.011560	23.280000	-0.004800
0.011570	23.360000	-0.004800
0.011580	23.360000	-0.004000
0.011590	23.280000	-0.004000
0.011600	23.280000	-0.004000
0.011610	23.280000	-0.004000
0.011620	23.280000	-0.004000
0.011630	23.280000	-0.004000
0.011640	23.360000	-0.004000
0.011650	23.280000	-0.004000
0.011660	23.280000	-0.002400
0.011670	23.280000	-0.004000
0.011680	23.280000	-0.003200
0.011690	23.200000	-0.004000
0.011700	23.280000	-0.004000
0.011710	23.280000	-0.004000
0.011720	23.280000	-0.004000
0.011730	23.280000	-0.003200
0.011740	23.360000	-0.003200
0.011750	23.280000	-0.004000
0.011760	23.280000	-0.004000
0.011770	23.280000	-0.003200
0.011780	23.280000	-0.004000
0.011790	23.280000	-0.004000
0.011800	23.280000	-0.003200
0.011810	23.280000	-0.004000
0.011820	23.280000	-0.002400
0.011830	23.280000	-0.003200
0.011840	23.280000	-0.002400
0.011850	23.280000	-0.002400
0.011860	23.280000	-0.003200
0.011870	23.360000	-0.003200
0.011880	23.280000	-0.003200
0.011890	23.280000	-0.003200
0.011900	23.280000	-0.002400
0.011910	23.280000	-0.003200
0.011920	23.200000	-0.004000
0.011930	23.280000	-0.004000
0.011940	23.280000	-0.004000
0.011950	23.280000	-0.002400
0.011960	23.280000	-0.002400
0.011970	23.200000	-0.001600
0.011980	23.280000	-0.003200
0.011990	23.280000	-0.003200
0.012000	23.280000	-0.002400
0.012010	23.280000	-0.002400
0.012020	23.280000	-0.002400
0.012030	23.280000	-0.002400
0.012040	23.280000	-0.001600
0.012050	23.280000	-0.002400
0.012060	23.200000	-0.002400
0.012070	23.280000	-0.001600
0.012080	23.280000	-0.002400
0.012090	23.200000	-0.001600
0.012100	23.200000	-0.001600
0.012110	23.280000	-0.001600
0.012120	23.280000	-0.001600
0.012130	23.280000	-0.001600
0.012140	23.280000	-0.001600
0.012150	23.200000	-0.002400
0.012160	23.280000	-0.001600
0.012170	23.200000	-0.001600
0.012180	23.200000	-0.002400
0.012190	23.280000	-0.001600
0.012200	23.280000	-0.000800
0.012210	23.280000	-0.002400
0.012220	23.200000	-0.002400
0.012230	23.280000	-0.000800
0.012240	23.280000	-0.002400
0.012250	23.200000	-0.001600
0.012260	23.200000	-0.002400
0.012270	23.200000	-0.001600
0.012280	23.280000	-0.001600
0.012290	23.280000	-0.001600
0.012300	23.200000	-0.001600
0.012310	23.280000	-0.001600
0.012320	23.200000	-0.000800
0.012330	23.200000	-0.001600
0.012340	23.200000	-0.000800
0.012350	23.200000	-0.001600
0.012360	23.200000	-0.001600
0.012370	23.200000	-0.000800
0.012380	23.280000	-0.000800
0.012390	23.120000	-0.000800
0.012400	23.200000	0.000000
0.012410	23.200000	-0.000800
0.012420	23.200000	0.000000
0.012430	23.200000	-0.000800
0.012440	23.200000	-0.000800
0.012450	23.200000	-0.000800
0.012460	23.200000	-0.001600
0.012470	23.200000	-0.000800
0.012480	23.200000	-0.000800
0.012490	23.200000	-0.000800
0.012500	23.200000	0.000000
0.012510	23.200000	-0.000800
0.012520	23.200000	-0.000800
0.012530	23.200000	-0.001600
0.012540	23.200000	-0.001600
0.012550	23.200000	-0.001600
0.012560	23.200000	-0.001600
0.012570	23.200000	-0.001600
0.012580	23.200000	-0.000800
0.012590	23.200000	-0.000800
0.012600	23.200000	-0.000800
0.012610	23.120000	0.000000
0.012620	23.200000	0.000000
0.012630	23.200000	0.000800
0.012640	23.200000	0.000000
0.012650	23.200000	0.000000
0.012660	23.200000	0.000000
0.012670	23.200000	0.000000
0.012680	23.120000	-0.000800
0.012690	23.200000	0.000000
0.012700	23.120000	0.000000
0.012710	23.120000	-0.000800
0.012720	23.120000	0.000000
0.012730	23.200000	0.000800
0.012740	23.120000	0.000800
0.012750	23.200000	0.000000
0.012760	23.120000	0.000800
0.012770	23.200000	0.000000
0.012780	23.120000	0.000000
0.012790	23.200000	0.000800
0.012800	23.200000	0.000000
0.012810	23.200000	0.000800
0.012820	23.120000	0.000000
0.012830	23.200000	0.000000
0.012840	23.120000	0.000000
0.012850	23.120000	0.000000
0.012860	23.200000	0.000800
0.012870	23.200000	0.000800
0.012880	23.200000	0.000000
0.012890	23.120000	0.000800
0.012900	23.120000	0.000800
0.012910	23.120000	0.000000
0.012920	23.120000	0.000800
0.012930	23.200000	0.000800
0.012940	23.120000	0.000800
0.012950	23.120000	0.000000
0.012960	23.120000	0.001600
0.012970	23.200000	0.000800
0.012980	23.120000	0.000800
0.012990	23.120000	0.001600
0.013000	23.120000	0.001600
0.013010	23.120000	0.000800
0.013020	23.120000	0.000800
0.013030	23.120000	0.000800
0.013040	23.120000	0.001600
0.013050	23.120000	0.000800
0.013060	23.120000	0.000800
0.013070	23.120000	0.002400
0.013080	23.120000	0.000800
0.013090	23.120000	0.001600
0.013100	23.120000	0.002400
0.013110	23.200000	0.001600
0.013120	23.120000	0.001600
0.013130	23.120000	0.000800
0.013140	23.120000	0.002400
0.013150	23.120000	0.001600
0.013160	23.120000	0.000800
0.013170	23.120000	0.000800
0.013180	23.120000	0.000800
0.013190	23.120000	0.000800
0.013200	23.120000	0.000800
0.013210	23.120000	0.001600
0.013220	23.120000	0.002400
0.013230	23.120000	0.000800
0.013240	23.120000	0.000800
0.013250	23.120000	0.001600
0.013260	23.120000	0.000800
0.013270	23.120000	0.001600
0.013280	23.120000	0.002400
0.013290	23.120000	0.001600
0.013300	23.120000	0.000800
0.013310	23.120000	0.001600
0.013320	23.120000	0.001600
0.013330	23.040000	0.002400
0.013340	23.120000	0.002400
0.013350	23.120000	0.003200
0.013360	23.120000	0.002400
0.013370	23.120000	0.002400
0.013380	23.040000	0.002400
0.013390	23.120000	0.003200
0.013400	23.120000	0.002400
0.013410	23.120000	0.002400
0.013420	23.120000	0.002400
0.013430	23.120000	0.002400
0.013440	23.120000	0.003200
0.013450	23.120000	0.002400
0.013460	23.120000	0.002400
0.013470	23.120000	0.003200
0.013480	23.120000	0.002400
0.013490	23.120000	0.002400
0.013500	23.120000	0.001600
0.013510	23.120000	0.001600
0.013520	23.120000	0.001600
0.013530	23.120000	0.002400
0.013540	23.120000	0.002400
0.013550	23.120000	0.001600
0.013560	23.120000	0.002400
0.013570	23.120000	0.002400
0.013580	23.120000	0.003200
0.013590	23.040000	0.002400
0.013600	23.120000	0.002400
0.013610	23.040000	0.003200
0.013620	23.040000	0.001600
0.013630	23.040000	0.002400
0.013640	23.040000	0.002400
0.013650	23.120000	0.002400
0.013660	23.120000	0.002400
0.013670	23.120000	0.003200
0.013680	23.120000	0.002400
0.013690	23.120000	0.003200
0.013700	23.120000	0.003200
0.013710	23.120000	0.003200
0.013720	23.040000	0.003200
0.013730	23.120000	0.002400
0.013740	23.120000	0.002400
0.013750	23.120000	0.003200
0.013760	23.040000	0.002400
0.013770	23.120000	0.002400
0.013780	23.120000	0.002400
0.013790	23.120000	0.003200
0.013800	23.040000	0.003200
0.013810	23.120000	0.002400
0.013820	23.040000	0.003200
0.013830	23.040000	0.003200
0.013840	23.120000	0.003200
0.013850	23.040000	0.003200
0.013860	23.040000	0.003200
0.013870	23.120000	0.004000
0.013880	23.040000	0.004000
0.013890	23.040000	0.003200
0.013900	23.040000	0.003200
0.013910	22.960000	0.003200
0.013920	23.120000	0.003200
0.013930	23.040000	0.003200
0.013940	23.120000	0.003200
0.013950	23.120000	0.003200
0.013960	23.120000	0.003200
0.013970	23.120000	0.003200
0.013980	23.120000	0.003200
0.013990	23.120000	0.003200
0.014000	23.040000	0.003200
0.014010	23.040000	0.004000
0.014020	23.040000	0.003200
0.014030	23.120000	0.004000
0.014040	23.120000	0.003200
0.014050	22.960000	0.003200
0.014060	23.040000	0.004000
0.014070	23.120000	0.004000
0.014080	23.040000	0.004000
0.014090	23.120000	0.004000
0.014100	23.040000	0.004000
0.014110	23.120000	0.004000
0.014120	23.040000	0.004000
0.014130	23.040000	0.003200
0.014140	23.040000	0.004000
0.014150	23.040000	0.004800
0.014160	23.040000	0.004000
0.014170	23.040000	0.004000
0.014180	23.120000	0.004800
0.014190	23.040000	0.003200
0.014200	23.040000	0.004000
0.014210	23.040000	0.004000
0.014220	23.040000	0.004800
0.014230	22.960000	0.003200
0.014240	23.040000	0.004000
0.014250	23.040000	0.004000
0.014260	23.040000	0.004800
0.014270	23.040000	0.004800
0.014280	23.040000	0.004800
0.014290	23.040000	0.004800
0.014300	23.040000	0.003200
0.014310	22.960000	0.004000
0.014320	23.040000	0.004800
0.014330	23.040000	0.004800
0.014340	23.040000	0.004000
0.014350	23.120000	0.004800
0.014360	23.040000	0.004000
0.014370	23.040000	0.004000
0.014380	23.040000	0.004800
0.014390	23.040000	0.004800
0.014400	23.040000	0.004000
0.014410	23.040000	0.004800
0.014420	23.040000	0.004800
0.014430	23.040000	0.004000
0.014440	23.040000	0.004800
0.014450	23.040000	0.004800
0.014460	23.040000	0.004800
0.014470	22.960000	0.004800
0.014480	22.960000	0.004800
0.014490	23.040000	0.004800
0.014500	22.960000	0.004800
0.014510	23.040000	0.004000
0.014520	23.040000	0.004000
0.014530	22.960000	0.004800
0.014540	22.960000	0.004800
0.014550	22.960000	0.004800
0.014560	23.040000	0.004800
0.014570	22.960000	0.004800
0.014580	23.040000	0.005600
0.014590	23.040000	0.004800
0.014600	23.040000	0.004800
0.014610	23.040000	0.005600
0.014620	23.040000	0.005600
0.014630	22.960000	0.004800
0.014640	23.040000	0.004800
0.014650	22.960000	0.005600
0.014660	23.040000	0.006400
0.014670	23.040000	0.004800
0.014680	23.040000	0.005600
0.014690	23.040000	0.005600
0.014700	22.960000	0.004800
0.014710	23.040000	0.004800
0.014720	23.040000	0.004800
0.014730	23.040000	0.004800
0.014740	22.960000	0.005600
0.014750	23.040000	0.004800
0.014760	23.040000	0.004800
0.014770	23.120000	0.004800
0.014780	22.960000	0.004800
0.014790	22.960000	0.004800
0.014800	23.040000	0.005600
0.014810	22.960000	0.005600
0.014820	23.040000	0.004800
0.014830	23.040000	0.005600
0.014840	22.960000	0.005600
0.014850	23.040000	0.005600
0.014860	22.960000	0.005600
0.014870	23.040000	0.004800
0.014880	22.960000	0.004800
0.014890	23.040000	0.006400
0.014900	22.960000	0.004800
0.014910	22.960000	0.005600
0.014920	23.040000	0.005600
0.014930	22.960000	0.004800
0.014940	22.960000	0.004800
0.014950	22.960000	0.006400
0.014960	23.040000	0.005600
0.014970	23.040000	0.005600
0.014980	22.960000	0.005600
0.014990	22.960000	0.005600
0.015000	22.960000	0.006400
0.015010	22.960000	0.004800
0.015020	22.960000	0.004800
0.015030	22.960000	0.005600
0.015040	23.040000	0.006400
0.015050	22.960000	0.004800
0.015060	23.040000	0.005600
0.015070	22.960000	0.005600
0.015080	22.960000	0.005600
0.015090	22.960000	0.005600
0.015100	22.960000	0.005600
0.015110	22.960000	0.006400
0.015120	22.960000	0.004800
0.015130	22.960000	0.005600
0.015140	23.040000	0.006400
0.015150	22.960000	0.006400
0.015160	22.960000	0.006400
0.015170	23.040000	0.005600
0.015180	22.960000	0.005600
0.015190	22.960000	0.005600
0.015200	22.960000	0.005600
0.015210	23.040000	0.005600
0.015220	22.960000	0.006400
0.015230	22.960000	0.005600
0.015240	22.960000	0.005600
0.015250	22.960000	0.006400
0.015260	22.960000	0.005600
0.015270	22.960000	0.006400
0.015280	22.960000	0.005600
0.015290	22.880000	0.005600
0.015300	22.960000	0.006400
0.015310	22.960000	0.006400
0.015320	22.960000	0.006400
0.015330	22.960000	0.006400
0.015340	22.960000	0.007200
0.015350	22.960000	0.007200
0.015360	22.960000	0.007200
0.015370	22.960000	0.006400
0.015380	22.960000	0.007200
0.015390	22.960000	0.007200
0.015400	22.960000	0.007200
0.015410	22.960000	0.006400
0.015420	22.960000	0.006400
0.015430	22.960000	0.007200
0.015440	22.960000	0.007200
0.015450	22.960000	0.007200
0.015460	22.880000	0.007200
0.015470	22.960000	0.006400
0.015480	22.960000	0.007200
0.015490	22.960000	0.006400
0.015500	22.960000	0.006400
0.015510	22.960000	0.007200
0.015520	22.960000	0.006400
0.015530	22.960000	0.006400
0.015540	22.960000	0.006400
0.015550	22.960000	0.006400
0.015560	22.960000	0.005600
0.015570	22.960000	0.006400
0.015580	22.960000	0.006400
0.015590	22.960000	0.007200
0.015600	22.960000	0.006400
0.015610	22.960000	0.007200
0.015620	22.960000	0.007200
0.015630	22.960000	0.007200
0.015640	22.960000	0.006400
0.015650	22.960000	0.006400
0.015660	22.960000	0.007200
0.015670	23.040000	0.007200
0.015680	22.960000	0.007200
0.015690	22.960000	0.007200
0.015700	22.960000	0.007200
0.015710	22.960000	0.007200
0.015720	22.960000	0.006400
0.015730	22.960000	0.006400
0.015740	22.960000	0.007200
0.015750	22.960000	0.007200
0.015760	22.960000	0.007200
0.015770	22.960000	0.007200
0.015780	22.960000	0.007200
0.015790	22.960000	0.007200
0.015800	22.960000	0.006400
0.015810	22.960000	0.007200
0.015820	23.040000	0.005600
0.015830	22.960000	0.007200
0.015840	22.960000	0.007200
0.015850	22.960000	0.007200
0.015860	22.960000	0.006400
0.015870	22.960000	0.007200
0.015880	22.960000	0.007200
0.015890	22.960000	0.007200
0.015900	22.960000	0.007200
0.015910	22.960000	0.007200
0.015920	22.960000	0.007200
0.015930	22.960000	0.007200
0.015940	22.880000	0.007200
0.015950	22.960000	0.007200
0.015960	22.960000	0.007200
0.015970	22.960000	0.007200
0.015980	22.960000	0.007200
0.015990	22.960000	0.007200
0.016000	23.040000	0.007200
0.016010	22.960000	0.008000
0.016020	22.960000	0.008000
0.016030	22.960000	0.007200
0.016040	22.960000	0.007200
0.016050	22.960000	0.007200
0.016060	22.960000	0.007200
0.016070	22.960000	0.007200
0.016080	22.960000	0.007200
0.016090	22.960000	0.007200
0.016100	22.960000	0.006400
0.016110	22.960000	0.007200
0.016120	22.960000	0.007200
0.016130	22.960000	0.006400
0.016140	22.960000	0.008000
0.016150	22.960000	0.008000
0.016160	22.960000	0.008800
0.016170	22.960000	0.008000
0.016180	22.960000	0.008000
0.016190	22.960000	0.008000
0.016200	22.960000	0.007200
0.016210	22.960000	0.007200
0.016220	22.960000	0.007200
0.016230	22.960000	0.007200
0.016240	22.960000	0.007200
0.016250	22.960000	0.007200
0.016260	22.960000	0.007200
0.016270	22.960000	0.008000
0.016280	22.960000	0.008000
0.016290	22.960000	0.007200
0.016300	23.040000	0.008000
0.016310	22.880000	0.008000
0.016320	22.960000	0.008000
0.016330	22.960000	0.008000
0.016340	22.960000	0.008800
0.016350	22.960000	0.008000
0.016360	22.960000	0.007200
0.016370	22.960000	0.007200
0.016380	22.960000	0.007200
0.016390	22.960000	0.007200
0.016400	22.960000	0.007200
0.016410	22.880000	0.008000
0.016420	22.960000	0.008000
0.016430	22.960000	0.008000
0.016440	22.960000	0.008000
0.016450	22.960000	0.008000
0.016460	22.960000	0.008000
0.016470	22.960000	0.008000
0.016480	22.960000	0.008800
0.016490	22.960000	0.008000
0.016500	22.880000	0.008000
0.016510	22.960000	0.008800
0.016520	22.960000	0.007200
0.016530	22.960000	0.008000
0.016540	22.960000	0.008000
0.016550	22.960000	0.008000
0.016560	22.960000	0.008000
0.016570	22.960000	0.008800
0.016580	22.960000	0.008000
0.016590	22.880000	0.008000
0.016600	22.960000	0.007200
0.016610	23.040000	0.008800
0.016620	22.880000	0.008000
0.016630	22.960000	0.007200
0.016640	22.960000	0.007200
0.016650	22.960000	0.008000
0.016660	22.960000	0.008800
0.016670	22.960000	0.008000
0.016680	22.960000	0.008000
0.016690	22.960000	0.008800
0.016700	22.960000	0.009600
0.016710	22.960000	0.008000
0.016720	22.960000	0.008800
0.016730	22.960000	0.008800
0.016740	22.960000	0.008800
0.016750	22.960000	0.008000
0.016760	22.960000	0.008800
0.016770	22.960000	0.008800
0.016780	22.960000	0.008000
0.016790	22.880000	0.007200
0.016800	22.960000	0.008800
0.016810	22.880000	0.008000
0.016820	22.960000	0.008800
0.016830	22.960000	0.008000
0.016840	22.960000	0.008000
0.016850	22.960000	0.008000
0.016860	22.960000	0.008000
0.016870	22.880000	0.007200
0.016880	22.880000	0.008800
0.016890	22.960000	0.008000
0.016900	22.960000	0.008800
0.016910	22.960000	0.008800
0.016920	22.960000	0.008800
0.016930	22.960000	0.008800
0.016940	22.880000	0.008000
0.016950	22.960000	0.008000
0.016960	22.880000	0.008800
0.016970	22.960000	0.008800
0.016980	22.960000	0.008800
0.016990	22.960000	0.009600
0.017000	22.880000	0.008000
0.017010	22.960000	0.008800
0.017020	22.880000	0.008000
0.017030	22.960000	0.008000
0.017040	22.880000	0.007200
0.017050	22.880000	0.008000
0.017060	22.960000	0.008800
0.017070	22.960000	0.008800
0.017080	22.880000	0.008800
0.017090	22.960000	0.008000
0.017100	22.880000	0.008800
0.017110	22.960000	0.008800
0.017120	22.960000	0.008800
0.017130	22.880000	0.008800
0.017140	22.960000	0.008800
0.017150	22.880000	0.008800
0.017160	22.960000	0.008800
0.017170	22.880000	0.008800
0.017180	22.880000	0.009600
0.017190	22.880000	0.009600
0.017200	22.960000	0.008800
0.017210	22.880000	0.008800
0.017220	22.880000	0.008800
0.017230	22.880000	0.008800
0.017240	22.960000	0.008800
0.017250	22.960000	0.008800
0.017260	22.960000	0.008800
0.017270	22.960000	0.008800
0.017280	22.880000	0.009600
0.017290	22.880000	0.008800
0.017300	22.880000	0.008800
0.017310	22.960000	0.008800
0.017320	22.880000	0.008800
0.017330	22.880000	0.008800
0.017340	22.960000	0.008800
0.017350	22.880000	0.008800
0.017360	22.880000	0.008000
0.017370	22.880000	0.008000
0.017380	22.960000	0.008800
0.017390	22.880000	0.008800
0.017400	22.880000	0.008800
0.017410	22.880000	0.008800
0.017420	22.960000	0.008800
0.017430	22.880000	0.008800
0.017440	22.960000	0.008800
0.017450	22.880000	0.008800
0.017460	22.880000	0.008000
0.017470	22.880000	0.008000
0.017480	22.880000	0.008800
0.017490	22.880000	0.008000
0.017500	22.880000	0.008800
0.017510	22.880000	0.008800
0.017520	22.880000	0.009600
0.017530	22.880000	0.008800
0.017540	22.880000	0.008000
0.017550	22.880000	0.008800
0.017560	22.880000	0.008800
0.017570	22.880000	0.008000
0.017580	22.880000	0.008800
0.017590	22.880000	0.008800
0.017600	22.880000	0.008800
0.017610	22.960000	0.008800
0.017620	22.960000	0.008800
0.017630	22.960000	0.008800
0.017640	22.960000	0.008800
0.017650	22.880000	0.008800
0.017660	22.960000	0.008800
0.017670	22.880000	0.009600
0.017680	22.880000	0.008800
0.017690	22.960000	0.009600
0.017700	22.960000	0.008800
0.017710	22.960000	0.008800
0.017720	22.960000	0.009600
0.017730	22.880000	0.008800
0.017740	22.880000	0.009600
0.017750	22.880000	0.008800
0.017760	22.880000	0.008800
0.017770	22.880000	0.008800
0.017780	22.960000	0.008800
0.017790	22.800000	0.009600
0.017800	22.880000	0.008800
0.017810	22.880000	0.008800
0.017820	22.880000	0.009600
0.017830	22.960000	0.008800
0.017840	22.960000	0.008800
0.017850	22.880000	0.008800
0.017860	22.960000	0.009600
0.017870	22.960000	0.008800
0.017880	22.880000	0.008800
0.017890	22.880000	0.008800
0.017900	22.960000	0.008800
0.017910	22.880000	0.009600
0.017920	22.880000	0.008800
0.017930	22.960000	0.009600
0.017940	22.960000	0.009600
0.017950	22.880000	0.008800
0.017960	22.880000	0.009600
0.017970	22.960000	0.009600
0.017980	22.880000	0.008800
0.017990	22.960000	0.008800
0.018000	22.960000	0.009600
0.018010	22.880000	0.008000
0.018020	22.880000	0.008800
0.018030	22.880000	0.008800
0.018040	22.880000	0.008800
0.018050	22.960000	0.008800
0.018060	22.880000	0.008000
0.018070	22.880000	0.008800
0.018080	22.880000	0.009600
0.018090	22.880000	0.008800
0.018100	22.960000	0.008800
0.018110	22.880000	0.008800
0.018120	22.880000	0.008800
0.018130	22.880000	0.009600
0.018140	22.960000	0.008800
0.018150	22.880000	0.008800
0.018160	22.960000	0.008800
0.018170	22.880000	0.009600
0.018180	22.880000	0.009600
0.018190	22.880000	0.009600
0.018200	22.880000	0.009600
0.018210	22.880000	0.009600
0.018220	22.880000	0.008800
0.018230	22.880000	0.009600
0.018240	22.880000	0.009600
0.018250	22.960000	0.009600
0.018260	22.960000	0.009600
0.018270	22.880000	0.009600
0.018280	22.880000	0.008800
0.018290	22.880000	0.008800
0.018300	22.880000	0.009600
0.018310	22.800000	0.009600
0.018320	22.880000	0.008800
0.018330	22.880000	0.008800
0.018340	22.880000	0.008800
0.018350	22.880000	0.009600
0.018360	22.880000	0.010400
0.018370	22.880000	0.009600
0.018380	22.880000	0.008000
0.018390	22.880000	0.009600
0.018400	22.880000	0.009600
0.018410	22.880000	0.008800
0.018420	22.880000	0.008800
0.018430	22.880000	0.009600
0.018440	22.880000	0.009600
0.018450	22.880000	0.009600
0.018460	22.880000	0.009600
0.018470	22.880000	0.008800
0.018480	22.880000	0.009600
0.018490	22.880000	0.009600
0.018500	22.880000	0.008800
0.018510	22.880000	0.009600
0.018520	22.880000	0.009600
0.018530	22.880000	0.008800
0.018540	22.880000	0.009600
0.018550	22.880000	0.009600
0.018560	22.880000	0.009600
0.018570	22.880000	0.008800
0.018580	22.880000	0.009600
0.018590	22.880000	0.009600
0.018600	22.880000	0.008000
0.018610	22.800000	0.009600
0.018620	22.880000	0.009600
0.018630	22.880000	0.009600
0.018640	22.880000	0.008800
0.018650	22.880000	0.008800
0.018660	22.960000	0.008800
0.018670	22.880000	0.008800
0.018680	22.880000	0.008800
0.018690	22.880000	0.009600
0.018700	22.880000	0.009600
0.018710	22.880000	0.009600
0.018720	22.880000	0.009600
0.018730	22.880000	0.009600
0.018740	22.800000	0.009600
0.018750	22.880000	0.010400
0.018760	22.880000	0.009600
0.018770	22.880000	0.010400
0.018780	22.960000	0.009600
0.018790	22.880000	0.009600
0.018800	22.880000	0.009600
0.018810	22.880000	0.009600
0.018820	22.960000	0.008800
0.018830	22.880000	0.009600
0.018840	22.880000	0.009600
0.018850	22.880000	0.008800
0.018860	22.800000	0.008800
0.018870	22.880000	0.008800
0.018880	22.960000	0.008800
0.018890	22.880000	0.008800
0.018900	22.880000	0.009600
0.018910	22.880000	0.009600
0.018920	22.880000	0.009600
0.018930	22.800000	0.009600
0.018940	22.880000	0.008800
0.018950	22.880000	0.008800
0.018960	22.960000	0.008800
0.018970	22.880000	0.009600
0.018980	22.880000	0.009600
0.018990	22.880000	0.009600
0.019000	22.880000	0.009600
0.019010	22.880000	0.010400
0.019020	22.880000	0.008800
0.019030	22.880000	0.009600
0.019040	22.880000	0.011200
0.019050	22.880000	0.009600
0.019060	22.880000	0.009600
0.019070	22.880000	0.009600
0.019080	22.880000	0.009600
0.019090	22.800000	0.008800
0.019100	22.880000	0.009600
0.019110	22.880000	0.008800
0.019120	22.880000	0.008800
0.019130	22.960000	0.008800
0.019140	22.880000	0.009600
0.019150	22.880000	0.008800
0.019160	22.880000	0.008800
0.019170	22.880000	0.009600
0.019180	22.880000	0.009600
0.019190	22.960000	0.009600
0.019200	22.880000	0.009600
0.019210	22.880000	0.008800
0.019220	22.880000	0.008800
0.019230	22.880000	0.009600
0.019240	22.880000	0.010400
0.019250	22.880000	0.010400
0.019260	22.880000	0.009600
0.019270	22.880000	0.009600
0.019280	22.880000	0.008800
0.019290	22.880000	0.008800
0.019300	22.880000	0.008800
0.019310	22.880000	0.009600
0.019320	22.880000	0.010400
0.019330	22.880000	0.009600
0.019340	22.880000	0.008800
0.019350	22.880000	0.008800
0.019360	22.880000	0.009600
0.019370	22.880000	0.009600
0.019380	22.880000	0.008800
0.019390	22.880000	0.009600
0.019400	22.880000	0.008800
0.019410	22.800000	0.009600
0.019420	22.880000	0.008800
0.019430	22.880000	0.008800
0.019440	22.880000	0.009600
0.019450	22.880000	0.008800
0.019460	22.880000	0.009600
0.019470	22.960000	0.009600
0.019480	22.880000	0.010400
0.019490	22.880000	0.008800
0.019500	22.800000	0.009600
0.019510	22.800000	0.009600
0.019520	22.880000	0.008800
0.019530	22.880000	0.009600
0.019540	22.880000	0.009600
0.019550	22.880000	0.009600
0.019560	22.800000	0.009600
0.019570	22.880000	0.009600
0.019580	22.880000	0.009600
0.019590	22.880000	0.009600
0.019600	22.880000	0.008800
0.019610	22.880000	0.009600
0.019620	22.880000	0.009600
0.019630	22.880000	0.009600
0.019640	22.880000	0.009600
0.019650	22.880000	0.009600
0.019660	22.880000	0.009600
0.019670	22.880000	0.009600
0.019680	22.880000	0.009600
0.019690	22.880000	0.009600
0.019700	22.880000	0.009600
0.019710	22.880000	0.009600
0.019720	22.800000	0.008800
0.019730	22.880000	0.009600
0.019740	22.800000	0.009600
0.019750	22.880000	0.009600
0.019760	22.880000	0.009600
0.019770	22.880000	0.009600
0.019780	22.880000	0.009600
0.019790	22.800000	0.008800
0.019800	22.880000	0.009600
0.019810	22.880000	0.009600
0.019820	22.880000	0.009600
0.019830	22.800000	0.009600
0.019840	22.880000	0.008800
0.019850	22.880000	0.009600
0.019860	22.960000	0.009600
0.019870	22.880000	0.009600
0.019880	22.880000	0.008800
0.019890	22.800000	0.008800
0.019900	22.800000	0.009600
0.019910	22.880000	0.009600
0.019920	22.880000	0.009600
0.019930	22.880000	0.009600
0.019940	22.800000	0.009600
0.019950	22.800000	0.009600
0.019960	22.880000	0.008800
0.019970	22.800000	0.009600
0.019980	22.880000	0.009600
0.019990	22.800000	0.010400
0.020000	22.880000	0.009600
0.020010	22.800000	0.008800
0.020020	22.800000	0.008800
0.020030	22.880000	0.009600
0.020040	22.880000	0.008800
0.020050	22.800000	0.009600
0.020060	22.800000	0.008800
0.020070	22.880000	0.008800
0.020080	22.880000	0.008000
0.020090	22.880000	0.009600
0.020100	22.800000	0.008800
0.020110	22.800000	0.008800
0.020120	22.880000	0.008800
0.020130	22.960000	0.009600
0.020140	22.880000	0.009600
0.020150	22.880000	0.008000
0.020160	22.880000	0.009600
0.020170	22.880000	0.008800
0.020180	22.880000	0.009600
0.020190	22.880000	0.008800
0.020200	22.880000	0.008800
0.020210	22.880000	0.008800
0.020220	22.800000	0.008800
0.020230	22.880000	0.009600
0.020240	22.880000	0.009600
0.020250	22.880000	0.010400
0.020260	22.880000	0.009600
0.020270	22.880000	0.009600
0.020280	22.880000	0.009600
0.020290	22.880000	0.009600
0.020300	22.880000	0.009600
0.020310	22.880000	0.010400
0.020320	22.880000	0.009600
0.020330	22.880000	0.009600
0.020340	22.880000	0.009600
0.020350	22.880000	0.010400
0.020360	22.880000	0.009600
0.020370	22.880000	0.008800
0.020380	22.960000	0.008800
0.020390	22.880000	0.008800
0.020400	22.880000	0.009600
0.020410	22.800000	0.008800
0.020420	22.880000	0.009600
0.020430	22.880000	0.009600
0.020440	22.880000	0.008800
0.020450	22.880000	0.008800
0.020460	22.880000	0.009600
0.020470	22.880000	0.009600
0.020480	22.880000	0.009600
0.020490	22.800000	0.008800
0.020500	22.800000	0.009600
0.020510	22.880000	0.009600
0.020520	22.880000	0.009600
0.020530	22.800000	0.009600
0.020540	22.800000	0.009600
0.020550	22.880000	0.008800
0.020560	22.880000	0.008800
0.020570	22.880000	0.009600
0.020580	22.880000	0.008800
0.020590	22.880000	0.008800
0.020600	22.880000	0.009600
0.020610	22.800000	0.008800
0.020620	22.880000	0.008800
0.020630	22.880000	0.009600
0.020640	22.800000	0.008800
0.020650	22.800000	0.009600
0.020660	22.800000	0.008800
0.020670	22.880000	0.008800
0.020680	22.880000	0.009600
0.020690	22.880000	0.009600
0.020700	22.880000	0.009600
0.020710	22.880000	0.008800
0.020720	22.880000	0.008800
0.020730	22.880000	0.009600
0.020740	22.800000	0.008800
0.020750	22.800000	0.009600
0.020760	22.880000	0.008800
0.020770	22.880000	0.009600
0.020780	22.880000	0.009600
0.020790	22.880000	0.009600
0.020800	22.880000	0.009600
0.020810	22.880000	0.009600
0.020820	22.880000	0.009600
0.020830	22.880000	0.009600
0.020840	22.880000	0.009600
0.020850	22.880000	0.009600
0.020860	22.880000	0.009600
0.020870	22.880000	0.009600
0.020880	22.880000	0.008800
0.020890	22.880000	0.009600
0.020900	22.880000	0.009600
0.020910	22.800000	0.009600
0.020920	22.880000	0.009600
0.020930	22.800000	0.009600
0.020940	22.880000	0.008800
0.020950	22.880000	0.008800
0.020960	22.880000	0.009600
0.020970	22.880000	0.009600
0.020980	22.880000	0.009600
0.020990	22.800000	0.008800
0.021000	22.880000	0.009600
0.021010	22.880000	0.009600
0.021020	22.880000	0.008800
0.021030	22.800000	0.008800
0.021040	22.880000	0.009600
0.021050	22.800000	0.008800
0.021060	22.800000	0.009600
0.021070	22.800000	0.008800
0.021080	22.880000	0.009600
0.021090	22.880000	0.009600
0.021100	22.880000	0.009600
0.021110	22.880000	0.008800
0.021120	22.800000	0.009600
0.021130	22.880000	0.009600
0.021140	22.880000	0.009600
0.021150	22.880000	0.008000
0.021160	22.880000	0.008800
0.021170	22.880000	0.008800
0.021180	22.880000	0.009600
0.021190	22.880000	0.008800
0.021200	22.800000	0.009600
0.021210	22.800000	0.009600
0.021220	22.800000	0.009600
0.021230	9.840000	0.009600
0.021240	9.840000	0.009600
0.021250	9.840000	0.009600
0.021260	9.840000	0.009600
0.021270	9.840000	0.010400
0.021280	9.840000	0.009600
0.021290	9.840000	0.009600
0.021300	9.840000	0.008800
0.021310	9.840000	0.008800
0.021320	9.840000	0.009600
0.021330	9.840000	0.009600
0.021340	9.840000	0.009600
0.021350	9.840000	0.008800
0.021360	9.840000	0.009600
0.021370	9.840000	0.008800
0.021380	9.840000	0.009600
0.021390	9.840000	0.009600
0.021400	9.840000	0.008800
0.021410	9.840000	0.009600
0.021420	9.840000	0.008800
0.021430	9.840000	0.009600
0.021440	9.840000	0.009600
0.021450	9.840000	0.008800
0.021460	9.840000	0.009600
0.021470	9.840000	0.009600
0.021480	9.840000	0.009600
0.021490	9.840000	0.009600
0.021500	9.840000	0.009600
0.021510	9.840000	0.009600
0.021520	9.840000	0.008800
0.021530	9.840000	0.008800
0.021540	9.840000	0.009600
0.021550	9.840000	0.009600
0.021560	9.840000	0.009600
0.021570	9.840000	0.009600
0.021580	9.840000	0.009600
0.021590	9.840000	0.009600
0.021600	9.840000	0.008800
0.021610	9.840000	0.009600
0.021620	9.840000	0.008800
0.021630	9.840000	0.009600
0.021640	9.840000	0.009600
0.021650	9.840000	0.009600
0.021660	9.840000	0.008800
0.021670	9.840000	0.009600
0.021680	9.840000	0.008800
0.021690	9.840000	0.008800
0.021700	9.840000	0.009600
0.021710	9.840000	0.009600
0.021720	9.840000	0.009600
0.021730	9.840000	0.009600
0.021740	9.840000	0.009600
0.021750	9.840000	0.008800
0.021760	9.840000	0.009600
0.021770	9.840000	0.009600
0.021780	9.840000	0.008800
0.021790	9.840000	0.008800
0.021800	9.840000	0.009600
0.021810	9.840000	0.009600
0.021820	9.840000	0.009600
0.021830	9.840000	0.009600
0.021840	9.840000	0.009600
0.021850	9.840000	0.009600
0.021860	9.840000	0.008800
0.021870	9.840000	0.008800
0.021880	9.840000	0.008800
0.021890	9.840000	0.008800
0.021900	9.840000	0.008800
0.021910	9.840000	0.008000
0.021920	9.840000	0.008800
0.021930	9.840000	0.009600
0.021940	9.840000	0.008800
0.021950	9.840000	0.008800
0.021960	9.840000	0.008800
0.021970	9.840000	0.008000
0.021980	9.840000	0.008800
0.021990	9.840000	0.008800
0.022000	9.840000	0.008800
0.022010	9.840000	0.008800
0.022020	9.840000	0.009600
0.022030	9.840000	0.009600
0.022040	9.840000	0.008800
0.022050	9.840000	0.008800
0.022060	9.840000	0.008800
0.022070	9.840000	0.009600
0.022080	9.840000	0.009600
0.022090	9.840000	0.009600
0.022100	9.840000	0.008800
0.022110	9.840000	0.008800
0.022120	9.840000	0.008000
0.022130	9.840000	0.009600
0.022140	9.840000	0.008800
0.022150	9.840000	0.008800
0.022160	9.840000	0.009600
0.022170	9.840000	0.008800
0.022180	9.840000	0.008800
0.022190	9.840000	0.008800
0.022200	9.840000	0.008800
0.022210	9.840000	0.008800
0.022220	9.840000	0.008800
0.022230	9.840000	0.008800
0.022240	9.840000	0.008000
0.022250	9.840000	0.008800
0.022260	9.840000	0.008800
0.022270	9.840000	0.008800
0.022280	9.840000	0.008000
0.022290	9.840000	0.008000
0.022300	9.840000	0.008800
0.022310	9.840000	0.008000
0.022320	9.840000	0.008800
0.022330	9.840000	0.008000
0.022340	9.840000	0.008800
0.022350	9.840000	0.008000
0.022360	9.840000	0.008800
0.022370	9.840000	0.008800
0.022380	9.840000	0.008800
0.022390	9.840000	0.009600
0.022400	9.840000	0.009600
0.022410	9.840000	0.009600
0.022420	9.840000	0.008800
0.022430	9.840000	0.008800
0.022440	9.840000	0.008000
0.022450	9.840000	0.008800
0.022460	9.840000	0.008800
0.022470	9.840000	0.008800
0.022480	9.840000	0.008800
0.022490	9.840000	0.008000
0.022500	9.840000	0.009600
0.022510	9.840000	0.008800
0.022520	9.840000	0.008000
0.022530	9.840000	0.008800
0.022540	9.840000	0.009600
0.022550	9.840000	0.008800
0.022560	9.840000	0.008800
0.022570	9.840000	0.008000
0.022580	9.840000	0.008000
0.022590	9.840000	0.008800
0.022600	9.840000	0.008000
0.022610	9.840000	0.008800
0.022620	9.840000	0.008000
0.022630	9.840000	0.008000
0.022640	9.840000	0.007200
0.022650	9.840000	0.008000
0.022660	9.840000	0.008000
0.022670	9.840000	0.008800
0.022680	9.840000	0.008000
0.022690	9.840000	0.008000
0.022700	9.840000	0.008000
0.022710	9.840000	0.008000
0.022720	9.840000	0.008800
0.022730	9.840000	0.008800
0.022740	9.840000	0.008800
0.022750	9.840000	0.008000
0.022760	9.840000	0.008000
0.022770	9.840000	0.008800
0.022780	9.840000	0.008000
0.022790	9.840000	0.008000
0.022800	9.840000	0.007200
0.022810	9.840000	0.008000
0.022820	9.840000	0.008800
0.022830	9.840000	0.008800
0.022840	9.840000	0.008000
0.022850	9.840000	0.008800
0.022860	9.840000	0.008000
0.022870	9.840000	0.008000
0.022880	9.840000	0.007200
0.022890	9.840000	0.008000
0.022900	9.840000	0.008000
0.022910	9.840000	0.008000
0.022920	9.840000	0.007200
0.022930	9.840000	0.008000
0.022940	9.840000	0.007200
0.022950	9.840000	0.008000
0.022960	9.840000	0.007200
0.022970	9.840000	0.007200
0.022980	9.840000	0.008000
0.022990	9.840000	0.007200
0.023000	9.840000	0.007200
0.023010	9.840000	0.007200
0.023020	9.840000	0.007200
0.023030	9.840000	0.007200
0.023040	9.840000	0.007200
0.023050	9.840000	0.007200
0.023060	9.840000	0.007200
0.023070	9.840000	0.007200
0.023080	9.840000	0.007200
0.023090	9.840000	0.007200
0.023100	9.840000	0.007200
0.023110	9.840000	0.008000
0.023120	9.840000	0.007200
0.023130	9.840000	0.007200
0.023140	9.840000	0.007200
0.023150	9.840000	0.007200
0.023160	9.840000	0.007200
0.023170	9.840000	0.006400
0.023180	9.840000	0.007200
0.023190	9.840000	0.006400
0.023200	9.840000	0.006400
0.023210	9.840000	0.005600
0.023220	9.840000	0.005600
0.023230	9.840000	0.005600
0.023240	9.840000	0.005600
0.023250	9.840000	0.004800
0.023260	9.840000	0.004800
0.023270	9.840000	0.005600
0.023280	9.840000	0.004800
0.023290	9.840000	0.005600
0.023300	9.840000	0.004800
0.023310	9.840000	0.004800
0.023320	9.840000	0.004800
0.023330	9.840000	0.004800
0.023340	9.840000	0.004000
0.023350	9.840000	0.004000
0.023360	9.840000	0.004000
0.023370	9.840000	0.002400
0.023380	9.840000	0.002400
0.023390	9.840000	0.001600
0.023400	9.840000	0.000800
0.023410	9.840000	0.000800
0.023420	9.840000	0.000000
0.023430	9.840000	0.000000
0.023440	9.840000	0.000000
0.023450	9.840000	-0.001600
0.023460	9.840000	-0.002400
0.023470	9.840000	-0.003200
0.023480	9.840000	-0.004000
0.023490	9.840000	-0.004800
0.023500	9.840000	-0.005600
0.023510	9.840000	-0.007200
0.023520	9.840000	-0.008000
0.023530	9.840000	-0.009600
0.023540	9.840000	-0.010400
0.023550	9.840000	-0.012000
0.023560	9.840000	-0.013600
0.023570	9.840000	-0.016000
0.023580	9.840000	-0.018400
0.023590	9.840000	-0.020000
0.023600	9.840000	-0.022400
0.023610	9.840000	-0.023200
0.023620	9.840000	-0.025600
0.023630	9.840000	-0.028000
0.023640	9.840000	-0.029600
0.023650	9.840000	-0.031200
0.023660	9.840000	-0.032800
0.023670	9.840000	-0.035200
0.023680	9.840000	-0.036000
0.023690	9.840000	-0.037600
0.023700	9.840000	-0.037600
0.023710	9.840000	-0.038400
0.023720	9.840000	-0.039200
0.023730	9.840000	-0.040000
0.023740	9.840000	-0.040800
0.023750	9.840000	-0.040800
0.023760	9.840000	-0.041600
0.023770	9.840000	-0.040800
0.023780	9.840000	-0.042400
0.023790	9.840000	-0.041600
0.023800	9.840000	-0.041600
0.023810	9.840000	-0.042400
0.023820	9.840000	-0.042400
0.023830	9.840000	-0.042400
0.023840	9.840000	-0.041600
0.023850	9.840000	-0.042400
0.023860	9.840000	-0.040800
0.023870	9.840000	-0.041600
0.023880	9.840000	-0.041600
0.023890	9.840000	-0.041600
0.023900	9.840000	-0.040800
0.023910	9.840000	-0.042400
0.023920	9.840000	-0.041600
0.023930	9.840000	-0.041600
0.023940	9.840000	-0.040800
0.023950	9.840000	-0.040800
0.023960	9.840000	-0.041600
0.023970	9.840000	-0.040800
0.023980	9.840000	-0.041600
0.023990	9.840000	-0.040800
0.024000	9.840000	-0.040800
0.024010	9.840000	-0.040000
0.024020	9.840000	-0.040000
0.024030	9.840000	-0.040800
0.024040	9.840000	-0.039200
0.024050	9.840000	-0.040000
0.024060	9.840000	-0.040000
0.024070	9.840000	-0.039200
0.024080	9.840000	-0.040000
0.024090	9.840000	-0.038400
0.024100	9.840000	-0.038400
0.024110	9.840000	-0.038400
0.024120	9.840000	-0.039200
0.024130	9.840000	-0.039200
0.024140	9.840000	-0.039200
0.024150	9.840000	-0.038400
0.024160	9.840000	-0.038400
0.024170	9.840000	-0.037600
0.024180	9.840000	-0.038400
0.024190	9.840000	-0.037600
0.024200	9.840000	-0.037600
0.024210	9.840000	-0.036800
0.024220	9.840000	-0.037600
0.024230	9.840000	-0.036800
0.024240	9.840000	-0.036000
0.024250	9.840000	-0.036800
0.024260	9.840000	-0.036000
0.024270	9.840000	-0.036800
0.024280	9.840000	-0.036000
0.024290	9.840000	-0.036000
0.024300	9.840000	-0.036000
0.024310	9.840000	-0.035200
0.024320	9.840000	-0.035200
0.024330	9.840000	-0.036000
0.024340	9.840000	-0.036000
0.024350	9.840000	-0.034400
0.024360	9.840000	-0.035200
0.024370	9.840000	-0.034400
0.024380	9.840000	-0.034400
0.024390	9.840000	-0.034400
0.024400	9.840000	-0.033600
0.024410	9.840000	-0.033600
0.024420	9.840000	-0.033600
0.024430	9.840000	-0.032800
0.024440	9.840000	-0.033600
0.024450	9.840000	-0.033600
0.024460	9.840000	-0.033600
0.024470	9.840000	-0.032800
0.024480	9.840000	-0.032800
0.024490	9.840000	-0.032800
0.024500	9.840000	-0.032000
0.024510	9.840000	-0.032000
0.024520	9.840000	-0.032000
0.024530	9.840000	-0.032000
0.024540	9.840000	-0.032000
0.024550	9.840000	-0.031200
0.024560	9.840000	-0.031200
0.024570	9.840000	-0.031200
0.024580	9.840000	-0.031200
0.024590	9.840000	-0.030400
0.024600	9.840000	-0.029600
0.024610	9.840000	-0.030400
0.024620	9.840000	-0.029600
0.024630	9.840000	-0.028800
0.024640	9.840000	-0.029600
0.024650	9.840000	-0.030400
0.024660	9.840000	-0.030400
0.024670	9.840000	-0.030400
0.024680	9.840000	-0.029600
0.024690	9.840000	-0.029600
0.024700	9.840000	-0.028800
0.024710	9.840000	-0.029600
0.024720	9.840000	-0.028800
0.024730	9.840000	-0.028800
0.024740	9.840000	-0.028800
0.024750	9.840000	-0.028800
0.024760	9.840000	-0.028800
0.024770	9.840000	-0.028000
0.024780	9.840000	-0.028000
0.024790	9.840000	-0.028000
0.024800	9.840000	-0.027200
0.024810	9.840000	-0.028000
0.024820	9.840000	-0.027200
0.024830	9.840000	-0.028000
0.024840	9.840000	-0.027200
0.024850	9.840000	-0.027200
0.024860	9.840000	-0.027200
0.024870	9.840000	-0.027200
0.024880	9.840000	-0.026400
0.024890	9.840000	-0.026400
0.024900	9.840000	-0.025600
0.024910	9.840000	-0.026400
0.024920	9.840000	-0.026400
0.024930	9.840000	-0.025600
0.024940	9.840000	-0.026400
0.024950	9.840000	-0.025600
0.024960	9.840000	-0.025600
0.024970	9.840000	-0.025600
0.024980	9.840000	-0.025600
0.024990	9.840000	-0.025600
