0.000000	0.020000	1.682000
0.000400	0.020000	1.682000
0.000800	0.020000	1.682000
0.001200	0.020000	1.682000
0.001600	0.020000	1.682400
0.002000	0.020000	1.682000
0.002400	0.020000	1.682000
0.002800	0.020000	1.682000
0.003200	0.020000	1.682400
0.003600	0.020000	1.682000
0.004000	0.020000	1.682400
0.004400	0.020000	1.682000
0.004800	0.020000	1.681600
0.005200	0.020000	1.682000
0.005600	0.020000	1.682000
0.006000	0.020000	1.682000
0.006400	0.020000	1.682000
0.006800	0.020000	1.682000
0.007200	0.020000	1.682400
0.007600	0.020000	1.682000
0.008000	0.020000	1.682000
0.008400	0.020000	1.682400
0.008800	0.020000	1.682000
0.009200	0.020000	1.682800
0.009600	0.020000	1.682000
0.010000	0.020000	1.682400
0.010400	0.020000	1.682000
0.010800	0.020000	1.682000
0.011200	0.020000	1.682400
0.011600	0.020000	1.682400
0.012000	0.020000	1.682000
0.012400	0.020000	1.681600
0.012800	0.020000	1.682000
0.013200	0.020000	1.682400
0.013600	0.020000	1.681600
0.014000	0.020000	1.682000
0.014400	0.020000	1.682400
0.014800	0.020000	1.682000
0.015200	0.020000	1.682000
0.015600	0.020000	1.682400
0.016000	0.020000	1.682400
0.016400	0.020000	1.682000
0.016800	0.020000	1.682000
0.017200	0.020000	1.682000
0.017600	0.020000	1.682400
0.018000	0.020000	1.682000
0.018400	0.020000	1.682000
0.018800	0.000000	1.682800
0.019200	0.020000	1.682400
0.019600	0.020000	1.682000
0.020000	0.020000	1.682400
0.020400	0.020000	1.682400
0.020800	0.000000	1.682000
0.021200	0.020000	1.682000
0.021600	0.020000	1.682000
0.022000	0.000000	1.682000
0.022400	0.000000	1.681600
0.022800	0.000000	1.682000
0.023200	0.020000	1.682400
0.023600	0.020000	1.682000
0.024000	0.020000	1.682000
0.024400	0.020000	1.682400
0.024800	0.020000	1.681600
0.025200	0.020000	1.681600
0.025600	0.020000	1.682400
0.026000	0.020000	1.682000
0.026400	0.020000	1.682000
0.026800	0.020000	1.682400
0.027200	0.020000	1.682000
0.027600	0.020000	1.681600
0.028000	0.020000	1.682400
0.028400	0.020000	1.682400
0.028800	0.020000	1.682800
0.029200	0.020000	1.682400
0.029600	0.020000	1.682400
0.030000	0.020000	1.682400
0.030400	0.020000	1.682000
0.030800	0.020000	1.682400
0.031200	0.020000	1.682000
0.031600	0.020000	1.682400
0.032000	0.020000	1.682000
0.032400	0.020000	1.681600
0.032800	0.020000	1.681600
0.033200	0.020000	1.682000
0.033600	0.020000	1.681600
0.034000	0.020000	1.681600
0.034400	0.020000	1.681600
0.034800	0.020000	1.682000
0.035200	0.020000	1.682400
0.035600	0.020000	1.682400
0.036000	0.020000	1.682400
0.036400	0.020000	1.682400
0.036800	0.020000	1.682000
0.037200	0.020000	1.682400
0.037600	0.020000	1.682000
0.038000	0.020000	1.682000
0.038400	0.020000	1.682000
0.038800	0.020000	1.682400
0.039200	0.020000	1.682400
0.039600	0.020000	1.682000
0.040000	3.440000	1.681600
0.040400	3.440000	1.682000
0.040800	3.440000	1.682000
0.041200	3.440000	1.682000
0.041600	3.420000	1.682000
0.042000	3.420000	1.682400
0.042400	3.420000	1.682000
0.042800	3.440000	1.682000
0.043200	3.420000	1.682000
0.043600	3.420000	1.682400
0.044000	3.440000	1.682400
0.044400	3.440000	1.682000
0.044800	3.440000	1.682000
0.045200	3.420000	1.682400
0.045600	3.420000	1.681600
0.046000	3.440000	1.682400
0.046400	3.420000	1.682000
0.046800	3.420000	1.682400
0.047200	3.440000	1.682400
0.047600	3.440000	1.682400
0.048000	3.440000	1.682400
0.048400	3.420000	1.682400
0.048800	3.440000	1.682400
0.049200	3.420000	1.682000
0.049600	3.440000	1.682400
0.050000	3.440000	1.682000
0.050400	3.440000	1.682000
0.050800	3.440000	1.682000
0.051200	3.420000	1.682000
0.051600	3.440000	1.681600
0.052000	3.440000	1.682400
0.052400	3.440000	1.682000
0.052800	3.420000	1.682000
0.053200	3.420000	1.682000
0.053600	3.440000	1.682400
0.054000	3.420000	1.682000
0.054400	3.420000	1.682400
0.054800	3.440000	1.682400
0.055200	3.420000	1.682000
0.055600	3.440000	1.681600
0.056000	3.420000	1.682400
0.056400	3.440000	1.682000
0.056800	3.420000	1.682000
0.057200	3.420000	1.682000
0.057600	3.440000	1.682400
0.058000	3.420000	1.682400
0.058400	3.440000	1.682400
0.058800	3.440000	1.682400
0.059200	3.420000	1.682400
0.059600	3.420000	1.682000
0.060000	3.420000	1.682000
0.060400	3.440000	1.682400
0.060800	3.440000	1.682400
0.061200	3.440000	1.682000
0.061600	3.440000	1.682000
0.062000	3.420000	1.682400
0.062400	3.420000	1.682400
0.062800	3.420000	1.682000
0.063200	3.440000	1.682000
0.063600	3.440000	1.682000
0.064000	3.440000	1.681600
0.064400	3.440000	1.682000
0.064800	3.420000	1.682000
0.065200	3.440000	1.682000
0.065600	3.440000	1.682400
0.066000	3.440000	1.682400
0.066400	3.440000	1.682000
0.066800	3.440000	1.682400
0.067200	3.440000	1.682000
0.067600	3.420000	1.682000
0.068000	3.420000	1.682000
0.068400	3.440000	1.682400
0.068800	3.440000	1.682000
0.069200	3.420000	1.682000
0.069600	3.440000	1.682000
0.070000	3.420000	1.682000
0.070400	3.440000	1.682000
0.070800	3.440000	1.682000
0.071200	3.440000	1.682000
0.071600	3.440000	1.682400
0.072000	3.440000	1.682000
0.072400	3.440000	1.681600
0.072800	3.440000	1.682000
0.073200	3.420000	1.682000
0.073600	3.440000	1.682000
0.074000	3.440000	1.682000
0.074400	3.440000	1.682000
0.074800	3.420000	1.682000
0.075200	3.440000	1.682000
0.075600	3.420000	1.682000
0.076000	3.420000	1.682000
0.076400	3.440000	1.682000
0.076800	3.420000	1.682400
0.077200	3.420000	1.682000
0.077600	3.420000	1.682400
0.078000	3.420000	1.682400
0.078400	3.440000	1.682000
0.078800	3.420000	1.682000
0.079200	3.420000	1.682400
0.079600	3.440000	1.682400
0.080000	3.420000	1.682000
0.080400	3.420000	1.682400
0.080800	3.440000	1.682400
0.081200	3.440000	1.682000
0.081600	3.440000	1.682000
0.082000	3.420000	1.682400
0.082400	3.440000	1.682000
0.082800	3.440000	1.682000
0.083200	3.440000	1.682000
0.083600	3.440000	1.682000
0.084000	3.440000	1.682000
0.084400	3.440000	1.682000
0.084800	3.420000	1.682400
0.085200	3.420000	1.682400
0.085600	3.440000	1.682000
0.086000	3.440000	1.682400
0.086400	3.420000	1.682000
0.086800	3.440000	1.682400
0.087200	3.440000	1.682000
0.087600	3.440000	1.682000
0.088000	3.420000	1.682000
0.088400	3.440000	1.682000
0.088800	3.440000	1.682000
0.089200	3.440000	1.682400
0.089600	3.420000	1.682000
0.090000	3.440000	1.682400
0.090400	3.440000	1.682000
0.090800	3.420000	1.682400
0.091200	3.440000	1.682000
0.091600	3.440000	1.682000
0.092000	3.440000	1.682000
0.092400	3.440000	1.681600
0.092800	3.440000	1.682400
0.093200	3.420000	1.682000
0.093600	3.440000	1.682000
0.094000	3.420000	1.682000
0.094400	3.440000	1.682000
0.094800	3.440000	1.682000
0.095200	3.440000	1.682000
0.095600	3.420000	1.682000
0.096000	3.440000	1.682400
0.096400	3.420000	1.682400
0.096800	3.420000	1.682000
0.097200	3.440000	1.682000
0.097600	3.420000	1.682000
0.098000	3.420000	1.682000
0.098400	3.420000	1.682000
0.098800	3.440000	1.682000
0.099200	3.420000	1.682000
0.099600	3.420000	1.682400
0.100000	3.420000	1.682000
0.100400	3.440000	1.682000
0.100800	3.420000	1.682000
0.101200	3.440000	1.682000
0.101600	3.440000	1.682000
0.102000	3.420000	1.682400
0.102400	3.440000	1.682400
0.102800	3.440000	1.682000
0.103200	3.420000	1.682000
0.103600	3.420000	1.682400
0.104000	3.440000	1.682000
0.104400	3.440000	1.682400
0.104800	3.420000	1.681600
0.105200	3.420000	1.682400
0.105600	3.440000	1.682000
0.106000	3.420000	1.682000
0.106400	3.420000	1.682000
0.106800	3.420000	1.682400
0.107200	3.440000	1.682000
0.107600	3.420000	1.682400
0.108000	3.420000	1.682000
0.108400	3.440000	1.682000
0.108800	3.420000	1.682400
0.109200	3.440000	1.682000
0.109600	3.420000	1.682000
0.110000	3.420000	1.682000
0.110400	3.420000	1.682000
0.110800	3.440000	1.682000
0.111200	3.440000	1.681600
0.111600	3.440000	1.682000
0.112000	3.440000	1.681600
0.112400	3.420000	1.682000
0.112800	3.440000	1.681600
0.113200	3.440000	1.681600
0.113600	3.440000	1.681600
0.114000	3.420000	1.682000
0.114400	3.420000	1.682000
0.114800	3.420000	1.682000
0.115200	3.440000	1.682000
0.115600	3.420000	1.682000
0.116000	3.440000	1.682000
0.116400	3.420000	1.682400
0.116800	3.420000	1.682400
0.117200	3.440000	1.682400
0.117600	3.420000	1.682000
0.118000	3.440000	1.682400
0.118400	3.420000	1.682000
0.118800	3.420000	1.682000
0.119200	3.440000	1.682000
0.119600	3.420000	1.682400
0.120000	3.440000	1.682000
0.120400	3.440000	1.682400
0.120800	3.420000	1.682000
0.121200	3.440000	1.682000
0.121600	3.440000	1.682400
0.122000	3.420000	1.682000
0.122400	3.440000	1.682400
0.122800	3.420000	1.682000
0.123200	3.420000	1.682000
0.123600	3.420000	1.682000
0.124000	3.440000	1.682000
0.124400	3.420000	1.681600
0.124800	3.440000	1.682000
0.125200	3.440000	1.682000
0.125600	3.440000	1.682000
0.126000	3.440000	1.682000
0.126400	3.420000	1.682000
0.126800	3.440000	1.682000
0.127200	3.440000	1.682000
0.127600	3.440000	1.682000
0.128000	3.440000	1.682400
0.128400	3.440000	1.682000
0.128800	3.420000	1.682000
0.129200	3.440000	1.682000
0.129600	3.420000	1.682000
0.130000	3.420000	1.682000
0.130400	3.420000	1.682000
0.130800	3.440000	1.681600
0.131200	3.440000	1.682000
0.131600	3.440000	1.682400
0.132000	3.420000	1.682000
0.132400	3.440000	1.682000
0.132800	3.420000	1.682000
0.133200	3.420000	1.682000
0.133600	3.440000	1.681600
0.134000	3.440000	1.682000
0.134400	3.440000	1.682000
0.134800	3.440000	1.682400
0.135200	3.440000	1.682000
0.135600	3.440000	1.682400
0.136000	3.440000	1.682000
0.136400	3.440000	1.682000
0.136800	3.440000	1.682000
0.137200	3.420000	1.682400
0.137600	3.420000	1.682400
0.138000	3.440000	1.682400
0.138400	3.440000	1.682000
0.138800	3.440000	1.682000
0.139200	3.440000	1.682000
0.139600	3.420000	1.682000
0.140000	3.440000	1.682000
0.140400	3.440000	1.682400
0.140800	3.440000	1.682000
0.141200	3.420000	1.682400
0.141600	3.420000	1.682000
0.142000	3.440000	1.682000
0.142400	3.440000	1.682000
0.142800	3.420000	1.682000
0.143200	3.440000	1.682000
0.143600	3.440000	1.682400
0.144000	3.420000	1.682000
0.144400	3.440000	1.682400
0.144800	3.440000	1.681600
0.145200	3.440000	1.682000
0.145600	3.440000	1.682000
0.146000	3.440000	1.682400
0.146400	3.420000	1.682000
0.146800	3.440000	1.682000
0.147200	3.440000	1.682000
0.147600	3.440000	1.682400
0.148000	3.420000	1.682000
0.148400	3.420000	1.682000
0.148800	3.440000	1.682000
0.149200	3.420000	1.682400
0.149600	3.440000	1.682400
0.150000	3.440000	1.682000
0.150400	3.420000	1.682000
0.150800	3.440000	1.682000
0.151200	3.440000	1.682000
0.151600	3.440000	1.682400
0.152000	3.420000	1.682000
0.152400	3.420000	1.682400
0.152800	3.420000	1.681600
0.153200	3.440000	1.682000
0.153600	3.440000	1.682000
0.154000	3.440000	1.682000
0.154400	3.420000	1.682000
0.154800	3.420000	1.681600
0.155200	3.440000	1.681600
0.155600	3.420000	1.682000
0.156000	3.440000	1.682000
0.156400	3.420000	1.682000
0.156800	3.440000	1.682400
0.157200	3.440000	1.682400
0.157600	3.420000	1.682400
0.158000	3.440000	1.682400
0.158400	3.440000	1.682000
0.158800	3.440000	1.682400
0.159200	3.440000	1.682400
0.159600	3.420000	1.682400
0.160000	3.440000	1.682400
0.160400	3.440000	1.682400
0.160800	3.440000	1.682000
0.161200	3.440000	1.682400
0.161600	3.440000	1.682000
0.162000	3.440000	1.682400
0.162400	3.420000	1.682000
0.162800	3.420000	1.682400
0.163200	3.440000	1.682000
0.163600	3.440000	1.681600
0.164000	3.420000	1.682000
0.164400	3.420000	1.682400
0.164800	3.420000	1.682000
0.165200	3.440000	1.682400
0.165600	3.440000	1.682000
0.166000	3.440000	1.681600
0.166400	3.420000	1.682000
0.166800	3.440000	1.682000
0.167200	3.440000	1.682000
0.167600	3.440000	1.682400
0.168000	3.440000	1.682000
0.168400	3.440000	1.682000
0.168800	3.420000	1.682000
0.169200	3.440000	1.682400
0.169600	3.440000	1.682400
0.170000	3.420000	1.682400
0.170400	3.420000	1.682000
0.170800	3.420000	1.682400
0.171200	3.420000	1.682400
0.171600	3.440000	1.682000
0.172000	3.420000	1.682000
0.172400	3.440000	1.682400
0.172800	3.420000	1.682000
0.173200	3.440000	1.682400
0.173600	3.440000	1.682000
0.174000	3.420000	1.682000
0.174400	3.440000	1.682400
0.174800	3.440000	1.682400
0.175200	3.420000	1.682000
0.175600	3.440000	1.682400
0.176000	3.420000	1.682400
0.176400	3.420000	1.682400
0.176800	3.440000	1.682000
0.177200	3.440000	1.682800
0.177600	3.440000	1.682000
0.178000	3.420000	1.682400
0.178400	3.420000	1.682000
0.178800	3.420000	1.682400
0.179200	3.420000	1.682000
0.179600	3.440000	1.682000
0.180000	3.420000	1.682400
0.180400	3.440000	1.682400
0.180800	3.440000	1.682000
0.181200	3.420000	1.682000
0.181600	3.440000	1.682000
0.182000	3.440000	1.682000
0.182400	3.420000	1.682000
0.182800	3.440000	1.681600
0.183200	3.440000	1.682400
0.183600	3.420000	1.682000
0.184000	3.440000	1.682000
0.184400	3.420000	1.682400
0.184800	3.420000	1.682000
0.185200	3.420000	1.682000
0.185600	3.420000	1.682400
0.186000	3.440000	1.682400
0.186400	3.420000	1.682400
0.186800	3.420000	1.682000
0.187200	3.420000	1.682000
0.187600	3.420000	1.682400
0.188000	3.420000	1.682000
0.188400	3.440000	1.682000
0.188800	3.440000	1.681600
0.189200	3.440000	1.682400
0.189600	3.420000	1.682400
0.190000	3.440000	1.682000
0.190400	3.440000	1.682000
0.190800	3.420000	1.682400
0.191200	3.420000	1.682400
0.191600	3.420000	1.682000
0.192000	3.440000	1.682000
0.192400	3.420000	1.682000
0.192800	3.440000	1.682000
0.193200	3.420000	1.682000
0.193600	3.440000	1.682000
0.194000	3.440000	1.682400
0.194400	3.420000	1.682000
0.194800	3.440000	1.682000
0.195200	3.420000	1.682000
0.195600	3.440000	1.682400
0.196000	3.420000	1.682000
0.196400	3.420000	1.682400
0.196800	3.420000	1.682000
0.197200	3.420000	1.682000
0.197600	3.420000	1.682000
0.198000	3.440000	1.682400
0.198400	3.440000	1.682000
0.198800	3.440000	1.682400
0.199200	3.420000	1.682000
0.199600	3.420000	1.682000
0.200000	3.440000	1.682000
0.200400	3.440000	1.682400
0.200800	3.420000	1.682000
0.201200	3.440000	1.682000
0.201600	3.440000	1.682400
0.202000	3.420000	1.682000
0.202400	3.420000	1.682400
0.202800	3.440000	1.682000
0.203200	3.420000	1.682400
0.203600	3.420000	1.682000
0.204000	3.440000	1.682000
0.204400	3.420000	1.682000
0.204800	3.440000	1.682000
0.205200	3.420000	1.682000
0.205600	3.440000	1.682000
0.206000	3.440000	1.682400
0.206400	3.440000	1.682400
0.206800	3.420000	1.682400
0.207200	3.440000	1.682400
0.207600	3.440000	1.682400
0.208000	3.440000	1.682400
0.208400	3.420000	1.682800
0.208800	3.440000	1.682400
0.209200	3.420000	1.682400
0.209600	3.440000	1.682000
0.210000	3.420000	1.682000
0.210400	3.420000	1.682400
0.210800	3.420000	1.682400
0.211200	3.440000	1.682000
0.211600	3.420000	1.682000
0.212000	3.440000	1.682000
0.212400	3.440000	1.682400
0.212800	3.440000	1.682000
0.213200	3.440000	1.682400
0.213600	3.420000	1.682000
0.214000	3.440000	1.682000
0.214400	3.440000	1.682000
0.214800	3.440000	1.682000
0.215200	3.420000	1.682000
0.215600	3.420000	1.682000
0.216000	3.440000	1.682400
0.216400	3.420000	1.682400
0.216800	3.420000	1.682000
0.217200	3.440000	1.682400
0.217600	3.440000	1.682000
0.218000	3.440000	1.682400
0.218400	3.420000	1.682400
0.218800	3.440000	1.682000
0.219200	3.440000	1.682400
0.219600	3.420000	1.682000
0.220000	3.440000	1.682400
0.220400	3.420000	1.682400
0.220800	3.440000	1.682000
0.221200	3.420000	1.681600
0.221600	3.440000	1.682000
0.222000	3.440000	1.682400
0.222400	3.420000	1.682000
0.222800	3.440000	1.682000
0.223200	3.440000	1.682000
0.223600	3.440000	1.682000
0.224000	3.420000	1.682000
0.224400	3.440000	1.682400
0.224800	3.440000	1.682400
0.225200	3.440000	1.682000
0.225600	3.420000	1.682000
0.226000	3.420000	1.681600
0.226400	3.420000	1.682000
0.226800	3.420000	1.682000
0.227200	3.440000	1.682400
0.227600	3.440000	1.682400
0.228000	3.440000	1.682400
0.228400	3.440000	1.682400
0.228800	3.440000	1.682400
0.229200	3.420000	1.682400
0.229600	3.420000	1.682400
0.230000	3.440000	1.682400
0.230400	3.440000	1.682400
0.230800	3.420000	1.682000
0.231200	3.420000	1.682000
0.231600	3.420000	1.682000
0.232000	3.420000	1.682400
0.232400	3.420000	1.682400
0.232800	3.440000	1.682000
0.233200	3.440000	1.682000
0.233600	3.440000	1.682000
0.234000	3.440000	1.682000
0.234400	3.420000	1.682000
0.234800	3.420000	1.682000
0.235200	3.420000	1.682400
0.235600	3.420000	1.682400
0.236000	3.420000	1.682400
0.236400	3.420000	1.682400
0.236800	3.440000	1.682400
0.237200	3.420000	1.682400
0.237600	3.440000	1.682000
0.238000	3.440000	1.682400
0.238400	3.440000	1.682400
0.238800	3.420000	1.682000
0.239200	3.440000	1.682400
0.239600	3.440000	1.682400
0.240000	3.440000	1.682000
0.240400	3.440000	1.682000
0.240800	3.440000	1.682000
0.241200	3.420000	1.682000
0.241600	3.440000	1.682000
0.242000	3.440000	1.682000
0.242400	3.420000	1.682400
0.242800	3.420000	1.682000
0.243200	3.440000	1.682000
0.243600	3.440000	1.682000
0.244000	3.420000	1.682000
0.244400	3.420000	1.682000
0.244800	3.420000	1.682800
0.245200	3.440000	1.682400
0.245600	3.440000	1.682400
0.246000	3.440000	1.682000
0.246400	3.440000	1.682000
0.246800	3.440000	1.682400
0.247200	3.440000	1.682000
0.247600	3.420000	1.682400
0.248000	3.440000	1.682400
0.248400	3.420000	1.682400
0.248800	3.440000	1.682400
0.249200	3.440000	1.682400
0.249600	3.440000	1.682400
0.250000	3.420000	1.682400
0.250400	3.420000	1.682000
0.250800	3.420000	1.682000
0.251200	3.440000	1.682000
0.251600	3.420000	1.682000
0.252000	3.420000	1.682000
0.252400	3.440000	1.682400
0.252800	3.440000	1.682400
0.253200	3.420000	1.682400
0.253600	3.440000	1.682000
0.254000	3.440000	1.682400
0.254400	3.440000	1.682000
0.254800	3.440000	1.682000
0.255200	3.440000	1.682400
0.255600	3.420000	1.682000
0.256000	3.440000	1.682000
0.256400	3.420000	1.682400
0.256800	3.440000	1.682800
0.257200	3.420000	1.682000
0.257600	3.420000	1.682000
0.258000	3.420000	1.682000
0.258400	3.420000	1.681600
0.258800	3.420000	1.682400
0.259200	3.420000	1.682400
0.259600	3.440000	1.682000
0.260000	3.440000	1.682000
0.260400	3.440000	1.682400
0.260800	3.440000	1.682400
0.261200	3.440000	1.682000
0.261600	3.440000	1.682400
0.262000	3.440000	1.682400
0.262400	3.420000	1.682800
0.262800	3.420000	1.682000
0.263200	3.420000	1.682400
0.263600	3.420000	1.682000
0.264000	3.420000	1.682400
0.264400	3.420000	1.681600
0.264800	3.440000	1.681600
0.265200	3.420000	1.682000
0.265600	3.440000	1.681600
0.266000	3.420000	1.682000
0.266400	3.440000	1.682000
0.266800	3.420000	1.682400
0.267200	3.440000	1.682400
0.267600	3.440000	1.682000
0.268000	3.440000	1.682400
0.268400	3.440000	1.682000
0.268800	3.440000	1.682400
0.269200	3.440000	1.682000
0.269600	3.440000	1.682400
0.270000	3.440000	1.682000
0.270400	3.420000	1.682000
0.270800	3.440000	1.682000
0.271200	3.420000	1.682400
0.271600	3.440000	1.682000
0.272000	3.440000	1.682000
0.272400	3.440000	1.681600
0.272800	3.420000	1.681600
0.273200	3.440000	1.682000
0.273600	3.440000	1.682000
0.274000	3.420000	1.681600
0.274400	3.440000	1.682000
0.274800	3.440000	1.682000
0.275200	3.420000	1.682000
0.275600	3.420000	1.682000
0.276000	3.420000	1.682400
0.276400	3.420000	1.682000
0.276800	3.420000	1.682000
0.277200	3.440000	1.682000
0.277600	3.420000	1.682000
0.278000	3.440000	1.681600
0.278400	3.440000	1.681600
0.278800	3.440000	1.681600
0.279200	3.440000	1.680800
0.279600	3.420000	1.680800
0.280000	3.420000	1.678800
0.280400	3.440000	1.678800
0.280800	3.420000	1.675200
0.281200	3.440000	1.674800
0.281600	3.420000	1.671600
0.282000	3.420000	1.670000
0.282400	3.420000	1.668800
0.282800	3.440000	1.667600
0.283200	3.420000	1.668000
0.283600	3.440000	1.668400
0.284000	3.440000	1.669200
0.284400	3.440000	1.670800
0.284800	3.440000	1.671600
0.285200	3.440000	1.672800
0.285600	3.420000	1.674000
0.286000	3.420000	1.674800
0.286400	3.420000	1.675600
0.286800	3.440000	1.676000
0.287200	3.420000	1.676800
0.287600	3.420000	1.677200
0.288000	3.420000	1.677600
0.288400	3.420000	1.678000
0.288800	3.440000	1.678400
0.289200	3.440000	1.678400
0.289600	3.440000	1.678400
0.290000	3.440000	1.678800
0.290400	3.420000	1.679600
0.290800	3.440000	1.679600
0.291200	3.420000	1.680000
0.291600	3.420000	1.680000
0.292000	3.420000	1.680000
0.292400	3.440000	1.680400
0.292800	3.440000	1.680400
0.293200	3.420000	1.680400
0.293600	3.420000	1.680800
0.294000	3.420000	1.680400
0.294400	3.420000	1.680400
0.294800	3.440000	1.680800
0.295200	3.440000	1.681200
0.295600	3.420000	1.681200
0.296000	3.420000	1.681600
0.296400	3.420000	1.680800
0.296800	3.440000	1.681600
0.297200	3.440000	1.681600
0.297600	3.420000	1.681200
0.298000	3.440000	1.681600
0.298400	3.440000	1.682000
0.298800	3.420000	1.682000
0.299200	3.440000	1.682000
0.299600	3.420000	1.682000
0.300000	3.440000	1.682000
0.300400	3.440000	1.681600
0.300800	3.440000	1.682000
0.301200	3.420000	1.681600
0.301600	3.420000	1.682000
0.302000	3.420000	1.682000
0.302400	3.440000	1.681600
0.302800	3.420000	1.682000
0.303200	3.440000	1.681200
0.303600	3.420000	1.681600
0.304000	3.440000	1.681600
0.304400	3.440000	1.682000
0.304800	3.440000	1.682000
0.305200	3.420000	1.682000
0.305600	3.420000	1.681600
0.306000	3.420000	1.681600
0.306400	3.420000	1.682000
0.306800	3.440000	1.682000
0.307200	3.440000	1.682000
0.307600	3.440000	1.682400
0.308000	3.420000	1.682000
0.308400	3.440000	1.682000
0.308800	3.440000	1.682000
0.309200	3.420000	1.682400
0.309600	3.420000	1.682000
0.310000	3.420000	1.682000
0.310400	3.440000	1.681600
0.310800	3.420000	1.682400
0.311200	3.440000	1.682400
0.311600	3.440000	1.682000
0.312000	3.440000	1.682000
0.312400	3.440000	1.682400
0.312800	3.440000	1.682000
0.313200	3.440000	1.682000
0.313600	3.420000	1.682400
0.314000	3.440000	1.682000
0.314400	3.420000	1.682000
0.314800	3.440000	1.682400
0.315200	3.420000	1.682000
0.315600	3.420000	1.682000
0.316000	3.440000	1.682800
0.316400	3.420000	1.682000
0.316800	3.420000	1.682400
0.317200	3.420000	1.682400
0.317600	3.440000	1.682400
0.318000	3.440000	1.682400
0.318400	3.440000	1.682400
0.318800	3.440000	1.682400
0.319200	3.440000	1.682400
0.319600	3.440000	1.682400
0.320000	3.440000	1.682400
0.320400	3.440000	1.682000
0.320800	3.440000	1.682000
0.321200	3.440000	1.682400
0.321600	3.440000	1.682000
0.322000	3.420000	1.682400
0.322400	3.420000	1.682400
0.322800	3.420000	1.682400
0.323200	3.440000	1.682400
0.323600	3.440000	1.682400
0.324000	3.440000	1.682000
0.324400	3.440000	1.682000
0.324800	3.440000	1.682000
0.325200	3.440000	1.682000
0.325600	3.440000	1.682400
0.326000	3.440000	1.682000
0.326400	3.440000	1.682400
0.326800	3.440000	1.682400
0.327200	3.440000	1.682400
0.327600	3.440000	1.682400
0.328000	3.420000	1.682800
0.328400	3.420000	1.682800
0.328800	3.440000	1.682400
0.329200	3.440000	1.682400
0.329600	3.440000	1.682400
0.330000	3.420000	1.682000
0.330400	3.440000	1.682800
0.330800	3.440000	1.682000
0.331200	3.420000	1.682400
0.331600	3.420000	1.682000
0.332000	3.440000	1.682400
0.332400	3.420000	1.682000
0.332800	3.440000	1.682400
0.333200	3.440000	1.682000
0.333600	3.440000	1.682400
0.334000	3.440000	1.682400
0.334400	3.440000	1.682400
0.334800	3.420000	1.682400
0.335200	3.440000	1.682400
0.335600	3.440000	1.682400
0.336000	3.420000	1.682400
0.336400	3.440000	1.682400
0.336800	3.440000	1.682800
0.337200	3.440000	1.682400
0.337600	3.440000	1.682400
0.338000	3.440000	1.682400
0.338400	3.420000	1.682800
0.338800	3.440000	1.682400
0.339200	3.420000	1.682800
0.339600	3.440000	1.682400
0.340000	3.440000	1.682400
0.340400	3.420000	1.682400
0.340800	3.420000	1.682400
0.341200	3.420000	1.682800
0.341600	3.420000	1.682400
0.342000	3.420000	1.682400
0.342400	3.440000	1.681600
0.342800	3.440000	1.682400
0.343200	3.420000	1.682400
0.343600	3.440000	1.682400
0.344000	3.420000	1.682400
0.344400	3.440000	1.682400
0.344800	3.440000	1.682000
0.345200	3.440000	1.682400
0.345600	3.440000	1.682400
0.346000	3.440000	1.682000
0.346400	3.420000	1.682800
0.346800	3.440000	1.682400
0.347200	3.420000	1.682800
0.347600	3.440000	1.682400
0.348000	3.440000	1.682400
0.348400	3.420000	1.682400
0.348800	3.440000	1.682400
0.349200	3.420000	1.682400
0.349600	3.420000	1.682400
0.350000	3.440000	1.682400
0.350400	3.420000	1.682400
0.350800	3.440000	1.682400
0.351200	3.440000	1.682400
0.351600	3.440000	1.682400
0.352000	3.440000	1.682000
0.352400	3.420000	1.682400
0.352800	3.420000	1.682400
0.353200	3.440000	1.682000
0.353600	3.420000	1.682400
0.354000	3.440000	1.682000
0.354400	3.420000	1.682400
0.354800	3.420000	1.682000
0.355200	3.420000	1.682000
0.355600	3.440000	1.682000
0.356000	3.440000	1.682400
0.356400	3.440000	1.682000
0.356800	3.420000	1.682000
0.357200	3.440000	1.682000
0.357600	3.440000	1.682000
0.358000	3.420000	1.681600
0.358400	3.440000	1.682000
0.358800	3.420000	1.682000
0.359200	3.440000	1.681600
0.359600	3.420000	1.682000
0.360000	3.420000	1.682000
0.360400	3.440000	1.682000
0.360800	3.420000	1.682000
0.361200	3.440000	1.682000
0.361600	3.420000	1.681600
0.362000	3.420000	1.682000
0.362400	3.440000	1.682400
0.362800	3.420000	1.682000
0.363200	3.420000	1.682400
0.363600	3.440000	1.682000
0.364000	3.420000	1.682000
0.364400	3.440000	1.681600
0.364800	3.420000	1.681600
0.365200	3.420000	1.682000
0.365600	3.420000	1.682400
0.366000	3.440000	1.682000
0.366400	3.420000	1.682400
0.366800	3.420000	1.682400
0.367200	3.420000	1.682400
0.367600	3.440000	1.682400
0.368000	3.420000	1.682400
0.368400	3.440000	1.682400
0.368800	3.440000	1.682400
0.369200	3.420000	1.682400
0.369600	3.440000	1.682400
0.370000	3.440000	1.682800
0.370400	3.440000	1.682000
0.370800	3.420000	1.682000
0.371200	3.440000	1.682400
0.371600	3.440000	1.682000
0.372000	3.420000	1.682400
0.372400	3.420000	1.682400
0.372800	3.440000	1.682000
0.373200	3.420000	1.682000
0.373600	3.440000	1.682400
0.374000	3.440000	1.682000
0.374400	3.440000	1.682000
0.374800	3.440000	1.682400
0.375200	3.420000	1.682400
0.375600	3.440000	1.682000
0.376000	3.440000	1.682400
0.376400	3.420000	1.682000
0.376800	3.440000	1.682400
0.377200	3.440000	1.682400
0.377600	3.420000	1.682400
0.378000	3.440000	1.682000
0.378400	3.440000	1.682400
0.378800	3.440000	1.682400
0.379200	3.420000	1.682800
0.379600	3.440000	1.682400
0.380000	3.440000	1.682800
0.380400	3.440000	1.682400
0.380800	3.440000	1.682400
0.381200	3.420000	1.682800
0.381600	3.440000	1.682000
0.382000	3.420000	1.682000
0.382400	3.420000	1.682400
0.382800	3.420000	1.682000
0.383200	3.440000	1.682000
0.383600	3.440000	1.682400
0.384000	3.420000	1.682000
0.384400	3.440000	1.682400
0.384800	3.420000	1.682400
0.385200	3.440000	1.682800
0.385600	3.440000	1.682000
0.386000	3.420000	1.682400
0.386400	3.440000	1.682400
0.386800	3.440000	1.682400
0.387200	3.420000	1.682400
0.387600	3.440000	1.682400
0.388000	3.440000	1.682400
0.388400	3.440000	1.682400
0.388800	3.420000	1.682800
0.389200	3.420000	1.682400
0.389600	3.440000	1.682400
0.390000	3.420000	1.682400
0.390400	3.440000	1.682400
0.390800	3.440000	1.682000
0.391200	3.420000	1.682000
0.391600	3.420000	1.682400
0.392000	3.420000	1.682400
0.392400	3.440000	1.681600
0.392800	3.420000	1.682800
0.393200	3.440000	1.682400
0.393600	3.440000	1.682000
0.394000	3.420000	1.682400
0.394400	3.440000	1.682000
0.394800	3.420000	1.682400
0.395200	3.420000	1.682000
0.395600	3.440000	1.682400
0.396000	3.440000	1.682400
0.396400	3.440000	1.682400
0.396800	3.420000	1.682000
0.397200	3.420000	1.682000
0.397600	3.440000	1.682400
0.398000	3.440000	1.682400
0.398400	3.440000	1.682800
0.398800	3.420000	1.682400
0.399200	3.440000	1.682400
0.399600	3.440000	1.682400
0.400000	3.440000	1.682400
0.400400	3.420000	1.682400
0.400800	3.440000	1.682000
0.401200	3.420000	1.682400
0.401600	3.420000	1.682000
0.402000	3.420000	1.682800
0.402400	3.440000	1.682400
0.402800	3.440000	1.682000
0.403200	3.420000	1.682000
0.403600	3.440000	1.682400
0.404000	3.440000	1.682000
0.404400	3.420000	1.682000
0.404800	3.440000	1.682400
0.405200	3.440000	1.682400
0.405600	3.420000	1.682400
0.406000	3.440000	1.682400
0.406400	3.440000	1.682400
0.406800	3.440000	1.682400
0.407200	3.440000	1.682400
0.407600	3.420000	1.682400
0.408000	3.420000	1.682400
0.408400	3.440000	1.682400
0.408800	3.440000	1.682400
0.409200	3.440000	1.682400
0.409600	3.440000	1.682000
0.410000	3.440000	1.682400
0.410400	3.440000	1.682400
0.410800	3.440000	1.682000
0.411200	3.440000	1.682400
0.411600	3.440000	1.682400
0.412000	3.440000	1.682400
0.412400	3.420000	1.682400
0.412800	3.440000	1.682000
0.413200	3.420000	1.682400
0.413600	3.420000	1.682400
0.414000	3.440000	1.682400
0.414400	3.440000	1.682000
0.414800	3.440000	1.682400
0.415200	3.440000	1.682400
0.415600	3.440000	1.682400
0.416000	3.440000	1.682400
0.416400	3.420000	1.682000
0.416800	3.420000	1.682400
0.417200	3.440000	1.682400
0.417600	3.420000	1.682400
0.418000	3.440000	1.682400
0.418400	3.440000	1.682400
0.418800	3.420000	1.682000
0.419200	3.420000	1.682400
0.419600	3.420000	1.682000
0.420000	3.420000	1.682400
0.420400	3.440000	1.682000
0.420800	3.420000	1.682000
0.421200	3.440000	1.682400
0.421600	3.420000	1.682400
0.422000	3.440000	1.682400
0.422400	3.440000	1.682000
0.422800	3.420000	1.682000
0.423200	3.440000	1.682000
0.423600	3.440000	1.682000
0.424000	3.440000	1.681600
0.424400	3.420000	1.682000
0.424800	3.440000	1.681600
0.425200	3.420000	1.681600
0.425600	3.440000	1.681600
0.426000	3.420000	1.681200
0.426400	3.440000	1.680800
0.426800	3.420000	1.680000
0.427200	3.420000	1.680000
0.427600	3.420000	1.679200
0.428000	3.420000	1.678800
0.428400	3.420000	1.678000
0.428800	3.420000	1.677200
0.429200	3.440000	1.677200
0.429600	3.420000	1.676800
0.430000	3.440000	1.676800
0.430400	3.420000	1.676800
0.430800	3.420000	1.677600
0.431200	3.420000	1.678000
0.431600	3.440000	1.678000
0.432000	3.420000	1.678400
0.432400	3.440000	1.679200
0.432800	3.420000	1.679600
0.433200	3.420000	1.679600
0.433600	3.440000	1.680000
0.434000	3.440000	1.680000
0.434400	3.440000	1.680800
0.434800	3.420000	1.680400
0.435200	3.420000	1.680800
0.435600	3.420000	1.680800
0.436000	3.420000	1.680400
0.436400	3.440000	1.680800
0.436800	3.440000	1.681600
0.437200	3.420000	1.681600
0.437600	3.440000	1.681600
0.438000	3.420000	1.681600
0.438400	3.420000	1.682000
0.438800	3.440000	1.681600
0.439200	3.440000	1.681600
0.439600	3.420000	1.682000
0.440000	3.440000	1.681200
0.440400	3.440000	1.681600
0.440800	3.420000	1.681600
0.441200	3.420000	1.682000
0.441600	3.440000	1.681600
0.442000	3.420000	1.682000
0.442400	3.420000	1.682400
0.442800	3.440000	1.682000
0.443200	3.420000	1.682000
0.443600	3.440000	1.682000
0.444000	3.440000	1.682000
0.444400	3.420000	1.682000
0.444800	3.420000	1.682000
0.445200	3.420000	1.682400
0.445600	3.440000	1.682000
0.446000	3.440000	1.682400
0.446400	3.440000	1.682400
0.446800	3.440000	1.682400
0.447200	3.420000	1.682400
0.447600	3.440000	1.682400
0.448000	3.440000	1.682400
0.448400	3.440000	1.682400
0.448800	3.440000	1.682400
0.449200	3.440000	1.682400
0.449600	3.440000	1.682800
0.450000	3.440000	1.682400
0.450400	3.440000	1.682000
0.450800	3.420000	1.682400
0.451200	3.420000	1.682000
0.451600	3.420000	1.682400
0.452000	3.420000	1.682400
0.452400	3.420000	1.682000
0.452800	3.440000	1.682000
0.453200	3.440000	1.682400
0.453600	3.420000	1.682400
0.454000	3.420000	1.682400
0.454400	3.440000	1.682000
0.454800	3.440000	1.681600
0.455200	3.420000	1.681600
0.455600	3.420000	1.682400
0.456000	3.420000	1.682800
0.456400	3.420000	1.682400
0.456800	3.440000	1.682400
0.457200	3.440000	1.682400
0.457600	3.440000	1.682400
0.458000	3.440000	1.682400
0.458400	3.440000	1.682400
0.458800	3.440000	1.682400
0.459200	3.440000	1.682400
0.459600	3.440000	1.682400
0.460000	3.420000	1.682400
0.460400	3.420000	1.682400
0.460800	3.440000	1.682400
0.461200	3.440000	1.682400
0.461600	3.420000	1.682400
0.462000	3.420000	1.682000
0.462400	3.420000	1.682400
0.462800	3.420000	1.682000
0.463200	3.420000	1.682000
0.463600	3.440000	1.682000
0.464000	3.420000	1.682000
0.464400	3.440000	1.681200
0.464800	3.420000	1.682400
0.465200	3.420000	1.682000
0.465600	3.440000	1.682400
0.466000	3.440000	1.682000
0.466400	3.440000	1.682400
0.466800	3.420000	1.682400
0.467200	3.440000	1.682400
0.467600	3.420000	1.682400
0.468000	3.420000	1.682400
0.468400	3.420000	1.682400
0.468800	3.420000	1.682000
0.469200	3.420000	1.682000
0.469600	3.440000	1.682000
0.470000	3.420000	1.682400
0.470400	3.420000	1.682000
0.470800	3.440000	1.682000
0.471200	3.420000	1.682400
0.471600	3.440000	1.682000
0.472000	3.440000	1.682400
0.472400	3.420000	1.682400
0.472800	3.440000	1.682000
0.473200	3.420000	1.682800
0.473600	3.440000	1.682400
0.474000	3.420000	1.682000
0.474400	3.440000	1.682400
0.474800	3.420000	1.682000
0.475200	3.440000	1.682400
0.475600	3.440000	1.682000
0.476000	3.440000	1.682800
0.476400	3.420000	1.682800
0.476800	3.420000	1.682400
0.477200	3.440000	1.682400
0.477600	3.440000	1.682800
0.478000	3.440000	1.682400
0.478400	3.420000	1.682000
0.478800	3.420000	1.682400
0.479200	3.440000	1.682400
0.479600	3.440000	1.682800
0.480000	3.440000	1.682400
0.480400	3.440000	1.682400
0.480800	3.420000	1.682400
0.481200	3.440000	1.682400
0.481600	3.440000	1.682400
0.482000	3.440000	1.682400
0.482400	3.440000	1.682400
0.482800	3.440000	1.682400
0.483200	3.420000	1.682000
0.483600	3.440000	1.682800
0.484000	3.440000	1.682400
0.484400	3.420000	1.682800
0.484800	3.440000	1.682400
0.485200	3.440000	1.682000
0.485600	3.420000	1.682000
0.486000	3.420000	1.682800
0.486400	3.440000	1.682000
0.486800	3.440000	1.682400
0.487200	3.440000	1.682400
0.487600	3.420000	1.682400
0.488000	3.420000	1.682400
0.488400	3.420000	1.682400
0.488800	3.440000	1.682800
0.489200	3.440000	1.682800
0.489600	3.440000	1.682400
0.490000	0.020000	1.682400
0.490400	0.020000	1.682800
0.490800	0.020000	1.682000
0.491200	0.020000	1.682400
0.491600	0.020000	1.682400
0.492000	0.020000	1.682400
0.492400	0.020000	1.682400
0.492800	0.020000	1.682400
0.493200	0.020000	1.682400
0.493600	0.020000	1.682400
0.494000	0.020000	1.682400
0.494400	0.020000	1.682400
0.494800	0.020000	1.682000
0.495200	0.020000	1.682000
0.495600	0.020000	1.682400
0.496000	0.020000	1.682400
0.496400	0.020000	1.682000
0.496800	0.020000	1.682800
0.497200	0.020000	1.682000
0.497600	0.020000	1.682400
0.498000	0.020000	1.682400
0.498400	0.020000	1.682400
0.498800	0.020000	1.682400
0.499200	0.020000	1.682000
0.499600	0.020000	1.682800
0.500000	0.020000	1.682800
0.500400	0.020000	1.682400
0.500800	0.020000	1.682400
0.501200	0.020000	1.682000
0.501600	0.020000	1.682800
0.502000	0.000000	1.682400
0.502400	0.020000	1.682000
0.502800	0.020000	1.682000
0.503200	0.020000	1.682400
0.503600	0.020000	1.682000
0.504000	0.020000	1.682400
0.504400	0.020000	1.682800
0.504800	0.020000	1.682400
0.505200	0.020000	1.682000
0.505600	0.020000	1.682400
0.506000	0.020000	1.682400
0.506400	0.020000	1.682000
0.506800	0.020000	1.682000
0.507200	0.020000	1.682400
0.507600	0.020000	1.682400
0.508000	0.020000	1.682800
0.508400	0.020000	1.682400
0.508800	0.020000	1.682000
0.509200	0.020000	1.682000
0.509600	0.020000	1.682400
0.510000	0.020000	1.682000
0.510400	0.020000	1.682400
0.510800	0.020000	1.682400
0.511200	0.020000	1.682400
0.511600	0.020000	1.682400
0.512000	0.020000	1.682400
0.512400	0.020000	1.682400
0.512800	0.020000	1.682000
0.513200	0.020000	1.682400
0.513600	0.020000	1.682400
0.514000	0.020000	1.682000
0.514400	0.020000	1.682400
0.514800	0.020000	1.682000
0.515200	0.020000	1.682400
0.515600	0.020000	1.682400
0.516000	0.020000	1.682400
0.516400	0.020000	1.682400
0.516800	0.020000	1.682800
0.517200	0.020000	1.682400
0.517600	0.020000	1.682400
0.518000	0.020000	1.682400
0.518400	0.020000	1.682000
0.518800	0.020000	1.682400
0.519200	0.020000	1.682400
0.519600	0.020000	1.682400
0.520000	0.020000	1.682000
0.520400	0.020000	1.682000
0.520800	0.020000	1.682000
0.521200	0.020000	1.682000
0.521600	0.020000	1.682400
0.522000	0.020000	1.682400
0.522400	0.000000	1.682000
0.522800	0.020000	1.682000
0.523200	0.020000	1.682400
0.523600	0.020000	1.682400
0.524000	0.020000	1.682400
0.524400	0.020000	1.682400
0.524800	0.020000	1.682800
0.525200	0.020000	1.682400
0.525600	0.020000	1.682000
0.526000	0.020000	1.682400
0.526400	0.020000	1.682000
0.526800	0.020000	1.682400
0.527200	0.020000	1.682400
0.527600	0.020000	1.682400
0.528000	0.020000	1.682400
0.528400	0.020000	1.682400
0.528800	0.020000	1.682400
0.529200	0.020000	1.682400
0.529600	0.020000	1.682400
0.530000	0.020000	1.682400
0.530400	0.020000	1.682000
0.530800	0.020000	1.682800
0.531200	0.020000	1.682000
0.531600	0.020000	1.682000
0.532000	0.020000	1.682400
0.532400	0.020000	1.682400
0.532800	0.020000	1.682400
0.533200	0.020000	1.682400
0.533600	0.020000	1.682400
0.534000	0.020000	1.682400
0.534400	0.020000	1.682400
0.534800	0.020000	1.682400
0.535200	0.020000	1.682400
0.535600	0.020000	1.682400
0.536000	0.020000	1.682800
0.536400	0.020000	1.682400
0.536800	0.000000	1.682400
0.537200	0.020000	1.682000
0.537600	0.020000	1.682800
0.538000	0.020000	1.682800
0.538400	0.020000	1.682000
0.538800	0.020000	1.682400
0.539200	0.020000	1.682400
0.539600	0.020000	1.682400
0.540000	0.020000	1.682400
0.540400	0.020000	1.682400
0.540800	0.020000	1.682400
0.541200	0.020000	1.682000
0.541600	0.000000	1.682000
0.542000	0.020000	1.682000
0.542400	0.020000	1.682000
0.542800	0.020000	1.682000
0.543200	0.020000	1.682000
0.543600	0.020000	1.682400
0.544000	0.020000	1.682400
0.544400	0.020000	1.682000
0.544800	0.020000	1.682000
0.545200	0.000000	1.682800
0.545600	0.020000	1.682400
0.546000	0.020000	1.682400
0.546400	0.020000	1.682000
0.546800	0.020000	1.682400
0.547200	0.020000	1.682400
0.547600	0.020000	1.682400
0.548000	0.000000	1.682400
0.548400	0.020000	1.682800
0.548800	0.020000	1.682400
0.549200	0.020000	1.682800
0.549600	0.020000	1.682000
0.550000	0.020000	1.682000
0.550400	0.020000	1.682400
0.550800	0.020000	1.682400
0.551200	0.020000	1.682000
0.551600	0.020000	1.682400
0.552000	0.020000	1.682000
0.552400	0.020000	1.682400
0.552800	0.020000	1.682400
0.553200	0.020000	1.682400
0.553600	0.020000	1.682400
0.554000	0.020000	1.682000
0.554400	0.020000	1.682000
0.554800	0.020000	1.681600
0.555200	0.020000	1.682000
0.555600	0.020000	1.682400
0.556000	0.020000	1.682400
0.556400	0.020000	1.682000
0.556800	0.020000	1.682400
0.557200	0.020000	1.682400
0.557600	0.020000	1.682400
0.558000	0.020000	1.682400
0.558400	0.020000	1.682800
0.558800	0.020000	1.682800
0.559200	0.020000	1.682400
0.559600	0.020000	1.682400
0.560000	0.000000	1.682400
0.560400	0.020000	1.682000
0.560800	0.020000	1.682400
0.561200	0.020000	1.682400
0.561600	0.020000	1.682400
0.562000	0.020000	1.682000
0.562400	0.020000	1.682000
0.562800	0.020000	1.682000
0.563200	0.020000	1.682000
0.563600	0.020000	1.682400
0.564000	0.020000	1.681600
0.564400	0.000000	1.682000
0.564800	0.000000	1.682000
0.565200	0.020000	1.682400
0.565600	0.000000	1.682000
0.566000	0.020000	1.682400
0.566400	0.020000	1.682800
0.566800	0.020000	1.682400
0.567200	0.020000	1.682400
0.567600	0.020000	1.682000
0.568000	0.020000	1.682400
0.568400	0.020000	1.682400
0.568800	0.020000	1.682400
0.569200	0.020000	1.682000
0.569600	0.020000	1.682000
0.570000	0.020000	1.682000
0.570400	0.020000	1.682400
0.570800	0.020000	1.682400
0.571200	0.020000	1.682000
0.571600	0.020000	1.682400
0.572000	0.020000	1.682000
0.572400	0.020000	1.682400
0.572800	0.020000	1.682400
0.573200	0.020000	1.682400
0.573600	0.020000	1.682400
0.574000	0.020000	1.682400
0.574400	0.020000	1.682000
0.574800	0.020000	1.682000
0.575200	0.020000	1.682400
0.575600	0.020000	1.682400
0.576000	0.020000	1.682400
0.576400	0.020000	1.682000
0.576800	0.020000	1.682000
0.577200	0.020000	1.682400
0.577600	0.020000	1.682800
0.578000	0.020000	1.682400
0.578400	0.020000	1.682400
0.578800	0.020000	1.682400
0.579200	0.020000	1.682000
0.579600	0.020000	1.682800
0.580000	0.020000	1.682000
0.580400	0.020000	1.682400
0.580800	0.020000	1.682400
0.581200	0.020000	1.682000
0.581600	0.020000	1.682000
0.582000	0.020000	1.682000
0.582400	0.020000	1.682000
0.582800	0.020000	1.682400
0.583200	0.020000	1.682400
0.583600	0.020000	1.682400
0.584000	0.020000	1.682400
0.584400	0.020000	1.682400
0.584800	0.020000	1.681600
0.585200	0.020000	1.682000
0.585600	0.020000	1.682000
0.586000	0.020000	1.682400
0.586400	0.020000	1.682400
0.586800	0.020000	1.682400
0.587200	0.020000	1.682400
0.587600	0.020000	1.682400
0.588000	0.020000	1.682400
0.588400	0.020000	1.682400
0.588800	0.020000	1.682000
0.589200	0.020000	1.682400
0.589600	0.020000	1.682000
0.590000	0.020000	1.682400
0.590400	0.020000	1.682400
0.590800	0.020000	1.682400
0.591200	0.020000	1.682000
0.591600	0.020000	1.682400
0.592000	0.020000	1.682800
0.592400	0.020000	1.682400
0.592800	0.020000	1.682400
0.593200	0.020000	1.682400
0.593600	0.020000	1.682400
0.594000	0.020000	1.681600
0.594400	0.000000	1.682000
0.594800	0.020000	1.682000
0.595200	0.020000	1.682400
0.595600	0.020000	1.682400
0.596000	0.020000	1.682000
0.596400	0.020000	1.682400
0.596800	0.000000	1.682000
0.597200	0.020000	1.682000
0.597600	0.020000	1.681600
0.598000	0.020000	1.682000
0.598400	0.020000	1.682400
0.598800	0.020000	1.682400
0.599200	0.020000	1.682000
0.599600	0.020000	1.682400
0.600000	0.020000	1.682400
0.600400	0.020000	1.682400
0.600800	0.020000	1.682400
0.601200	0.020000	1.682800
0.601600	0.020000	1.682400
0.602000	0.020000	1.682400
0.602400	0.020000	1.682000
0.602800	0.020000	1.682000
0.603200	0.020000	1.682000
0.603600	0.020000	1.682400
0.604000	0.020000	1.682400
0.604400	0.020000	1.682400
0.604800	0.020000	1.682400
0.605200	0.020000	1.682400
0.605600	0.020000	1.682400
0.606000	0.020000	1.682000
0.606400	0.020000	1.682800
0.606800	0.020000	1.682400
0.607200	0.020000	1.682400
0.607600	0.020000	1.682400
0.608000	0.020000	1.682400
0.608400	0.020000	1.682800
0.608800	0.020000	1.682800
0.609200	0.020000	1.682400
0.609600	0.020000	1.682400
0.610000	0.020000	1.682400
0.610400	0.020000	1.682400
0.610800	0.020000	1.682400
0.611200	0.020000	1.682000
0.611600	0.020000	1.682400
0.612000	0.020000	1.682000
0.612400	0.020000	1.682000
0.612800	0.020000	1.682000
0.613200	0.020000	1.682400
0.613600	0.020000	1.682400
0.614000	0.020000	1.682000
0.614400	0.020000	1.682000
0.614800	0.020000	1.682400
0.615200	0.020000	1.682000
0.615600	0.020000	1.682000
0.616000	0.020000	1.682400
0.616400	0.020000	1.682400
0.616800	0.020000	1.682000
0.617200	0.020000	1.682400
0.617600	0.020000	1.682400
0.618000	0.020000	1.682000
0.618400	0.020000	1.682400
0.618800	0.020000	1.682800
0.619200	0.020000	1.682400
0.619600	0.020000	1.682400
0.620000	0.020000	1.682400
0.620400	0.020000	1.682000
0.620800	0.020000	1.682400
0.621200	0.020000	1.682000
0.621600	0.020000	1.682400
0.622000	0.000000	1.682000
0.622400	0.020000	1.682400
0.622800	0.020000	1.682000
0.623200	0.020000	1.682000
0.623600	0.020000	1.682000
0.624000	0.020000	1.682400
0.624400	0.020000	1.682400
0.624800	0.020000	1.682400
0.625200	0.020000	1.682800
0.625600	0.020000	1.682400
0.626000	0.020000	1.682400
0.626400	0.020000	1.682400
0.626800	0.020000	1.682400
0.627200	0.020000	1.682400
0.627600	0.020000	1.682000
0.628000	0.020000	1.682400
0.628400	0.020000	1.682400
0.628800	0.020000	1.682400
0.629200	0.020000	1.682400
0.629600	0.020000	1.682400
0.630000	0.020000	1.682400
0.630400	0.020000	1.682000
0.630800	0.020000	1.682400
0.631200	0.020000	1.682400
0.631600	0.020000	1.682400
0.632000	0.020000	1.682400
0.632400	0.020000	1.682400
0.632800	0.020000	1.682000
0.633200	0.020000	1.682000
0.633600	0.020000	1.682400
0.634000	0.020000	1.682400
0.634400	0.020000	1.682400
0.634800	0.020000	1.682400
0.635200	0.020000	1.682000
0.635600	0.000000	1.682400
0.636000	0.020000	1.682000
0.636400	0.020000	1.682400
0.636800	0.020000	1.682400
0.637200	0.020000	1.682400
0.637600	0.020000	1.682800
0.638000	0.020000	1.682400
0.638400	0.020000	1.682800
0.638800	0.020000	1.682000
0.639200	0.020000	1.682000
0.639600	0.020000	1.682400
0.640000	0.020000	1.682000
0.640400	0.020000	1.682000
0.640800	0.020000	1.682800
0.641200	0.020000	1.682000
0.641600	0.020000	1.682400
0.642000	0.020000	1.682400
0.642400	0.020000	1.682400
0.642800	0.020000	1.682400
0.643200	0.020000	1.682000
0.643600	0.020000	1.682400
0.644000	0.020000	1.682400
0.644400	0.020000	1.682000
0.644800	0.000000	1.682000
0.645200	0.020000	1.682400
0.645600	0.020000	1.682400
0.646000	0.020000	1.682000
0.646400	0.020000	1.682400
0.646800	0.020000	1.682800
0.647200	0.020000	1.682400
0.647600	0.020000	1.682400
0.648000	0.020000	1.682400
0.648400	0.020000	1.681600
0.648800	0.020000	1.682400
0.649200	0.020000	1.682400
0.649600	0.020000	1.682800
0.650000	0.020000	1.682000
0.650400	0.000000	1.682400
0.650800	0.020000	1.682400
0.651200	0.020000	1.682000
0.651600	0.020000	1.682400
0.652000	0.020000	1.682000
0.652400	0.020000	1.682400
0.652800	0.020000	1.682400
0.653200	0.020000	1.681600
0.653600	0.020000	1.682000
0.654000	0.020000	1.682000
0.654400	0.020000	1.682000
0.654800	0.020000	1.682000
0.655200	0.020000	1.682000
0.655600	0.020000	1.682400
0.656000	0.020000	1.682000
0.656400	0.020000	1.682000
0.656800	0.020000	1.682000
0.657200	0.020000	1.682400
0.657600	0.020000	1.681600
0.658000	0.020000	1.682400
0.658400	0.020000	1.682400
0.658800	0.020000	1.682400
0.659200	0.020000	1.682000
0.659600	0.020000	1.682400
0.660000	0.020000	1.682400
0.660400	0.020000	1.682400
0.660800	0.020000	1.682400
0.661200	0.000000	1.682000
0.661600	0.020000	1.682400
0.662000	0.020000	1.682000
0.662400	0.020000	1.682000
0.662800	0.020000	1.682800
0.663200	0.020000	1.682000
0.663600	0.020000	1.682000
0.664000	0.020000	1.682400
0.664400	0.020000	1.682000
0.664800	0.020000	1.682000
0.665200	0.020000	1.682400
0.665600	0.020000	1.682000
0.666000	0.020000	1.682400
0.666400	0.020000	1.682400
0.666800	0.020000	1.682400
0.667200	0.020000	1.682000
0.667600	0.020000	1.682400
0.668000	0.020000	1.682400
0.668400	0.020000	1.682400
0.668800	0.020000	1.682400
0.669200	0.020000	1.682000
0.669600	0.020000	1.682000
0.670000	0.020000	1.682000
0.670400	0.020000	1.682400
0.670800	0.020000	1.682400
0.671200	0.020000	1.682400
0.671600	0.020000	1.682000
0.672000	0.020000	1.682000
0.672400	0.020000	1.682400
0.672800	0.020000	1.682400
0.673200	0.020000	1.682000
0.673600	0.020000	1.682000
0.674000	0.020000	1.682000
0.674400	0.020000	1.682400
0.674800	0.020000	1.682400
0.675200	0.020000	1.682400
0.675600	0.020000	1.682000
0.676000	0.020000	1.682000
0.676400	0.020000	1.682400
0.676800	0.020000	1.682400
0.677200	0.000000	1.682400
0.677600	0.020000	1.682400
0.678000	0.020000	1.682400
0.678400	0.020000	1.682000
0.678800	0.020000	1.682400
0.679200	0.020000	1.682400
0.679600	0.020000	1.682400
0.680000	0.020000	1.682000
0.680400	0.020000	1.682800
0.680800	0.020000	1.682400
0.681200	0.020000	1.682400
0.681600	0.020000	1.682400
0.682000	0.020000	1.682000
0.682400	0.020000	1.682000
0.682800	0.020000	1.682000
0.683200	0.020000	1.682000
0.683600	0.020000	1.682000
0.684000	0.020000	1.682000
0.684400	0.020000	1.682000
0.684800	0.020000	1.681600
0.685200	0.020000	1.682000
0.685600	0.020000	1.682400
0.686000	0.020000	1.682000
0.686400	0.020000	1.682400
0.686800	0.020000	1.682000
0.687200	0.020000	1.682400
0.687600	0.020000	1.682000
0.688000	0.020000	1.682000
0.688400	0.020000	1.682800
0.688800	0.020000	1.682000
0.689200	0.020000	1.682400
0.689600	0.020000	1.682000
0.690000	0.000000	1.682000
0.690400	0.020000	1.682000
0.690800	0.020000	1.682000
0.691200	0.020000	1.682400
0.691600	0.020000	1.682800
0.692000	0.020000	1.682000
0.692400	0.020000	1.681600
0.692800	0.020000	1.682000
0.693200	0.020000	1.682400
0.693600	0.020000	1.682000
0.694000	0.020000	1.682000
0.694400	0.020000	1.682000
0.694800	0.020000	1.682000
0.695200	0.020000	1.682400
0.695600	0.020000	1.682400
0.696000	0.020000	1.682000
0.696400	0.020000	1.682400
0.696800	0.020000	1.682400
0.697200	0.020000	1.682000
0.697600	0.020000	1.682800
0.698000	0.020000	1.682800
0.698400	0.020000	1.682400
0.698800	0.020000	1.682400
0.699200	0.020000	1.682400
0.699600	0.020000	1.682400
0.700000	0.020000	1.681600
0.700400	0.020000	1.682000
0.700800	0.020000	1.682400
0.701200	0.020000	1.682400
0.701600	0.020000	1.682000
0.702000	0.020000	1.682400
0.702400	0.020000	1.681600
0.702800	0.020000	1.681600
0.703200	0.020000	1.682400
0.703600	0.020000	1.682400
0.704000	0.020000	1.682800
0.704400	0.020000	1.682000
0.704800	0.020000	1.681600
0.705200	0.020000	1.682400
0.705600	0.020000	1.682000
0.706000	0.020000	1.682400
0.706400	0.020000	1.682400
0.706800	0.020000	1.682400
0.707200	0.020000	1.682400
0.707600	0.020000	1.682400
0.708000	0.020000	1.682000
0.708400	0.020000	1.682400
0.708800	0.020000	1.682400
0.709200	0.020000	1.682000
0.709600	0.020000	1.682000
0.710000	0.020000	1.682000
0.710400	0.020000	1.682000
0.710800	0.020000	1.682400
0.711200	0.020000	1.682000
0.711600	0.020000	1.682000
0.712000	0.020000	1.682000
0.712400	0.020000	1.682400
0.712800	0.000000	1.681600
0.713200	0.020000	1.682000
0.713600	0.020000	1.681600
0.714000	0.020000	1.682400
0.714400	0.020000	1.682000
0.714800	0.020000	1.681600
0.715200	0.020000	1.682400
0.715600	0.000000	1.682000
0.716000	0.020000	1.682400
0.716400	0.020000	1.682000
0.716800	0.020000	1.682400
0.717200	0.020000	1.682400
0.717600	0.020000	1.682400
0.718000	0.020000	1.682400
0.718400	0.020000	1.682400
0.718800	0.020000	1.682400
0.719200	0.020000	1.682000
0.719600	0.020000	1.682000
0.720000	0.020000	1.682400
0.720400	0.020000	1.682400
0.720800	0.020000	1.682000
0.721200	0.020000	1.682400
0.721600	0.020000	1.681600
0.722000	0.020000	1.681600
0.722400	0.020000	1.682400
0.722800	0.020000	1.682000
0.723200	0.020000	1.682400
0.723600	0.020000	1.682000
0.724000	0.020000	1.682000
0.724400	0.020000	1.682000
0.724800	0.020000	1.682800
0.725200	0.020000	1.682400
0.725600	0.020000	1.682400
0.726000	0.020000	1.682800
0.726400	0.020000	1.681600
0.726800	0.020000	1.682800
0.727200	0.020000	1.682000
0.727600	0.020000	1.682000
0.728000	0.020000	1.682000
0.728400	0.020000	1.682800
0.728800	0.020000	1.682800
0.729200	0.020000	1.682000
0.729600	0.020000	1.682000
0.730000	0.020000	1.682800
0.730400	0.020000	1.682400
0.730800	0.020000	1.682000
0.731200	0.020000	1.682000
0.731600	0.020000	1.682000
0.732000	0.020000	1.682400
0.732400	0.020000	1.682400
0.732800	0.000000	1.683200
0.733200	0.020000	1.682000
0.733600	0.020000	1.682800
0.734000	0.020000	1.682000
0.734400	0.020000	1.682400
0.734800	0.020000	1.681200
0.735200	0.020000	1.682000
0.735600	0.020000	1.682000
0.736000	0.020000	1.682400
0.736400	0.020000	1.682400
0.736800	0.020000	1.682400
0.737200	0.020000	1.682400
0.737600	0.020000	1.682400
0.738000	0.020000	1.682000
0.738400	0.020000	1.682400
0.738800	0.020000	1.682800
0.739200	0.020000	1.681600
0.739600	0.020000	1.683200
0.740000	0.020000	1.681200
0.740400	0.020000	1.683200
0.740800	0.020000	1.682000
0.741200	0.020000	1.682800
0.741600	0.020000	1.682800
0.742000	0.020000	1.682400
0.742400	0.020000	1.681200
0.742800	0.020000	1.682400
0.743200	0.020000	1.681600
0.743600	0.020000	1.682400
0.744000	0.020000	1.682400
0.744400	0.020000	1.682800
0.744800	0.020000	1.681600
0.745200	0.020000	1.682000
0.745600	0.020000	1.681600
0.746000	0.020000	1.681600
0.746400	0.020000	1.682400
0.746800	0.020000	1.681600
0.747200	0.020000	1.682000
0.747600	0.020000	1.681600
0.748000	0.020000	1.682400
0.748400	0.020000	1.682400
0.748800	0.020000	1.682800
0.749200	0.020000	1.682400
0.749600	0.020000	1.682800
0.750000	0.020000	1.683200
0.750400	0.020000	1.681600
0.750800	0.020000	1.682400
0.751200	0.020000	1.682800
0.751600	0.020000	1.682400
0.752000	0.020000	1.682400
0.752400	0.020000	1.682800
0.752800	0.000000	1.683200
0.753200	0.020000	1.682000
0.753600	0.020000	1.681600
0.754000	0.020000	1.681600
0.754400	0.020000	1.681600
0.754800	0.020000	1.682400
0.755200	0.020000	1.682000
0.755600	0.020000	1.682000
0.756000	0.020000	1.681600
0.756400	0.020000	1.682000
0.756800	0.020000	1.681200
0.757200	0.020000	1.682400
0.757600	0.020000	1.682800
0.758000	0.020000	1.681600
0.758400	0.000000	1.681600
0.758800	0.020000	1.682800
0.759200	0.000000	1.681600
0.759600	0.020000	1.682400
0.760000	0.020000	1.682000
0.760400	0.020000	1.682400
0.760800	0.020000	1.682000
0.761200	0.020000	1.682800
0.761600	0.020000	1.682000
0.762000	0.020000	1.681600
0.762400	0.020000	1.682800
0.762800	0.020000	1.682800
0.763200	0.020000	1.682000
0.763600	0.020000	1.682400
0.764000	0.020000	1.682400
0.764400	0.020000	1.680800
0.764800	0.000000	1.682400
0.765200	0.020000	1.681600
0.765600	0.020000	1.680800
0.766000	0.020000	1.682000
0.766400	0.020000	1.682400
0.766800	0.020000	1.682800
0.767200	0.020000	1.682400
0.767600	0.020000	1.682400
0.768000	0.020000	1.683600
0.768400	0.020000	1.682400
0.768800	0.020000	1.682400
0.769200	0.020000	1.682400
0.769600	0.020000	1.682000
0.770000	0.020000	1.682400
0.770400	0.020000	1.681200
0.770800	0.020000	1.682000
0.771200	0.000000	1.681200
0.771600	0.020000	1.682000
0.772000	0.020000	1.682000
0.772400	0.020000	1.682400
0.772800	0.020000	1.681200
0.773200	0.020000	1.682800
0.773600	0.020000	1.682000
0.774000	0.020000	1.682000
0.774400	0.020000	1.682000
0.774800	0.020000	1.682400
0.775200	0.020000	1.680800
0.775600	0.020000	1.683200
0.776000	0.020000	1.683200
0.776400	0.020000	1.681600
0.776800	0.020000	1.682000
0.777200	0.020000	1.682800
0.777600	0.020000	1.681600
0.778000	0.020000	1.682800
0.778400	0.000000	1.682800
0.778800	0.020000	1.682000
0.779200	0.020000	1.683200
0.779600	0.020000	1.683200
0.780000	0.020000	1.682400
0.780400	0.020000	1.682000
0.780800	0.020000	1.681200
0.781200	0.020000	1.682400
0.781600	0.020000	1.681600
0.782000	0.020000	1.682800
0.782400	0.020000	1.682800
0.782800	0.020000	1.682400
0.783200	0.020000	1.681600
0.783600	0.020000	1.682400
0.784000	0.020000	1.681600
0.784400	0.020000	1.682000
0.784800	0.020000	1.682000
0.785200	0.000000	1.682800
0.785600	0.020000	1.681600
0.786000	0.020000	1.682400
0.786400	0.020000	1.682800
0.786800	0.020000	1.681600
0.787200	0.020000	1.682800
0.787600	0.020000	1.683200
0.788000	0.020000	1.682800
0.788400	0.020000	1.681600
0.788800	0.020000	1.682400
0.789200	0.020000	1.682400
0.789600	0.020000	1.682800
0.790000	0.020000	1.682400
0.790400	0.020000	1.682800
0.790800	0.020000	1.682000
0.791200	0.020000	1.682000
0.791600	0.020000	1.682000
0.792000	0.020000	1.681600
0.792400	0.020000	1.682400
0.792800	0.020000	1.682400
0.793200	0.020000	1.682000
0.793600	0.020000	1.682400
0.794000	0.020000	1.682000
0.794400	0.020000	1.681600
0.794800	0.020000	1.682400
0.795200	0.020000	1.682400
0.795600	0.020000	1.682400
0.796000	0.020000	1.682400
0.796400	0.020000	1.682000
0.796800	0.020000	1.682000
0.797200	0.020000	1.682000
0.797600	0.020000	1.681600
0.798000	0.020000	1.681200
0.798400	0.020000	1.682400
0.798800	0.020000	1.681600
0.799200	0.020000	1.681600
0.799600	0.020000	1.682000
0.800000	0.020000	1.682000
0.800400	0.020000	1.682000
0.800800	0.020000	1.682000
0.801200	0.020000	1.682800
0.801600	0.020000	1.682000
0.802000	0.000000	1.682400
0.802400	0.020000	1.681600
0.802800	0.020000	1.682000
0.803200	0.020000	1.682000
0.803600	0.020000	1.682800
0.804000	0.020000	1.682400
0.804400	0.020000	1.682000
0.804800	0.020000	1.682400
0.805200	0.020000	1.682000
0.805600	0.020000	1.681600
0.806000	0.020000	1.682400
0.806400	0.020000	1.682400
0.806800	0.020000	1.682000
0.807200	0.020000	1.682000
0.807600	0.020000	1.682400
0.808000	0.020000	1.682800
0.808400	0.020000	1.682000
0.808800	0.020000	1.682400
0.809200	0.020000	1.682800
0.809600	0.020000	1.682800
0.810000	0.020000	1.681600
0.810400	0.020000	1.682800
0.810800	0.020000	1.682000
0.811200	0.020000	1.682000
0.811600	0.020000	1.682400
0.812000	0.020000	1.682000
0.812400	0.020000	1.682000
0.812800	0.020000	1.682000
0.813200	0.020000	1.681600
0.813600	0.020000	1.682000
0.814000	0.020000	1.681600
0.814400	0.020000	1.681600
0.814800	0.020000	1.682400
0.815200	0.020000	1.682000
0.815600	0.020000	1.682000
0.816000	0.020000	1.682400
0.816400	0.020000	1.682800
0.816800	0.020000	1.682400
0.817200	0.020000	1.682800
0.817600	0.020000	1.682400
0.818000	0.020000	1.682400
0.818400	0.020000	1.682000
0.818800	0.020000	1.681600
0.819200	0.020000	1.682400
0.819600	0.000000	1.682400
0.820000	0.020000	1.682000
0.820400	0.020000	1.682400
0.820800	0.020000	1.682400
0.821200	0.020000	1.682000
0.821600	0.020000	1.681600
0.822000	0.000000	1.682000
0.822400	0.020000	1.682400
0.822800	0.020000	1.682400
0.823200	0.020000	1.681600
0.823600	0.020000	1.682000
0.824000	0.020000	1.682000
0.824400	0.020000	1.682800
0.824800	0.020000	1.682000
0.825200	0.020000	1.682000
0.825600	0.020000	1.682000
0.826000	0.020000	1.682000
0.826400	0.020000	1.682400
0.826800	0.020000	1.682400
0.827200	0.020000	1.682000
0.827600	0.000000	1.682000
0.828000	0.020000	1.682800
0.828400	0.020000	1.682800
0.828800	0.020000	1.682800
0.829200	0.020000	1.682000
0.829600	0.020000	1.682000
0.830000	0.020000	1.682000
0.830400	0.020000	1.682000
0.830800	0.020000	1.682400
0.831200	0.020000	1.682000
0.831600	0.020000	1.682000
0.832000	0.020000	1.682400
0.832400	0.020000	1.682000
0.832800	0.020000	1.681600
0.833200	0.020000	1.682000
0.833600	0.020000	1.682000
0.834000	0.020000	1.682000
0.834400	0.020000	1.682400
0.834800	0.020000	1.682400
0.835200	0.020000	1.682400
0.835600	0.020000	1.682400
0.836000	0.020000	1.682000
0.836400	0.020000	1.682400
0.836800	0.020000	1.682000
0.837200	0.020000	1.682000
0.837600	0.020000	1.682400
0.838000	0.020000	1.682400
0.838400	0.020000	1.682000
0.838800	0.020000	1.682400
0.839200	0.020000	1.682400
0.839600	0.000000	1.682000
0.840000	0.020000	1.682000
0.840400	0.020000	1.682000
0.840800	0.020000	1.682400
0.841200	0.020000	1.682400
0.841600	0.020000	1.682000
0.842000	0.020000	1.682000
0.842400	0.020000	1.682000
0.842800	0.020000	1.682400
0.843200	0.020000	1.681600
0.843600	0.020000	1.682000
0.844000	0.020000	1.682000
0.844400	0.020000	1.682000
0.844800	0.020000	1.682400
0.845200	0.020000	1.682000
0.845600	0.020000	1.682400
0.846000	0.020000	1.682400
0.846400	0.020000	1.682000
0.846800	0.020000	1.682000
0.847200	0.020000	1.682000
0.847600	0.020000	1.682000
0.848000	0.020000	1.682400
0.848400	0.020000	1.682000
0.848800	0.020000	1.682800
0.849200	0.020000	1.682000
0.849600	0.020000	1.682800
0.850000	0.020000	1.682000
0.850400	0.020000	1.682000
0.850800	0.020000	1.682000
0.851200	0.020000	1.682000
0.851600	0.020000	1.682000
0.852000	0.020000	1.682000
0.852400	0.020000	1.682400
0.852800	0.020000	1.682000
0.853200	0.020000	1.682000
0.853600	0.020000	1.682000
0.854000	0.020000	1.682000
0.854400	0.020000	1.682000
0.854800	0.020000	1.682000
0.855200	0.020000	1.682400
0.855600	0.020000	1.682000
0.856000	0.020000	1.682000
0.856400	0.000000	1.681600
0.856800	0.020000	1.682400
0.857200	0.020000	1.682400
0.857600	0.020000	1.682000
0.858000	0.020000	1.682400
0.858400	0.020000	1.682400
0.858800	0.020000	1.682000
0.859200	0.020000	1.682800
0.859600	0.020000	1.682000
0.860000	0.020000	1.682000
0.860400	0.020000	1.682400
0.860800	0.020000	1.681600
0.861200	0.020000	1.682000
0.861600	0.020000	1.682000
0.862000	0.020000	1.682000
0.862400	0.020000	1.682000
0.862800	0.020000	1.682000
0.863200	0.020000	1.681600
0.863600	0.000000	1.682000
0.864000	0.020000	1.682000
0.864400	0.020000	1.682400
0.864800	0.020000	1.682000
0.865200	0.020000	1.682000
0.865600	0.020000	1.682000
0.866000	0.020000	1.682000
0.866400	0.020000	1.682400
0.866800	0.020000	1.682400
0.867200	0.020000	1.682400
0.867600	0.020000	1.681600
0.868000	0.020000	1.682400
0.868400	0.020000	1.682400
0.868800	0.020000	1.682000
0.869200	0.020000	1.682000
0.869600	0.020000	1.682000
0.870000	0.020000	1.682400
0.870400	0.020000	1.682400
0.870800	0.020000	1.682400
0.871200	0.020000	1.682000
0.871600	0.020000	1.682000
0.872000	0.020000	1.682000
0.872400	0.020000	1.682000
0.872800	0.020000	1.682000
0.873200	0.020000	1.682400
0.873600	0.020000	1.682400
0.874000	0.020000	1.682000
0.874400	0.020000	1.682000
0.874800	0.020000	1.682400
0.875200	0.020000	1.681600
0.875600	0.020000	1.682800
0.876000	0.000000	1.682000
0.876400	0.020000	1.682400
0.876800	0.020000	1.682400
0.877200	0.020000	1.682000
0.877600	0.020000	1.682000
0.878000	0.020000	1.682000
0.878400	0.000000	1.682000
0.878800	0.020000	1.682400
0.879200	0.020000	1.682000
0.879600	0.020000	1.682400
0.880000	0.020000	1.682000
0.880400	0.020000	1.682400
0.880800	0.020000	1.682000
0.881200	0.020000	1.682400
0.881600	0.020000	1.682400
0.882000	0.020000	1.682400
0.882400	0.020000	1.682000
0.882800	0.020000	1.682400
0.883200	0.020000	1.682000
0.883600	0.020000	1.682400
0.884000	0.020000	1.682000
0.884400	0.020000	1.681600
0.884800	0.020000	1.682000
0.885200	0.020000	1.682000
0.885600	0.020000	1.682400
0.886000	0.020000	1.682400
0.886400	0.020000	1.681600
0.886800	0.020000	1.682000
0.887200	0.020000	1.682400
0.887600	0.020000	1.682400
0.888000	0.020000	1.682000
0.888400	0.000000	1.682400
0.888800	0.020000	1.682000
0.889200	0.020000	1.682000
0.889600	0.020000	1.682400
0.890000	0.020000	1.682000
0.890400	0.020000	1.682000
0.890800	0.020000	1.682400
0.891200	0.020000	1.682400
0.891600	0.020000	1.682000
0.892000	0.020000	1.682000
0.892400	0.020000	1.681600
0.892800	0.020000	1.682400
0.893200	0.020000	1.682400
0.893600	0.020000	1.682400
0.894000	0.000000	1.682800
0.894400	0.020000	1.682400
0.894800	0.020000	1.682000
0.895200	0.020000	1.682400
0.895600	0.020000	1.682400
0.896000	0.020000	1.682400
0.896400	0.020000	1.682400
0.896800	0.020000	1.682400
0.897200	0.020000	1.682800
0.897600	0.020000	1.682000
0.898000	0.020000	1.682400
0.898400	0.020000	1.682400
0.898800	0.020000	1.682400
0.899200	0.020000	1.682400
0.899600	0.020000	1.682000
0.900000	0.020000	1.682400
0.900400	0.020000	1.682400
0.900800	0.020000	1.682000
0.901200	0.020000	1.682000
0.901600	0.020000	1.682800
0.902000	0.020000	1.682400
0.902400	0.020000	1.682000
0.902800	0.020000	1.682400
0.903200	0.020000	1.682400
0.903600	0.020000	1.682400
0.904000	0.020000	1.682000
0.904400	0.020000	1.682000
0.904800	0.020000	1.682000
0.905200	0.020000	1.682000
0.905600	0.020000	1.682000
0.906000	0.020000	1.682400
0.906400	0.020000	1.682000
0.906800	0.020000	1.682400
0.907200	0.020000	1.682000
0.907600	0.000000	1.682400
0.908000	0.020000	1.682400
0.908400	0.020000	1.682000
0.908800	0.020000	1.682000
0.909200	0.020000	1.682000
0.909600	0.020000	1.682000
0.910000	0.020000	1.682000
0.910400	0.020000	1.682000
0.910800	0.020000	1.682800
0.911200	0.020000	1.682000
0.911600	0.020000	1.682400
0.912000	0.020000	1.682000
0.912400	0.020000	1.682000
0.912800	0.020000	1.682400
0.913200	0.020000	1.682400
0.913600	0.020000	1.682400
0.914000	0.020000	1.682000
0.914400	0.020000	1.682800
0.914800	0.020000	1.682400
0.915200	0.020000	1.682400
0.915600	0.000000	1.682400
0.916000	0.020000	1.682000
0.916400	0.020000	1.682000
0.916800	0.020000	1.682000
0.917200	0.020000	1.682400
0.917600	0.020000	1.682400
0.918000	0.020000	1.682400
0.918400	0.020000	1.682400
0.918800	0.020000	1.682000
0.919200	0.020000	1.682400
0.919600	0.020000	1.682400
0.920000	0.020000	1.682800
0.920400	0.020000	1.682800
0.920800	0.020000	1.682400
0.921200	0.020000	1.682000
0.921600	0.020000	1.682400
0.922000	0.020000	1.682000
0.922400	0.020000	1.682000
0.922800	0.020000	1.682800
0.923200	0.020000	1.682000
0.923600	0.020000	1.682000
0.924000	0.020000	1.682000
0.924400	0.020000	1.682400
0.924800	0.020000	1.682400
0.925200	0.020000	1.682400
0.925600	0.020000	1.682400
0.926000	0.020000	1.682400
0.926400	0.020000	1.682400
0.926800	0.020000	1.682000
0.927200	0.020000	1.682800
0.927600	0.020000	1.682400
0.928000	0.020000	1.682400
0.928400	0.020000	1.682000
0.928800	0.020000	1.682400
0.929200	0.020000	1.682000
0.929600	0.020000	1.682800
0.930000	0.020000	1.682400
0.930400	0.020000	1.682400
0.930800	0.000000	1.682800
0.931200	0.020000	1.682000
0.931600	0.020000	1.681600
0.932000	0.020000	1.682400
0.932400	0.020000	1.682400
0.932800	0.020000	1.682000
0.933200	0.020000	1.682400
0.933600	0.020000	1.682400
0.934000	0.020000	1.682000
0.934400	0.020000	1.682000
0.934800	0.020000	1.682000
0.935200	0.020000	1.682400
0.935600	0.020000	1.682400
0.936000	0.020000	1.682000
0.936400	0.020000	1.682400
0.936800	0.020000	1.682400
0.937200	0.020000	1.682000
0.937600	0.020000	1.682400
0.938000	0.020000	1.682400
0.938400	0.020000	1.682400
0.938800	0.520000	1.682400
0.939200	3.440000	1.682400
0.939600	3.420000	1.682400
0.940000	3.440000	1.682400
0.940400	3.440000	1.682000
0.940800	3.420000	1.682400
0.941200	3.440000	1.682000
0.941600	3.420000	1.682000
0.942000	3.420000	1.682000
0.942400	3.440000	1.682400
0.942800	3.440000	1.682000
0.943200	3.440000	1.682000
0.943600	3.420000	1.682000
0.944000	3.440000	1.682000
0.944400	3.440000	1.682000
0.944800	3.420000	1.682400
0.945200	3.420000	1.682000
0.945600	3.440000	1.682400
0.946000	3.440000	1.682000
0.946400	3.420000	1.682000
0.946800	3.440000	1.682000
0.947200	3.440000	1.682000
0.947600	3.440000	1.682000
0.948000	3.420000	1.682000
0.948400	3.420000	1.682800
0.948800	3.440000	1.682400
0.949200	3.440000	1.682000
0.949600	3.440000	1.682000
0.950000	3.440000	1.682000
0.950400	3.440000	1.681600
0.950800	3.440000	1.682000
0.951200	3.420000	1.682400
0.951600	3.440000	1.682000
0.952000	3.440000	1.682400
0.952400	3.440000	1.682000
0.952800	3.440000	1.682400
0.953200	3.440000	1.682400
0.953600	3.440000	1.682000
0.954000	3.420000	1.682000
0.954400	3.440000	1.682400
0.954800	3.440000	1.682000
0.955200	3.440000	1.682000
0.955600	3.420000	1.682400
0.956000	3.420000	1.681600
0.956400	3.440000	1.682400
0.956800	3.440000	1.682000
0.957200	3.440000	1.682000
0.957600	3.440000	1.682400
0.958000	3.420000	1.682400
0.958400	3.440000	1.682400
0.958800	3.420000	1.682400
0.959200	3.440000	1.682000
0.959600	3.420000	1.682000
0.960000	3.440000	1.682000
0.960400	3.420000	1.682400
0.960800	3.440000	1.682400
0.961200	3.440000	1.682000
0.961600	3.440000	1.682000
0.962000	3.440000	1.682400
0.962400	3.440000	1.682000
0.962800	3.440000	1.682000
0.963200	3.440000	1.681600
0.963600	3.420000	1.682000
0.964000	3.440000	1.682000
0.964400	3.420000	1.681600
0.964800	3.440000	1.682000
0.965200	3.440000	1.682400
0.965600	3.440000	1.682000
0.966000	3.420000	1.682000
0.966400	3.420000	1.682400
0.966800	3.440000	1.682400
0.967200	3.440000	1.682400
0.967600	3.440000	1.682000
0.968000	3.420000	1.682000
0.968400	3.420000	1.682000
0.968800	3.420000	1.682400
0.969200	3.440000	1.682400
0.969600	3.440000	1.682400
0.970000	3.440000	1.682000
0.970400	3.420000	1.682000
0.970800	3.420000	1.682000
0.971200	3.420000	1.682400
0.971600	3.440000	1.682000
0.972000	3.440000	1.682000
0.972400	3.420000	1.682000
0.972800	3.420000	1.681600
0.973200	3.440000	1.682000
0.973600	3.440000	1.682400
0.974000	3.440000	1.682400
0.974400	3.420000	1.682400
0.974800	3.420000	1.682000
0.975200	3.440000	1.682000
0.975600	3.420000	1.682000
0.976000	3.420000	1.682400
0.976400	3.420000	1.682000
0.976800	3.440000	1.682400
0.977200	3.420000	1.682400
0.977600	3.440000	1.682800
0.978000	3.440000	1.682400
0.978400	3.440000	1.682000
0.978800	3.420000	1.682400
0.979200	3.440000	1.682400
0.979600	3.420000	1.682000
0.980000	3.440000	1.682400
0.980400	3.440000	1.682000
0.980800	3.420000	1.682000
0.981200	3.440000	1.681600
0.981600	3.420000	1.682000
0.982000	3.420000	1.681600
0.982400	3.420000	1.682000
0.982800	3.420000	1.682000
0.983200	3.420000	1.681600
0.983600	3.440000	1.682000
0.984000	3.440000	1.682000
0.984400	3.440000	1.682400
0.984800	3.440000	1.682000
0.985200	3.420000	1.682000
0.985600	3.440000	1.682400
0.986000	3.440000	1.682000
0.986400	3.440000	1.682000
0.986800	3.420000	1.682400
0.987200	3.420000	1.682000
0.987600	3.420000	1.682000
0.988000	3.420000	1.682000
0.988400	3.440000	1.682400
0.988800	3.440000	1.682000
0.989200	3.420000	1.682400
0.989600	3.420000	1.682400
0.990000	3.420000	1.682000
0.990400	3.440000	1.682000
0.990800	3.440000	1.682000
0.991200	3.440000	1.682000
0.991600	3.420000	1.682000
0.992000	3.440000	1.682000
0.992400	3.420000	1.682000
0.992800	3.440000	1.682000
0.993200	3.440000	1.682000
0.993600	3.420000	1.682400
0.994000	3.440000	1.682000
0.994400	3.440000	1.682000
0.994800	3.440000	1.682000
0.995200	3.440000	1.682000
0.995600	3.440000	1.682400
0.996000	3.440000	1.682400
0.996400	3.440000	1.682400
0.996800	3.420000	1.682000
0.997200	3.440000	1.682400
0.997600	3.420000	1.682400
0.998000	3.440000	1.682000
0.998400	3.440000	1.682400
0.998800	3.420000	1.682400
0.999200	3.420000	1.682400
0.999600	3.420000	1.682400
