0.000000	-0.456000	-0.004320
4.000000E-5	-0.448000	-0.004080
8.000000E-5	-0.448000	-0.004480
0.000120	-0.456000	-0.004240
0.000160	-0.448000	-0.004080
0.000200	-0.456000	-0.004160
0.000240	-0.456000	-0.004160
0.000280	-0.424000	-0.004320
0.000320	-0.448000	-0.003920
0.000360	-0.456000	-0.004240
0.000400	-0.448000	-0.004240
0.000440	-0.464000	-0.004160
0.000480	-0.456000	-0.004240
0.000520	-0.456000	-0.004400
0.000560	-0.456000	-0.004160
0.000600	-0.440000	-0.004320
0.000640	-0.464000	-0.004320
0.000680	-0.440000	-0.003840
0.000720	-0.440000	-0.004000
0.000760	-0.456000	-0.004080
0.000800	-0.448000	-0.004240
0.000840	-0.440000	-0.004320
0.000880	-0.448000	-0.004240
0.000920	-0.448000	-0.004080
0.000960	-0.440000	-0.004080
0.001000	-0.440000	-0.004000
0.001040	-0.448000	-0.004160
0.001080	-0.448000	-0.004320
0.001120	-0.448000	-0.004320
0.001160	-0.440000	-0.004160
0.001200	-0.456000	-0.004000
0.001240	-0.440000	-0.004320
0.001280	-0.448000	-0.004160
0.001320	-0.448000	-0.004400
0.001360	-0.448000	-0.004320
0.001400	-0.440000	-0.004240
0.001440	-0.432000	-0.003920
0.001480	-0.456000	-0.003920
0.001520	-0.456000	-0.004000
0.001560	-0.472000	-0.004160
0.001600	-0.448000	-0.004160
0.001640	-0.448000	-0.004160
0.001680	-0.440000	-0.004400
0.001720	-0.432000	-0.003920
0.001760	-0.448000	-0.003920
0.001800	-0.448000	-0.004000
0.001840	-0.440000	-0.004320
0.001880	-0.440000	-0.004240
0.001920	-0.448000	-0.004000
0.001960	-0.440000	-0.003760
0.002000	-0.448000	-0.003920
0.002040	-0.448000	-0.004080
0.002080	-0.448000	-0.003920
0.002120	-0.456000	-0.003760
0.002160	-0.448000	-0.003920
0.002200	-0.456000	-0.003840
0.002240	-0.432000	-0.003680
0.002280	-0.448000	-0.004080
0.002320	-0.440000	-0.004080
0.002360	-0.440000	-0.004160
0.002400	-0.448000	-0.004000
0.002440	-0.440000	-0.003760
0.002480	-0.440000	-0.003840
0.002520	-0.448000	-0.003600
0.002560	-0.448000	-0.003840
0.002600	-0.448000	-0.003840
0.002640	-0.448000	-0.003840
0.002680	-0.448000	-0.003920
0.002720	-0.456000	-0.003920
0.002760	-0.448000	-0.003920
0.002800	-0.440000	-0.003680
0.002840	-0.448000	-0.003840
0.002880	-0.456000	-0.003680
0.002920	-0.456000	-0.003920
0.002960	-0.448000	-0.003840
0.003000	-0.448000	-0.003600
0.003040	-0.456000	-0.003520
0.003080	-0.448000	-0.003840
0.003120	-0.440000	-0.003840
0.003160	-0.440000	-0.003600
0.003200	-0.456000	-0.003440
0.003240	-0.456000	-0.003360
0.003280	-0.424000	-0.003360
0.003320	-0.440000	-0.003680
0.003360	-0.440000	-0.003760
0.003400	-0.448000	-0.003680
0.003440	-0.464000	-0.003680
0.003480	-0.440000	-0.003600
0.003520	-0.440000	-0.003600
0.003560	-0.432000	-0.003520
0.003600	-0.448000	-0.003440
0.003640	-0.440000	-0.003520
0.003680	-0.432000	-0.003520
0.003720	-0.432000	-0.003280
0.003760	-0.448000	-0.003200
0.003800	-0.440000	-0.003200
0.003840	-0.440000	-0.003440
0.003880	-0.440000	-0.003280
0.003920	-0.424000	-0.003440
0.003960	-0.448000	-0.003440
0.004000	-0.456000	-0.003440
0.004040	-0.448000	-0.003280
0.004080	-0.440000	-0.003280
0.004120	-0.448000	-0.003280
0.004160	-0.448000	-0.003280
0.004200	-0.440000	-0.003520
0.004240	-0.448000	-0.003280
0.004280	-0.456000	-0.003200
0.004320	-0.456000	-0.003200
0.004360	-0.440000	-0.003360
0.004400	-0.424000	-0.003200
0.004440	-0.432000	-0.003120
0.004480	-0.440000	-0.003280
0.004520	-0.448000	-0.003120
0.004560	-0.456000	-0.003200
0.004600	-0.424000	-0.003120
0.004640	-0.432000	-0.002960
0.004680	-0.440000	-0.003120
0.004720	-0.432000	-0.002960
0.004760	-0.432000	-0.003120
0.004800	-0.440000	-0.002960
0.004840	-0.440000	-0.002960
0.004880	-0.440000	-0.002960
0.004920	-0.432000	-0.003040
0.004960	-0.416000	-0.002880
0.005000	-0.432000	-0.002880
0.005040	-0.440000	-0.002720
0.005080	-0.424000	-0.002880
0.005120	-0.440000	-0.002880
0.005160	-0.440000	-0.003120
0.005200	-0.440000	-0.002960
0.005240	-0.440000	-0.002960
0.005280	-0.440000	-0.002560
0.005320	-0.448000	-0.002720
0.005360	-0.432000	-0.002960
0.005400	-0.448000	-0.003200
0.005440	-0.448000	-0.002800
0.005480	-0.432000	-0.002800
0.005520	-0.432000	-0.002640
0.005560	-0.448000	-0.002720
0.005600	-0.440000	-0.002640
0.005640	-0.448000	-0.002880
0.005680	-0.432000	-0.002880
0.005720	-0.448000	-0.002560
0.005760	-0.440000	-0.002640
0.005800	-0.440000	-0.002800
0.005840	-0.448000	-0.002800
0.005880	-0.432000	-0.002960
0.005920	-0.440000	-0.002800
0.005960	-0.432000	-0.002880
0.006000	-0.440000	-0.002640
0.006040	-0.432000	-0.002480
0.006080	-0.440000	-0.002800
0.006120	-0.440000	-0.002720
0.006160	-0.456000	-0.002720
0.006200	-0.448000	-0.002800
0.006240	-0.448000	-0.002800
0.006280	-0.416000	-0.002560
0.006320	-0.440000	-0.002400
0.006360	-0.448000	-0.002560
0.006400	-0.456000	-0.002560
0.006440	-0.448000	-0.002800
0.006480	-0.448000	-0.002800
0.006520	-0.440000	-0.002480
0.006560	-0.464000	-0.002560
0.006600	-0.448000	-0.002560
0.006640	-0.440000	-0.002560
0.006680	-0.456000	-0.002720
0.006720	-0.448000	-0.002480
0.006760	-0.440000	-0.002640
0.006800	-0.432000	-0.002480
0.006840	-0.440000	-0.002480
0.006880	-0.448000	-0.002640
0.006920	-0.456000	-0.002720
0.006960	-0.440000	-0.002720
0.007000	-0.432000	-0.002480
0.007040	-0.440000	-0.002480
0.007080	-0.440000	-0.002640
0.007120	-0.448000	-0.002480
0.007160	-0.440000	-0.002480
0.007200	-0.432000	-0.002560
0.007240	-0.440000	-0.002400
0.007280	-0.448000	-0.002480
0.007320	-0.440000	-0.002400
0.007360	-0.448000	-0.002160
0.007400	-0.440000	-0.002560
0.007440	-0.432000	-0.002480
0.007480	-0.432000	-0.002320
0.007520	-0.448000	-0.002400
0.007560	-0.440000	-0.002240
0.007600	-0.440000	-0.002320
0.007640	-0.440000	-0.002320
0.007680	-0.432000	-0.002640
0.007720	-0.448000	-0.002560
0.007760	-0.432000	-0.002240
0.007800	-0.440000	-0.002320
0.007840	-0.440000	-0.002240
0.007880	-0.448000	-0.002320
0.007920	-0.448000	-0.002560
0.007960	-0.448000	-0.002560
0.008000	-0.440000	-0.002480
0.008040	-0.440000	-0.002240
0.008080	-0.416000	-0.001920
0.008120	-0.440000	-0.002240
0.008160	-0.440000	-0.002480
0.008200	-0.448000	-0.002320
0.008240	-0.448000	-0.002240
0.008280	-0.440000	-0.002160
0.008320	-0.448000	-0.002240
0.008360	-0.448000	-0.002240
0.008400	-0.440000	-0.002240
0.008440	-0.440000	-0.002480
0.008480	-0.448000	-0.002320
0.008520	-0.448000	-0.002400
0.008560	-0.448000	-0.002160
0.008600	-0.440000	-0.002320
0.008640	-0.456000	-0.002560
0.008680	-0.440000	-0.002400
0.008720	-0.440000	-0.002400
0.008760	-0.456000	-0.002400
0.008800	-0.456000	-0.002080
0.008840	-0.448000	-0.002080
0.008880	-0.440000	-0.002080
0.008920	-0.440000	-0.002240
0.008960	-0.440000	-0.002240
0.009000	-0.432000	-0.002400
0.009040	-0.440000	-0.002080
0.009080	-0.432000	-0.002240
0.009120	-0.448000	-0.002160
0.009160	-0.440000	-0.002400
0.009200	-0.432000	-0.002160
0.009240	-0.432000	-0.002320
0.009280	-0.432000	-0.002160
0.009320	-0.432000	-0.002160
0.009360	-0.440000	-0.002400
0.009400	-0.432000	-0.002000
0.009440	-0.432000	-0.002000
0.009480	-0.440000	-0.002320
0.009520	-0.432000	-0.002400
0.009560	-0.440000	-0.002080
0.009600	-0.432000	-0.002080
0.009640	-0.464000	-0.002320
0.009680	-0.440000	-0.002240
0.009720	-0.440000	-0.002240
0.009760	-0.432000	-0.002400
0.009800	-0.424000	-0.002320
0.009840	-0.448000	-0.002160
0.009880	-0.440000	-0.002000
0.009920	-0.432000	-0.002000
0.009960	-0.440000	-0.002080
0.010000	-0.440000	-0.002240
0.010040	-0.440000	-0.002080
0.010080	-0.424000	-0.002000
0.010120	-0.448000	-0.002080
0.010160	-0.432000	-0.002080
0.010200	-0.440000	-0.002240
0.010240	-0.432000	-0.002160
0.010280	-0.440000	-0.002000
0.010320	-0.448000	-0.001920
0.010360	-0.448000	-0.002000
0.010400	-0.448000	-0.001920
0.010440	-0.440000	-0.002080
0.010480	-0.440000	-0.002000
0.010520	-0.440000	-0.002080
0.010560	-0.424000	-0.001920
0.010600	-0.440000	-0.001680
0.010640	-0.448000	-0.001840
0.010680	-0.448000	-0.001840
0.010720	-0.440000	-0.001920
0.010760	0.304000	-0.001920
0.010800	0.544000	-0.002000
0.010840	0.568000	-0.001920
0.010880	0.576000	-0.001840
0.010920	0.560000	-0.002000
0.010960	0.568000	-0.002000
0.011000	0.560000	-0.002000
0.011040	0.568000	-0.002160
0.011080	0.576000	-0.001920
0.011120	0.560000	-0.002000
0.011160	0.560000	-0.002160
0.011200	0.568000	-0.002000
0.011240	0.568000	-0.002320
0.011280	0.560000	-0.002240
0.011320	0.552000	-0.002240
0.011360	0.560000	-0.002000
0.011400	0.552000	-0.002080
0.011440	0.536000	-0.002160
0.011480	0.560000	-0.002160
0.011520	0.552000	-0.002240
0.011560	0.552000	-0.002080
0.011600	0.544000	-0.002320
0.011640	0.536000	-0.002480
0.011680	0.536000	-0.002160
0.011720	0.544000	-0.002240
0.011760	0.536000	-0.002560
0.011800	0.528000	-0.002320
0.011840	0.544000	-0.002400
0.011880	0.536000	-0.002240
0.011920	0.536000	-0.002240
0.011960	0.536000	-0.002320
0.012000	0.536000	-0.002320
0.012040	0.536000	-0.002320
0.012080	0.536000	-0.002240
0.012120	0.536000	-0.002160
0.012160	0.552000	-0.002240
0.012200	0.536000	-0.002400
0.012240	0.536000	-0.002240
0.012280	0.536000	-0.002160
0.012320	0.536000	-0.002240
0.012360	0.528000	-0.002240
0.012400	0.528000	-0.002320
0.012440	0.544000	-0.002320
0.012480	0.528000	-0.002240
0.012520	0.536000	-0.002240
0.012560	0.536000	-0.002160
0.012600	0.520000	-0.002000
0.012640	0.536000	-0.002080
0.012680	0.528000	-0.002000
0.012720	0.536000	-0.002080
0.012760	0.520000	-0.002000
0.012800	0.536000	-0.001920
0.012840	0.536000	-0.001920
0.012880	0.528000	-0.002000
0.012920	0.528000	-0.001760
0.012960	0.528000	-0.001760
0.013000	0.520000	-0.001600
0.013040	0.512000	-0.001920
0.013080	0.520000	-0.001760
0.013120	0.520000	-0.001600
0.013160	0.536000	-0.001360
0.013200	0.528000	-0.001520
0.013240	0.528000	-0.001600
0.013280	0.520000	-0.001520
0.013320	0.520000	-0.001680
0.013360	0.512000	-0.001200
0.013400	0.528000	-0.001200
0.013440	0.512000	-0.001280
0.013480	0.512000	-0.001200
0.013520	0.536000	-0.001360
0.013560	0.520000	-0.001520
0.013600	0.512000	-0.001200
0.013640	0.512000	-0.001040
0.013680	0.520000	-0.000720
0.013720	0.512000	-0.000800
0.013760	0.504000	-0.000960
0.013800	0.512000	-0.001200
0.013840	0.512000	-0.000960
0.013880	0.512000	-0.000560
0.013920	0.512000	-0.000640
0.013960	0.512000	-0.000560
0.014000	0.512000	-0.000880
0.014040	0.512000	-0.000640
0.014080	0.504000	-0.000640
0.014120	0.512000	-0.000320
0.014160	0.520000	-0.000400
0.014200	0.520000	-0.000240
0.014240	0.512000	-0.000400
0.014280	0.520000	-0.000240
0.014320	0.520000	-0.000160
0.014360	0.512000	-0.000240
0.014400	0.512000	-0.000160
0.014440	0.512000	8.000000E-5
0.014480	0.512000	8.000000E-5
0.014520	0.496000	8.000000E-5
0.014560	0.512000	0.000240
0.014600	0.512000	0.000240
0.014640	0.504000	0.000320
0.014680	0.504000	0.000480
0.014720	0.496000	0.000240
0.014760	0.504000	0.000480
0.014800	0.504000	0.000720
0.014840	0.504000	0.000400
0.014880	0.504000	0.000640
0.014920	0.512000	0.000720
0.014960	0.504000	0.000800
0.015000	0.504000	0.000720
0.015040	0.504000	0.000800
0.015080	0.504000	0.000880
0.015120	0.504000	0.001040
0.015160	0.504000	0.000960
0.015200	0.504000	0.001040
0.015240	0.504000	0.000960
0.015280	0.504000	0.001200
0.015320	0.496000	0.001040
0.015360	0.504000	0.001120
0.015400	0.496000	0.001440
0.015440	0.512000	0.001280
0.015480	0.504000	0.001280
0.015520	0.488000	0.001360
0.015560	0.496000	0.001440
0.015600	0.504000	0.001440
0.015640	0.504000	0.001840
0.015680	0.504000	0.001600
0.015720	0.504000	0.001920
0.015760	0.504000	0.001600
0.015800	0.496000	0.001680
0.015840	0.496000	0.001520
0.015880	0.496000	0.001840
0.015920	0.504000	0.002000
0.015960	0.504000	0.002160
0.016000	0.496000	0.002000
0.016040	0.496000	0.002000
0.016080	0.496000	0.001840
0.016120	0.504000	0.002320
0.016160	0.504000	0.002160
0.016200	0.496000	0.002320
0.016240	0.496000	0.002480
0.016280	0.504000	0.002320
0.016320	0.496000	0.002320
0.016360	0.504000	0.002160
0.016400	0.496000	0.002560
0.016440	0.496000	0.002480
0.016480	0.488000	0.002480
0.016520	0.496000	0.002800
0.016560	0.488000	0.002640
0.016600	0.488000	0.002640
0.016640	0.488000	0.002640
0.016680	0.496000	0.002720
0.016720	0.496000	0.002800
0.016760	0.504000	0.002960
0.016800	0.496000	0.002800
0.016840	0.496000	0.002880
0.016880	0.504000	0.002880
0.016920	0.496000	0.003040
0.016960	0.496000	0.002880
0.017000	0.496000	0.002960
0.017040	0.496000	0.002800
0.017080	0.488000	0.002960
0.017120	0.496000	0.002960
0.017160	0.488000	0.003200
0.017200	0.488000	0.003280
0.017240	0.496000	0.003200
0.017280	0.488000	0.003040
0.017320	0.496000	0.003360
0.017360	0.496000	0.003200
0.017400	0.488000	0.003120
0.017440	0.488000	0.003520
0.017480	0.496000	0.003520
0.017520	0.504000	0.003440
0.017560	0.496000	0.003280
0.017600	0.496000	0.003760
0.017640	0.480000	0.003520
0.017680	0.488000	0.003520
0.017720	0.488000	0.003600
0.017760	0.488000	0.003680
0.017800	0.480000	0.003600
0.017840	0.496000	0.003600
0.017880	0.496000	0.003600
0.017920	0.480000	0.003760
0.017960	0.496000	0.003520
0.018000	0.488000	0.003840
0.018040	0.488000	0.004080
0.018080	0.496000	0.003600
0.018120	0.504000	0.003760
0.018160	0.496000	0.003840
0.018200	0.496000	0.003920
0.018240	0.488000	0.004160
0.018280	0.488000	0.003840
0.018320	0.488000	0.003840
0.018360	0.488000	0.003760
0.018400	0.488000	0.003920
0.018440	0.488000	0.003920
0.018480	0.488000	0.004320
0.018520	0.480000	0.004000
0.018560	0.480000	0.004160
0.018600	0.472000	0.004000
0.018640	0.488000	0.004000
0.018680	0.480000	0.004000
0.018720	0.488000	0.004000
0.018760	0.480000	0.004160
0.018800	0.496000	0.004080
0.018840	0.488000	0.004080
0.018880	0.488000	0.004080
0.018920	0.488000	0.004080
0.018960	0.488000	0.004240
0.019000	0.488000	0.004480
0.019040	0.480000	0.004400
0.019080	0.472000	0.004320
0.019120	0.488000	0.004240
0.019160	0.496000	0.004400
0.019200	0.496000	0.004240
0.019240	0.488000	0.004560
0.019280	0.488000	0.004480
0.019320	0.504000	0.004560
0.019360	0.488000	0.004320
0.019400	0.488000	0.004320
0.019440	0.496000	0.004320
0.019480	0.488000	0.004400
0.019520	0.496000	0.004560
0.019560	0.496000	0.004800
0.019600	0.488000	0.004560
0.019640	0.504000	0.004720
0.019680	0.488000	0.004240
0.019720	0.488000	0.004320
0.019760	0.496000	0.004560
0.019800	0.480000	0.004720
0.019840	0.488000	0.004560
0.019880	0.496000	0.004480
0.019920	0.488000	0.004640
0.019960	0.496000	0.004480
0.020000	0.496000	0.004880
0.020040	0.496000	0.004800
0.020080	0.496000	0.004800
0.020120	0.488000	0.004720
0.020160	0.496000	0.004800
0.020200	0.496000	0.004880
0.020240	0.496000	0.004560
0.020280	0.488000	0.004720
0.020320	0.488000	0.004640
0.020360	0.480000	0.004800
0.020400	0.488000	0.004720
0.020440	0.496000	0.004640
0.020480	0.488000	0.004880
0.020520	0.496000	0.004880
0.020560	0.488000	0.005120
0.020600	0.488000	0.004960
0.020640	0.488000	0.004960
0.020680	0.488000	0.004720
0.020720	0.488000	0.005120
0.020760	0.496000	0.004960
0.020800	0.504000	0.004800
0.020840	0.488000	0.004960
0.020880	0.488000	0.004960
0.020920	0.496000	0.004880
0.020960	0.488000	0.004880
0.021000	0.488000	0.004880
0.021040	0.488000	0.005120
0.021080	0.488000	0.005200
0.021120	0.488000	0.004800
0.021160	0.480000	0.004880
0.021200	0.488000	0.004880
0.021240	0.496000	0.004960
0.021280	0.496000	0.005040
0.021320	0.496000	0.004960
0.021360	0.496000	0.005040
0.021400	0.488000	0.005040
0.021440	0.480000	0.005120
0.021480	0.488000	0.005040
0.021520	0.488000	0.005200
0.021560	0.496000	0.005040
0.021600	0.488000	0.005200
0.021640	0.496000	0.005280
0.021680	0.488000	0.004880
0.021720	0.488000	0.005040
0.021760	0.488000	0.004960
0.021800	0.480000	0.005280
0.021840	0.488000	0.005040
0.021880	0.488000	0.005200
0.021920	0.488000	0.005120
0.021960	0.496000	0.004960
0.022000	0.488000	0.005200
0.022040	0.488000	0.005120
0.022080	0.480000	0.005120
0.022120	0.488000	0.005200
0.022160	0.496000	0.005120
0.022200	0.496000	0.005120
0.022240	0.488000	0.005360
0.022280	0.504000	0.005120
0.022320	0.488000	0.005200
0.022360	0.472000	0.005280
0.022400	0.496000	0.005200
0.022440	0.488000	0.004960
0.022480	0.488000	0.005120
0.022520	0.496000	0.004880
0.022560	0.512000	0.005200
0.022600	0.488000	0.005200
0.022640	0.496000	0.005280
0.022680	0.488000	0.005200
0.022720	0.480000	0.005200
0.022760	0.480000	0.005040
0.022800	0.480000	0.005280
0.022840	0.488000	0.005120
0.022880	0.480000	0.005360
0.022920	0.496000	0.005360
0.022960	0.488000	0.005200
0.023000	0.488000	0.005360
0.023040	0.480000	0.005360
0.023080	0.488000	0.005520
0.023120	0.512000	0.005440
0.023160	0.488000	0.005040
0.023200	0.488000	0.005360
0.023240	0.488000	0.005120
0.023280	0.480000	0.005440
0.023320	0.488000	0.005520
0.023360	0.496000	0.005200
0.023400	0.488000	0.005520
0.023440	0.480000	0.005280
0.023480	0.488000	0.005360
0.023520	0.480000	0.005360
0.023560	0.480000	0.005520
0.023600	0.488000	0.005440
0.023640	0.472000	0.005600
0.023680	0.488000	0.005360
0.023720	0.496000	0.005280
0.023760	0.480000	0.005120
0.023800	0.488000	0.005520
0.023840	0.480000	0.005360
0.023880	0.496000	0.005440
0.023920	0.496000	0.005280
0.023960	0.488000	0.005440
0.024000	0.488000	0.005360
0.024040	0.488000	0.005360
0.024080	0.472000	0.005200
0.024120	0.496000	0.005600
0.024160	0.480000	0.005360
0.024200	0.488000	0.005440
0.024240	0.488000	0.005200
0.024280	0.480000	0.005280
0.024320	0.496000	0.005520
0.024360	0.520000	0.005600
0.024400	0.496000	0.005600
0.024440	0.496000	0.005200
0.024480	0.488000	0.005440
0.024520	0.488000	0.005360
0.024560	0.496000	0.005280
0.024600	0.496000	0.005280
0.024640	0.496000	0.005360
0.024680	0.496000	0.005520
0.024720	0.496000	0.005360
0.024760	0.488000	0.005440
0.024800	0.480000	0.005280
0.024840	0.480000	0.005360
0.024880	0.496000	0.005360
0.024920	0.488000	0.005360
0.024960	0.488000	0.005360
0.025000	0.488000	0.005120
0.025040	0.496000	0.005440
0.025080	0.488000	0.005600
0.025120	0.504000	0.005600
0.025160	0.480000	0.005520
0.025200	0.488000	0.005520
0.025240	0.496000	0.005200
0.025280	0.480000	0.005360
0.025320	0.488000	0.005280
0.025360	0.488000	0.005440
0.025400	0.480000	0.005280
0.025440	0.480000	0.005440
0.025480	0.488000	0.005440
0.025520	0.480000	0.005200
0.025560	0.488000	0.005360
0.025600	0.488000	0.005360
0.025640	0.496000	0.005360
0.025680	0.496000	0.005360
0.025720	0.488000	0.005040
0.025760	0.488000	0.005360
0.025800	0.488000	0.005200
0.025840	0.488000	0.005360
0.025880	0.480000	0.005520
0.025920	0.488000	0.005520
0.025960	0.496000	0.005440
0.026000	0.480000	0.005440
0.026040	0.496000	0.005200
0.026080	0.488000	0.005360
0.026120	0.488000	0.005440
0.026160	0.496000	0.005200
0.026200	0.488000	0.005280
0.026240	0.488000	0.005440
0.026280	0.480000	0.005120
0.026320	0.488000	0.005360
0.026360	0.496000	0.005440
0.026400	0.488000	0.005360
0.026440	0.496000	0.005120
0.026480	0.488000	0.005120
0.026520	0.480000	0.005120
0.026560	0.480000	0.005280
0.026600	0.488000	0.005200
0.026640	0.488000	0.005200
0.026680	0.488000	0.005520
0.026720	0.488000	0.005520
0.026760	0.488000	0.005200
0.026800	0.488000	0.005280
0.026840	0.488000	0.005120
0.026880	0.232000	0.005440
0.026920	-0.520000	0.005200
0.026960	-0.528000	0.005040
0.027000	-0.528000	0.005040
0.027040	-0.528000	0.004880
0.027080	-0.528000	0.004560
0.027120	-0.536000	0.004640
0.027160	-0.520000	0.004880
0.027200	-0.528000	0.004640
0.027240	-0.520000	0.004400
0.027280	-0.520000	0.004480
0.027320	-0.512000	0.004400
0.027360	-0.512000	0.004480
0.027400	-0.520000	0.004080
0.027440	-0.504000	0.004240
0.027480	-0.512000	0.003760
0.027520	-0.504000	0.003840
0.027560	-0.504000	0.003760
0.027600	-0.504000	0.003680
0.027640	-0.504000	0.003600
0.027680	-0.496000	0.003440
0.027720	-0.504000	0.003440
0.027760	-0.504000	0.003200
0.027800	-0.488000	0.003200
0.027840	-0.496000	0.002720
0.027880	-0.496000	0.002640
0.027920	-0.496000	0.002720
0.027960	-0.488000	0.002640
0.028000	-0.488000	0.002560
0.028040	-0.488000	0.002320
0.028080	-0.488000	0.002320
0.028120	-0.504000	0.002240
0.028160	-0.488000	0.002160
0.028200	-0.480000	0.002160
0.028240	-0.488000	0.001840
0.028280	-0.488000	0.001680
0.028320	-0.480000	0.001520
0.028360	-0.496000	0.001840
0.028400	-0.480000	0.001280
0.028440	-0.480000	0.001200
0.028480	-0.488000	0.001040
0.028520	-0.488000	0.001040
0.028560	-0.480000	0.001040
0.028600	-0.472000	0.000640
0.028640	-0.480000	0.000720
0.028680	-0.480000	0.000720
0.028720	-0.488000	0.000720
0.028760	-0.480000	0.000480
0.028800	-0.480000	0.000480
0.028840	-0.472000	8.000000E-5
0.028880	-0.480000	-8.000000E-5
0.028920	-0.480000	0.000000
0.028960	-0.480000	8.000000E-5
0.029000	-0.472000	8.000000E-5
0.029040	-0.472000	-0.000480
0.029080	-0.480000	-0.000480
0.029120	-0.440000	-0.000400
0.029160	-0.480000	-0.000400
0.029200	-0.488000	-0.000560
0.029240	-0.480000	-0.000800
0.029280	-0.472000	-0.000800
0.029320	-0.472000	-0.001120
0.029360	-0.480000	-0.001040
0.029400	-0.472000	-0.001040
0.029440	-0.472000	-0.001040
0.029480	-0.480000	-0.001280
0.029520	-0.472000	-0.001360
0.029560	-0.480000	-0.001520
0.029600	-0.472000	-0.001440
0.029640	-0.480000	-0.001520
0.029680	-0.472000	-0.002000
0.029720	-0.480000	-0.001920
0.029760	-0.480000	-0.001840
0.029800	-0.472000	-0.001760
0.029840	-0.472000	-0.002080
0.029880	-0.480000	-0.002080
0.029920	-0.472000	-0.002160
0.029960	-0.472000	-0.002320
0.030000	-0.472000	-0.002240
0.030040	-0.480000	-0.002480
0.030080	-0.472000	-0.002800
0.030120	-0.480000	-0.002480
0.030160	-0.464000	-0.002480
0.030200	-0.488000	-0.002640
0.030240	-0.464000	-0.002560
0.030280	-0.480000	-0.002560
0.030320	-0.480000	-0.002560
0.030360	-0.464000	-0.002800
0.030400	-0.472000	-0.002880
0.030440	-0.464000	-0.003040
0.030480	-0.464000	-0.002640
0.030520	-0.440000	-0.002960
0.030560	-0.472000	-0.003200
0.030600	-0.464000	-0.003360
0.030640	-0.464000	-0.003360
0.030680	-0.464000	-0.003280
0.030720	-0.464000	-0.003040
0.030760	-0.480000	-0.003440
0.030800	-0.464000	-0.003440
0.030840	-0.464000	-0.003360
0.030880	-0.464000	-0.003520
0.030920	-0.472000	-0.003200
0.030960	-0.456000	-0.003360
0.031000	-0.464000	-0.003520
0.031040	-0.464000	-0.003680
0.031080	-0.472000	-0.003680
0.031120	-0.480000	-0.003600
0.031160	-0.456000	-0.003600
0.031200	-0.448000	-0.003520
0.031240	-0.464000	-0.003680
0.031280	-0.456000	-0.003920
0.031320	-0.464000	-0.003600
0.031360	-0.472000	-0.003840
0.031400	-0.464000	-0.003760
0.031440	-0.464000	-0.003760
0.031480	-0.464000	-0.003680
0.031520	-0.448000	-0.003840
0.031560	-0.464000	-0.004000
0.031600	-0.464000	-0.003680
0.031640	-0.456000	-0.004000
0.031680	-0.464000	-0.003920
0.031720	-0.456000	-0.003920
0.031760	-0.448000	-0.004080
0.031800	-0.456000	-0.003920
0.031840	-0.448000	-0.003760
0.031880	-0.456000	-0.003920
0.031920	-0.448000	-0.004240
0.031960	-0.440000	-0.004160
0.032000	-0.456000	-0.003840
0.032040	-0.456000	-0.004080
0.032080	-0.456000	-0.004080
0.032120	-0.456000	-0.004000
0.032160	-0.464000	-0.004240
0.032200	-0.456000	-0.004160
0.032240	-0.456000	-0.003920
0.032280	-0.448000	-0.004240
0.032320	-0.448000	-0.003920
0.032360	-0.456000	-0.004320
0.032400	-0.456000	-0.004480
0.032440	-0.456000	-0.004160
0.032480	-0.448000	-0.004160
0.032520	-0.440000	-0.003920
0.032560	-0.456000	-0.004160
0.032600	-0.448000	-0.004160
0.032640	-0.448000	-0.004480
0.032680	-0.456000	-0.004080
0.032720	-0.456000	-0.003920
0.032760	-0.448000	-0.004000
0.032800	-0.456000	-0.004160
0.032840	-0.448000	-0.004320
0.032880	-0.448000	-0.004160
0.032920	-0.456000	-0.004240
0.032960	-0.464000	-0.003920
0.033000	-0.456000	-0.004160
0.033040	-0.448000	-0.004080
0.033080	-0.456000	-0.004000
0.033120	-0.456000	-0.004240
0.033160	-0.448000	-0.003920
0.033200	-0.456000	-0.004000
0.033240	-0.440000	-0.003840
0.033280	-0.448000	-0.004000
0.033320	-0.448000	-0.004080
0.033360	-0.448000	-0.004080
0.033400	-0.448000	-0.004240
0.033440	-0.448000	-0.004320
0.033480	-0.456000	-0.004080
0.033520	-0.448000	-0.004000
0.033560	-0.448000	-0.003840
0.033600	-0.432000	-0.003680
0.033640	-0.440000	-0.003920
0.033680	-0.440000	-0.004240
0.033720	-0.448000	-0.004240
0.033760	-0.456000	-0.004000
0.033800	-0.440000	-0.003840
0.033840	-0.448000	-0.003920
0.033880	-0.432000	-0.004080
0.033920	-0.448000	-0.003920
0.033960	-0.448000	-0.004240
0.034000	-0.448000	-0.004000
0.034040	-0.448000	-0.004080
0.034080	-0.456000	-0.003840
0.034120	-0.456000	-0.003920
0.034160	-0.448000	-0.004080
0.034200	-0.440000	-0.003920
0.034240	-0.440000	-0.003920
0.034280	-0.440000	-0.003840
0.034320	-0.448000	-0.003600
0.034360	-0.440000	-0.003840
0.034400	-0.456000	-0.003920
0.034440	-0.448000	-0.004080
0.034480	-0.448000	-0.004080
0.034520	-0.448000	-0.003920
0.034560	-0.448000	-0.003760
0.034600	-0.440000	-0.003600
0.034640	-0.456000	-0.003760
0.034680	-0.440000	-0.003600
0.034720	-0.448000	-0.003600
0.034760	-0.432000	-0.003680
0.034800	-0.464000	-0.003680
0.034840	-0.456000	-0.003760
0.034880	-0.456000	-0.003760
0.034920	-0.456000	-0.003760
0.034960	-0.448000	-0.003680
0.035000	-0.456000	-0.003680
0.035040	-0.456000	-0.003600
0.035080	-0.448000	-0.003520
0.035120	-0.448000	-0.003440
0.035160	-0.448000	-0.003680
0.035200	-0.456000	-0.003840
0.035240	-0.448000	-0.003600
0.035280	-0.440000	-0.003600
0.035320	-0.448000	-0.003280
0.035360	-0.448000	-0.003440
0.035400	-0.448000	-0.003520
0.035440	-0.440000	-0.003360
0.035480	-0.448000	-0.003440
0.035520	-0.440000	-0.003680
0.035560	-0.448000	-0.003440
0.035600	-0.432000	-0.003200
0.035640	-0.440000	-0.003440
0.035680	-0.448000	-0.003680
0.035720	-0.448000	-0.003520
0.035760	-0.440000	-0.003280
0.035800	-0.440000	-0.003200
0.035840	-0.440000	-0.003200
0.035880	-0.448000	-0.003280
0.035920	-0.448000	-0.003120
0.035960	-0.464000	-0.003360
0.036000	-0.448000	-0.003360
0.036040	-0.440000	-0.003440
0.036080	-0.440000	-0.003120
0.036120	-0.416000	-0.003280
0.036160	-0.440000	-0.003280
0.036200	-0.440000	-0.003520
0.036240	-0.440000	-0.003040
0.036280	-0.440000	-0.003360
0.036320	-0.440000	-0.003200
0.036360	-0.440000	-0.003200
0.036400	-0.440000	-0.003200
0.036440	-0.448000	-0.003360
0.036480	-0.440000	-0.003360
0.036520	-0.432000	-0.003200
0.036560	-0.440000	-0.003280
0.036600	-0.440000	-0.003040
0.036640	-0.440000	-0.003120
0.036680	-0.448000	-0.003040
0.036720	-0.440000	-0.003280
0.036760	-0.440000	-0.003440
0.036800	-0.432000	-0.003040
0.036840	-0.448000	-0.002880
0.036880	-0.440000	-0.003040
0.036920	-0.440000	-0.003040
0.036960	-0.448000	-0.003200
0.037000	-0.440000	-0.003040
0.037040	-0.440000	-0.003120
0.037080	-0.440000	-0.003120
0.037120	-0.440000	-0.003200
0.037160	-0.440000	-0.002880
0.037200	-0.432000	-0.002960
0.037240	-0.440000	-0.003120
0.037280	-0.448000	-0.003120
0.037320	-0.432000	-0.002880
0.037360	-0.448000	-0.003040
0.037400	-0.448000	-0.003120
0.037440	-0.448000	-0.003040
0.037480	-0.440000	-0.002960
0.037520	-0.448000	-0.002960
0.037560	-0.432000	-0.002960
0.037600	-0.440000	-0.002880
0.037640	-0.448000	-0.002800
0.037680	-0.440000	-0.002960
0.037720	-0.440000	-0.002960
0.037760	-0.448000	-0.002720
0.037800	-0.424000	-0.003040
0.037840	-0.440000	-0.002960
0.037880	-0.432000	-0.002800
0.037920	-0.440000	-0.002960
0.037960	-0.440000	-0.002960
0.038000	-0.440000	-0.003120
0.038040	-0.440000	-0.002960
0.038080	-0.448000	-0.002960
0.038120	-0.440000	-0.002720
0.038160	-0.432000	-0.002960
0.038200	-0.440000	-0.002880
0.038240	-0.440000	-0.002960
0.038280	-0.440000	-0.003040
0.038320	-0.440000	-0.002720
0.038360	-0.432000	-0.002880
0.038400	-0.448000	-0.002720
0.038440	-0.448000	-0.002640
0.038480	-0.448000	-0.002720
0.038520	-0.440000	-0.002720
0.038560	-0.440000	-0.002800
0.038600	-0.456000	-0.002720
0.038640	-0.432000	-0.002640
0.038680	-0.440000	-0.002800
0.038720	-0.448000	-0.003040
0.038760	-0.432000	-0.002800
0.038800	-0.440000	-0.002960
0.038840	-0.448000	-0.002560
0.038880	-0.432000	-0.002400
0.038920	-0.448000	-0.002720
0.038960	-0.432000	-0.002720
0.039000	-0.448000	-0.002640
0.039040	-0.432000	-0.002800
0.039080	-0.440000	-0.002480
0.039120	-0.448000	-0.002640
0.039160	-0.440000	-0.002640
0.039200	-0.448000	-0.002640
0.039240	-0.448000	-0.002720
0.039280	-0.424000	-0.002800
0.039320	-0.448000	-0.002560
0.039360	-0.456000	-0.002560
0.039400	-0.440000	-0.002560
0.039440	-0.440000	-0.002480
0.039480	-0.440000	-0.002560
0.039520	-0.440000	-0.002560
0.039560	-0.440000	-0.002800
0.039600	-0.448000	-0.002720
0.039640	-0.432000	-0.002640
0.039680	-0.440000	-0.002560
0.039720	-0.440000	-0.002560
0.039760	-0.448000	-0.002560
0.039800	-0.440000	-0.002400
0.039840	-0.456000	-0.002480
0.039880	-0.440000	-0.002480
0.039920	-0.440000	-0.002400
0.039960	-0.432000	-0.002400
0.040000	-0.440000	-0.002560
0.040040	-0.440000	-0.002400
0.040080	-0.432000	-0.002560
0.040120	-0.440000	-0.002480
0.040160	-0.432000	-0.002320
0.040200	-0.440000	-0.002400
0.040240	-0.440000	-0.002400
0.040280	-0.432000	-0.002480
0.040320	-0.440000	-0.002240
0.040360	-0.440000	-0.002400
0.040400	-0.440000	-0.002240
0.040440	-0.448000	-0.002240
0.040480	-0.440000	-0.002240
0.040520	-0.432000	-0.002560
0.040560	-0.424000	-0.002560
0.040600	-0.440000	-0.002400
0.040640	-0.432000	-0.002240
0.040680	-0.440000	-0.002400
0.040720	-0.440000	-0.002400
0.040760	-0.448000	-0.002240
0.040800	-0.440000	-0.002480
0.040840	-0.440000	-0.002400
0.040880	-0.416000	-0.002320
0.040920	-0.432000	-0.002320
0.040960	-0.440000	-0.002400
0.041000	-0.432000	-0.002320
0.041040	-0.440000	-0.002480
0.041080	-0.440000	-0.002400
0.041120	-0.432000	-0.002160
0.041160	-0.432000	-0.002160
0.041200	-0.424000	-0.002080
0.041240	-0.448000	-0.002320
0.041280	-0.440000	-0.002240
0.041320	-0.448000	-0.002480
0.041360	-0.424000	-0.002320
0.041400	-0.432000	-0.002080
0.041440	-0.432000	-0.002000
0.041480	-0.432000	-0.002080
0.041520	-0.440000	-0.002160
0.041560	-0.432000	-0.002400
0.041600	-0.432000	-0.002160
0.041640	-0.432000	-0.002400
0.041680	-0.432000	-0.002000
0.041720	-0.440000	-0.002000
0.041760	-0.424000	-0.002080
0.041800	-0.440000	-0.001920
0.041840	-0.440000	-0.002160
0.041880	-0.416000	-0.002000
0.041920	-0.448000	-0.001920
0.041960	-0.432000	-0.002160
0.042000	-0.440000	-0.002160
0.042040	-0.440000	-0.002160
0.042080	-0.432000	-0.002080
0.042120	-0.440000	-0.002160
0.042160	-0.432000	-0.002000
0.042200	-0.440000	-0.002080
0.042240	-0.440000	-0.002080
0.042280	-0.440000	-0.002080
0.042320	-0.440000	-0.002000
0.042360	-0.440000	-0.002080
0.042400	-0.440000	-0.001920
0.042440	-0.440000	-0.002080
0.042480	-0.432000	-0.002000
0.042520	-0.432000	-0.001760
0.042560	-0.440000	-0.002080
0.042600	-0.440000	-0.002080
0.042640	-0.432000	-0.001920
0.042680	-0.440000	-0.001840
0.042720	-0.432000	-0.001600
0.042760	-0.440000	-0.001840
0.042800	-0.440000	-0.002080
0.042840	-0.448000	-0.002160
0.042880	-0.448000	-0.001840
0.042920	-0.448000	-0.001760
0.042960	-0.440000	-0.001760
0.043000	-0.440000	-0.001760
0.043040	0.576000	-0.002000
0.043080	0.576000	-0.002160
0.043120	0.560000	-0.001760
0.043160	0.568000	-0.001680
0.043200	0.560000	-0.001760
0.043240	0.568000	-0.001600
0.043280	0.568000	-0.001920
0.043320	0.560000	-0.002160
0.043360	0.568000	-0.001920
0.043400	0.560000	-0.002080
0.043440	0.560000	-0.001760
0.043480	0.560000	-0.001840
0.043520	0.560000	-0.002160
0.043560	0.552000	-0.002160
0.043600	0.552000	-0.002080
0.043640	0.560000	-0.002160
0.043680	0.552000	-0.002000
0.043720	0.560000	-0.002000
0.043760	0.560000	-0.002000
0.043800	0.536000	-0.002240
0.043840	0.560000	-0.002400
0.043880	0.552000	-0.002320
0.043920	0.544000	-0.002080
0.043960	0.544000	-0.002320
0.044000	0.544000	-0.002320
0.044040	0.552000	-0.002160
0.044080	0.552000	-0.002160
0.044120	0.544000	-0.002160
0.044160	0.528000	-0.002400
0.044200	0.528000	-0.002400
0.044240	0.536000	-0.002160
0.044280	0.544000	-0.002080
0.044320	0.536000	-0.002320
0.044360	0.528000	-0.002480
0.044400	0.528000	-0.002320
0.044440	0.536000	-0.002080
0.044480	0.536000	-0.002160
0.044520	0.536000	-0.001920
0.044560	0.536000	-0.002000
0.044600	0.520000	-0.001920
0.044640	0.536000	-0.002240
0.044680	0.528000	-0.002320
0.044720	0.528000	-0.002000
0.044760	0.528000	-0.002080
0.044800	0.536000	-0.002160
0.044840	0.528000	-0.002160
0.044880	0.528000	-0.002000
0.044920	0.520000	-0.002160
0.044960	0.520000	-0.001840
0.045000	0.520000	-0.001840
0.045040	0.520000	-0.001840
0.045080	0.528000	-0.002080
0.045120	0.520000	-0.002000
0.045160	0.528000	-0.001840
0.045200	0.528000	-0.001840
0.045240	0.520000	-0.001440
0.045280	0.520000	-0.001520
0.045320	0.520000	-0.001360
0.045360	0.520000	-0.001520
0.045400	0.512000	-0.001760
0.045440	0.520000	-0.001520
0.045480	0.512000	-0.001360
0.045520	0.512000	-0.001360
0.045560	0.520000	-0.001360
0.045600	0.528000	-0.001200
0.045640	0.512000	-0.001520
0.045680	0.520000	-0.001520
0.045720	0.520000	-0.001040
0.045760	0.520000	-0.001040
0.045800	0.512000	-0.001120
0.045840	0.512000	-0.001200
0.045880	0.520000	-0.001120
0.045920	0.520000	-0.001120
0.045960	0.512000	-0.000800
0.046000	0.496000	-0.000640
0.046040	0.512000	-0.000880
0.046080	0.512000	-0.001040
0.046120	0.512000	-0.000720
0.046160	0.512000	-0.000880
0.046200	0.504000	-0.000400
0.046240	0.504000	-0.000640
0.046280	0.504000	-0.000400
0.046320	0.512000	-0.000560
0.046360	0.536000	-0.000480
0.046400	0.504000	-0.000560
0.046440	0.504000	-0.000400
0.046480	0.504000	-0.000400
0.046520	0.504000	-0.000320
0.046560	0.504000	0.000000
0.046600	0.512000	-0.000160
0.046640	0.496000	-8.000000E-5
0.046680	0.512000	-0.000400
0.046720	0.520000	0.000160
0.046760	0.520000	0.000320
0.046800	0.512000	0.000160
0.046840	0.512000	0.000160
0.046880	0.520000	-0.000240
0.046920	0.504000	0.000160
0.046960	0.504000	0.000560
0.047000	0.504000	0.000720
0.047040	0.512000	0.000320
0.047080	0.512000	0.000480
0.047120	0.504000	0.000560
0.047160	0.504000	0.000560
0.047200	0.512000	0.000480
0.047240	0.504000	0.000800
0.047280	0.512000	0.000640
0.047320	0.496000	0.000720
0.047360	0.496000	0.000640
0.047400	0.504000	0.000640
0.047440	0.504000	0.000960
0.047480	0.512000	0.001040
0.047520	0.496000	0.001360
0.047560	0.504000	0.001040
0.047600	0.496000	0.000960
0.047640	0.512000	0.001120
0.047680	0.504000	0.001120
0.047720	0.504000	0.001200
0.047760	0.496000	0.001200
0.047800	0.496000	0.001440
0.047840	0.496000	0.001520
0.047880	0.520000	0.001120
0.047920	0.504000	0.001440
0.047960	0.504000	0.001680
0.048000	0.504000	0.001600
0.048040	0.496000	0.001760
0.048080	0.504000	0.001600
0.048120	0.496000	0.001680
0.048160	0.496000	0.001760
0.048200	0.496000	0.001680
0.048240	0.504000	0.001920
0.048280	0.496000	0.001840
0.048320	0.488000	0.002080
0.048360	0.496000	0.001920
0.048400	0.504000	0.001920
0.048440	0.496000	0.002160
0.048480	0.488000	0.002080
0.048520	0.504000	0.002240
0.048560	0.496000	0.002320
0.048600	0.496000	0.002160
0.048640	0.496000	0.002320
0.048680	0.488000	0.002000
0.048720	0.528000	0.002240
0.048760	0.496000	0.002160
0.048800	0.496000	0.002560
0.048840	0.488000	0.002640
0.048880	0.496000	0.002640
0.048920	0.504000	0.002560
0.048960	0.488000	0.002800
0.049000	0.496000	0.002720
0.049040	0.496000	0.002560
0.049080	0.488000	0.002800
0.049120	0.496000	0.002800
0.049160	0.496000	0.002560
0.049200	0.496000	0.002800
0.049240	0.504000	0.002960
0.049280	0.496000	0.002880
0.049320	0.496000	0.002880
0.049360	0.496000	0.002880
0.049400	0.496000	0.002800
0.049440	0.504000	0.003200
0.049480	0.496000	0.002960
0.049520	0.488000	0.003040
0.049560	0.496000	0.003120
0.049600	0.504000	0.003280
0.049640	0.488000	0.003280
0.049680	0.496000	0.003120
0.049720	0.488000	0.003120
0.049760	0.504000	0.003360
0.049800	0.496000	0.003360
0.049840	0.488000	0.003600
0.049880	0.488000	0.003680
0.049920	0.496000	0.003280
0.049960	0.496000	0.003280
0.050000	0.496000	0.003440
0.050040	0.496000	0.003280
0.050080	0.496000	0.003680
0.050120	0.496000	0.003680
0.050160	0.488000	0.003520
0.050200	0.496000	0.003520
0.050240	0.496000	0.003600
0.050280	0.496000	0.003760
0.050320	0.496000	0.003920
0.050360	0.496000	0.003840
0.050400	0.480000	0.003760
0.050440	0.480000	0.003760
0.050480	0.488000	0.003760
0.050520	0.488000	0.003760
0.050560	0.480000	0.004000
0.050600	0.480000	0.004080
0.050640	0.488000	0.003840
0.050680	0.488000	0.003920
0.050720	0.480000	0.003840
0.050760	0.488000	0.004000
0.050800	0.488000	0.003920
0.050840	0.488000	0.004000
0.050880	0.488000	0.004000
0.050920	0.488000	0.004000
0.050960	0.488000	0.004080
0.051000	0.488000	0.004240
0.051040	0.480000	0.004160
0.051080	0.488000	0.004240
0.051120	0.488000	0.004240
0.051160	0.488000	0.004160
0.051200	0.488000	0.004160
0.051240	0.488000	0.004240
0.051280	0.488000	0.004080
0.051320	0.496000	0.004240
0.051360	0.488000	0.004480
0.051400	0.488000	0.004560
0.051440	0.488000	0.004080
0.051480	0.488000	0.004240
0.051520	0.488000	0.004400
0.051560	0.488000	0.004480
0.051600	0.496000	0.004560
0.051640	0.488000	0.004240
0.051680	0.488000	0.004560
0.051720	0.496000	0.004400
0.051760	0.480000	0.004320
0.051800	0.496000	0.004400
0.051840	0.488000	0.004560
0.051880	0.488000	0.004560
0.051920	0.496000	0.004480
0.051960	0.488000	0.004720
0.052000	0.496000	0.004400
0.052040	0.488000	0.004720
0.052080	0.496000	0.004800
0.052120	0.488000	0.004560
0.052160	0.488000	0.004640
0.052200	0.496000	0.004800
0.052240	0.488000	0.004480
0.052280	0.488000	0.004640
0.052320	0.488000	0.004720
0.052360	0.488000	0.004880
0.052400	0.496000	0.004880
0.052440	0.496000	0.004720
0.052480	0.488000	0.004880
0.052520	0.488000	0.004800
0.052560	0.488000	0.004720
0.052600	0.496000	0.004960
0.052640	0.488000	0.004800
0.052680	0.496000	0.004880
0.052720	0.480000	0.004960
0.052760	0.496000	0.004960
0.052800	0.496000	0.004880
0.052840	0.488000	0.005040
0.052880	0.496000	0.005040
0.052920	0.488000	0.004960
0.052960	0.480000	0.004880
0.053000	0.496000	0.004800
0.053040	0.496000	0.005120
0.053080	0.488000	0.005200
0.053120	0.496000	0.005280
0.053160	0.496000	0.005120
0.053200	0.488000	0.004960
0.053240	0.488000	0.004880
0.053280	0.488000	0.004880
0.053320	0.488000	0.005040
0.053360	0.496000	0.005120
0.053400	0.488000	0.005280
0.053440	0.480000	0.005120
0.053480	0.488000	0.005120
0.053520	0.488000	0.005120
0.053560	0.480000	0.004960
0.053600	0.488000	0.005120
0.053640	0.488000	0.005200
0.053680	0.504000	0.005200
0.053720	0.496000	0.005200
0.053760	0.496000	0.005120
0.053800	0.488000	0.005200
0.053840	0.504000	0.005280
0.053880	0.496000	0.005360
0.053920	0.496000	0.005360
0.053960	0.488000	0.005280
0.054000	0.496000	0.005120
0.054040	0.496000	0.005120
0.054080	0.488000	0.005360
0.054120	0.504000	0.005360
0.054160	0.496000	0.005600
0.054200	0.488000	0.005440
0.054240	0.488000	0.005280
0.054280	0.496000	0.005200
0.054320	0.488000	0.005440
0.054360	0.496000	0.005200
0.054400	0.488000	0.005360
0.054440	0.496000	0.005200
0.054480	0.488000	0.005280
0.054520	0.488000	0.005440
0.054560	0.488000	0.005280
0.054600	0.480000	0.005280
0.054640	0.496000	0.005520
0.054680	0.488000	0.005440
0.054720	0.488000	0.005360
0.054760	0.480000	0.005440
0.054800	0.480000	0.005360
0.054840	0.496000	0.005440
0.054880	0.488000	0.005440
0.054920	0.488000	0.005360
0.054960	0.488000	0.005600
0.055000	0.488000	0.005280
0.055040	0.488000	0.005280
0.055080	0.496000	0.005440
0.055120	0.488000	0.005440
0.055160	0.496000	0.005440
0.055200	0.496000	0.005520
0.055240	0.488000	0.005360
0.055280	0.496000	0.005280
0.055320	0.488000	0.005280
0.055360	0.496000	0.005360
0.055400	0.488000	0.005520
0.055440	0.496000	0.005680
0.055480	0.488000	0.005520
0.055520	0.488000	0.005200
0.055560	0.488000	0.005280
0.055600	0.480000	0.005360
0.055640	0.480000	0.005520
0.055680	0.472000	0.005440
0.055720	0.488000	0.005520
0.055760	0.488000	0.005440
0.055800	0.480000	0.005440
0.055840	0.480000	0.005520
0.055880	0.480000	0.005440
0.055920	0.480000	0.005440
0.055960	0.480000	0.005440
0.056000	0.488000	0.005440
0.056040	0.488000	0.005440
0.056080	0.480000	0.005280
0.056120	0.488000	0.005520
0.056160	0.488000	0.005360
0.056200	0.488000	0.005440
0.056240	0.488000	0.005520
0.056280	0.480000	0.005360
0.056320	0.496000	0.005440
0.056360	0.512000	0.004960
0.056400	0.488000	0.005360
0.056440	0.480000	0.005680
0.056480	0.488000	0.005600
0.056520	0.488000	0.005360
0.056560	0.480000	0.005360
0.056600	0.496000	0.005360
0.056640	0.480000	0.005280
0.056680	0.480000	0.005440
0.056720	0.464000	0.005600
0.056760	0.488000	0.005280
0.056800	0.488000	0.005200
0.056840	0.496000	0.005520
0.056880	0.488000	0.005520
0.056920	0.488000	0.005440
0.056960	0.480000	0.005280
0.057000	0.488000	0.005440
0.057040	0.496000	0.005280
0.057080	0.488000	0.005520
0.057120	0.488000	0.005200
0.057160	0.480000	0.005360
0.057200	0.496000	0.005600
0.057240	0.488000	0.005680
0.057280	0.488000	0.005280
0.057320	0.488000	0.005280
0.057360	0.496000	0.005280
0.057400	0.488000	0.005280
0.057440	0.488000	0.005360
0.057480	0.488000	0.005280
0.057520	0.496000	0.005040
0.057560	0.488000	0.005440
0.057600	0.488000	0.005120
0.057640	0.488000	0.005280
0.057680	0.496000	0.005120
0.057720	0.496000	0.005360
0.057760	0.480000	0.005200
0.057800	0.488000	0.004960
0.057840	0.496000	0.005200
0.057880	0.488000	0.005200
0.057920	0.480000	0.005440
0.057960	0.480000	0.005360
0.058000	0.488000	0.005280
0.058040	0.488000	0.005200
0.058080	0.480000	0.005120
0.058120	0.488000	0.005120
0.058160	0.488000	0.005440
0.058200	0.488000	0.005200
0.058240	0.480000	0.005120
0.058280	0.480000	0.005280
0.058320	0.488000	0.005120
0.058360	0.488000	0.005200
0.058400	0.488000	0.005120
0.058440	0.464000	0.005440
0.058480	0.496000	0.005200
0.058520	0.496000	0.005200
0.058560	0.488000	0.005200
0.058600	0.472000	0.004960
0.058640	0.488000	0.004960
0.058680	0.488000	0.005040
0.058720	0.488000	0.005200
0.058760	0.480000	0.005120
0.058800	0.480000	0.004880
0.058840	0.480000	0.005040
0.058880	0.472000	0.005040
0.058920	0.480000	0.005200
0.058960	0.488000	0.005360
0.059000	0.480000	0.005040
0.059040	0.488000	0.004880
0.059080	0.488000	0.004800
0.059120	0.488000	0.004960
0.059160	-0.424000	0.004960
0.059200	-0.536000	0.005120
0.059240	-0.528000	0.005040
0.059280	-0.536000	0.004880
0.059320	-0.528000	0.004560
0.059360	-0.512000	0.004640
0.059400	-0.520000	0.004560
0.059440	-0.520000	0.004320
0.059480	-0.520000	0.004480
0.059520	-0.528000	0.004080
0.059560	-0.528000	0.004160
0.059600	-0.520000	0.003920
0.059640	-0.512000	0.004000
0.059680	-0.512000	0.003840
0.059720	-0.512000	0.003760
0.059760	-0.512000	0.003920
0.059800	-0.504000	0.003680
0.059840	-0.504000	0.003680
0.059880	-0.504000	0.003360
0.059920	-0.520000	0.003280
0.059960	-0.496000	0.003120
0.060000	-0.496000	0.003200
0.060040	-0.496000	0.002880
0.060080	-0.504000	0.002800
0.060120	-0.496000	0.002960
0.060160	-0.504000	0.002480
0.060200	-0.504000	0.002560
0.060240	-0.496000	0.002480
0.060280	-0.496000	0.002400
0.060320	-0.496000	0.002000
0.060360	-0.496000	0.002080
0.060400	-0.480000	0.001680
0.060440	-0.488000	0.001680
0.060480	-0.480000	0.001920
0.060520	-0.496000	0.001760
0.060560	-0.488000	0.001280
0.060600	-0.480000	0.001600
0.060640	-0.488000	0.001200
0.060680	-0.496000	0.001200
0.060720	-0.488000	0.001120
0.060760	-0.480000	0.000960
0.060800	-0.496000	0.000800
0.060840	-0.488000	0.000800
0.060880	-0.488000	0.000480
0.060920	-0.488000	0.000400
0.060960	-0.488000	0.000480
0.061000	-0.488000	0.000480
0.061040	-0.496000	0.000000
0.061080	-0.480000	0.000240
0.061120	-0.496000	0.000000
0.061160	-0.488000	-0.000160
0.061200	-0.480000	-0.000160
0.061240	-0.472000	-8.000000E-5
0.061280	-0.472000	-0.000320
0.061320	-0.480000	-0.000400
0.061360	-0.456000	-0.000400
0.061400	-0.472000	-0.000720
0.061440	-0.480000	-0.000720
0.061480	-0.480000	-0.000880
0.061520	-0.480000	-0.000720
0.061560	-0.480000	-0.000960
0.061600	-0.472000	-0.001280
0.061640	-0.480000	-0.001280
0.061680	-0.464000	-0.001120
0.061720	-0.472000	-0.001120
0.061760	-0.472000	-0.001440
0.061800	-0.464000	-0.001280
0.061840	-0.480000	-0.001600
0.061880	-0.480000	-0.001440
0.061920	-0.472000	-0.001680
0.061960	-0.464000	-0.001760
0.062000	-0.472000	-0.001920
0.062040	-0.480000	-0.002000
0.062080	-0.472000	-0.001840
0.062120	-0.464000	-0.002000
0.062160	-0.464000	-0.002160
0.062200	-0.472000	-0.002400
0.062240	-0.464000	-0.002560
0.062280	-0.464000	-0.002400
0.062320	-0.464000	-0.002160
0.062360	-0.456000	-0.002480
0.062400	-0.456000	-0.002480
0.062440	-0.464000	-0.002800
0.062480	-0.464000	-0.002720
0.062520	-0.472000	-0.002400
0.062560	-0.472000	-0.002640
0.062600	-0.456000	-0.002640
0.062640	-0.456000	-0.002720
0.062680	-0.464000	-0.003040
0.062720	-0.472000	-0.002960
0.062760	-0.464000	-0.003200
0.062800	-0.464000	-0.003040
0.062840	-0.456000	-0.003040
0.062880	-0.456000	-0.003040
0.062920	-0.464000	-0.003120
0.062960	-0.456000	-0.003280
0.063000	-0.464000	-0.003440
0.063040	-0.464000	-0.003360
0.063080	-0.456000	-0.003120
0.063120	-0.448000	-0.003120
0.063160	-0.456000	-0.003520
0.063200	-0.456000	-0.003440
0.063240	-0.448000	-0.003600
0.063280	-0.464000	-0.003360
0.063320	-0.456000	-0.003520
0.063360	-0.456000	-0.003280
0.063400	-0.448000	-0.003760
0.063440	-0.432000	-0.003600
0.063480	-0.448000	-0.003680
0.063520	-0.440000	-0.003840
0.063560	-0.456000	-0.003760
0.063600	-0.464000	-0.003600
0.063640	-0.448000	-0.003840
0.063680	-0.448000	-0.003920
0.063720	-0.440000	-0.003600
0.063760	-0.464000	-0.003680
0.063800	-0.464000	-0.003760
0.063840	-0.456000	-0.003680
0.063880	-0.448000	-0.003680
0.063920	-0.440000	-0.003760
0.063960	-0.456000	-0.003920
0.064000	-0.448000	-0.004000
0.064040	-0.456000	-0.004000
0.064080	-0.456000	-0.003840
0.064120	-0.464000	-0.003840
0.064160	-0.448000	-0.004080
0.064200	-0.448000	-0.004000
0.064240	-0.464000	-0.003680
0.064280	-0.448000	-0.003680
0.064320	-0.448000	-0.003840
0.064360	-0.456000	-0.003920
0.064400	-0.448000	-0.003920
0.064440	-0.456000	-0.004080
0.064480	-0.448000	-0.004080
0.064520	-0.456000	-0.004160
0.064560	-0.464000	-0.004000
0.064600	-0.456000	-0.003840
0.064640	-0.456000	-0.003840
0.064680	-0.456000	-0.004080
0.064720	-0.456000	-0.003920
0.064760	-0.456000	-0.004000
0.064800	-0.456000	-0.003920
0.064840	-0.464000	-0.004000
0.064880	-0.456000	-0.003840
0.064920	-0.456000	-0.004240
0.064960	-0.456000	-0.004080
0.065000	-0.464000	-0.004000
0.065040	-0.456000	-0.003920
0.065080	-0.456000	-0.004000
0.065120	-0.448000	-0.003840
0.065160	-0.464000	-0.004080
0.065200	-0.456000	-0.003840
0.065240	-0.440000	-0.004160
0.065280	-0.440000	-0.004000
0.065320	-0.464000	-0.003760
0.065360	-0.448000	-0.003760
0.065400	-0.456000	-0.004160
0.065440	-0.432000	-0.004080
0.065480	-0.448000	-0.003920
0.065520	-0.448000	-0.004000
0.065560	-0.456000	-0.003840
0.065600	-0.456000	-0.004160
0.065640	-0.456000	-0.004000
0.065680	-0.448000	-0.003760
0.065720	-0.448000	-0.004000
0.065760	-0.448000	-0.004160
0.065800	-0.448000	-0.004000
0.065840	-0.448000	-0.004080
0.065880	-0.440000	-0.003920
0.065920	-0.456000	-0.003760
0.065960	-0.448000	-0.004080
0.066000	-0.448000	-0.003840
0.066040	-0.448000	-0.003840
0.066080	-0.448000	-0.003680
0.066120	-0.448000	-0.003840
0.066160	-0.456000	-0.003920
0.066200	-0.440000	-0.004080
0.066240	-0.440000	-0.003760
0.066280	-0.448000	-0.003840
0.066320	-0.456000	-0.004000
0.066360	-0.440000	-0.003920
0.066400	-0.440000	-0.004080
0.066440	-0.456000	-0.003680
0.066480	-0.440000	-0.003920
0.066520	-0.440000	-0.003920
0.066560	-0.440000	-0.003840
0.066600	-0.448000	-0.003760
0.066640	-0.448000	-0.003760
0.066680	-0.440000	-0.003680
0.066720	-0.440000	-0.003840
0.066760	-0.440000	-0.003760
0.066800	-0.448000	-0.003920
0.066840	-0.456000	-0.003680
0.066880	-0.456000	-0.003840
0.066920	-0.432000	-0.003760
0.066960	-0.448000	-0.003760
0.067000	-0.440000	-0.003680
0.067040	-0.448000	-0.003840
0.067080	-0.456000	-0.003600
0.067120	-0.448000	-0.003680
0.067160	-0.440000	-0.003680
0.067200	-0.448000	-0.003680
0.067240	-0.440000	-0.003680
0.067280	-0.448000	-0.003840
0.067320	-0.456000	-0.003760
0.067360	-0.456000	-0.003440
0.067400	-0.456000	-0.003840
0.067440	-0.448000	-0.003760
0.067480	-0.448000	-0.003760
0.067520	-0.448000	-0.003760
0.067560	-0.440000	-0.003680
0.067600	-0.472000	-0.003760
0.067640	-0.448000	-0.003840
0.067680	-0.440000	-0.003680
0.067720	-0.416000	-0.003760
0.067760	-0.448000	-0.003680
0.067800	-0.456000	-0.003680
0.067840	-0.440000	-0.003520
0.067880	-0.440000	-0.003440
0.067920	-0.456000	-0.003680
0.067960	-0.448000	-0.003680
0.068000	-0.440000	-0.003520
0.068040	-0.440000	-0.003440
0.068080	-0.440000	-0.003440
0.068120	-0.424000	-0.003440
0.068160	-0.448000	-0.003360
0.068200	-0.448000	-0.003360
0.068240	-0.440000	-0.003680
0.068280	-0.448000	-0.003520
0.068320	-0.440000	-0.003440
0.068360	-0.448000	-0.003280
0.068400	-0.432000	-0.003280
0.068440	-0.440000	-0.003200
0.068480	-0.432000	-0.003360
0.068520	-0.448000	-0.003520
0.068560	-0.432000	-0.003520
0.068600	-0.448000	-0.003360
0.068640	-0.440000	-0.003360
0.068680	-0.448000	-0.003440
0.068720	-0.456000	-0.003280
0.068760	-0.440000	-0.003360
0.068800	-0.440000	-0.003440
0.068840	-0.440000	-0.003360
0.068880	-0.448000	-0.003440
0.068920	-0.432000	-0.003440
0.068960	-0.424000	-0.003040
0.069000	-0.440000	-0.003200
0.069040	-0.448000	-0.003280
0.069080	-0.440000	-0.003440
0.069120	-0.440000	-0.003120
0.069160	-0.448000	-0.003520
0.069200	-0.440000	-0.003200
0.069240	-0.448000	-0.003360
0.069280	-0.432000	-0.003520
0.069320	-0.448000	-0.003280
0.069360	-0.432000	-0.003120
0.069400	-0.448000	-0.003120
0.069440	-0.440000	-0.003040
0.069480	-0.440000	-0.003120
0.069520	-0.440000	-0.003360
0.069560	-0.440000	-0.003280
0.069600	-0.440000	-0.003280
0.069640	-0.440000	-0.003120
0.069680	-0.448000	-0.003040
0.069720	-0.440000	-0.002960
0.069760	-0.440000	-0.003120
0.069800	-0.440000	-0.003200
0.069840	-0.440000	-0.003280
0.069880	-0.432000	-0.003040
0.069920	-0.440000	-0.003040
0.069960	-0.432000	-0.002880
0.070000	-0.432000	-0.002880
0.070040	-0.440000	-0.003040
0.070080	-0.440000	-0.003040
0.070120	-0.424000	-0.002880
0.070160	-0.440000	-0.002800
0.070200	-0.440000	-0.002960
0.070240	-0.432000	-0.003040
0.070280	-0.440000	-0.003040
0.070320	-0.440000	-0.003040
0.070360	-0.432000	-0.002880
0.070400	-0.440000	-0.002960
0.070440	-0.440000	-0.002720
0.070480	-0.448000	-0.002800
0.070520	-0.440000	-0.002960
0.070560	-0.440000	-0.002960
0.070600	-0.440000	-0.002960
0.070640	-0.432000	-0.003040
0.070680	-0.448000	-0.002880
0.070720	-0.440000	-0.002960
0.070760	-0.440000	-0.002880
0.070800	-0.448000	-0.002880
0.070840	-0.440000	-0.002640
0.070880	-0.448000	-0.002640
0.070920	-0.432000	-0.002880
0.070960	-0.432000	-0.002880
0.071000	-0.440000	-0.002960
0.071040	-0.440000	-0.002960
0.071080	-0.440000	-0.002880
0.071120	-0.440000	-0.002960
0.071160	-0.432000	-0.002800
0.071200	-0.432000	-0.002640
0.071240	-0.432000	-0.002720
0.071280	-0.456000	-0.002720
0.071320	-0.432000	-0.002720
0.071360	-0.432000	-0.002640
0.071400	-0.440000	-0.002720
0.071440	-0.456000	-0.002800
0.071480	-0.456000	-0.002720
0.071520	-0.440000	-0.002720
0.071560	-0.440000	-0.002480
0.071600	-0.432000	-0.002800
0.071640	-0.432000	-0.002720
0.071680	-0.432000	-0.002480
0.071720	-0.440000	-0.002560
0.071760	-0.440000	-0.002400
0.071800	-0.432000	-0.002640
0.071840	-0.432000	-0.002720
0.071880	-0.432000	-0.002640
0.071920	-0.440000	-0.002640
0.071960	-0.448000	-0.002480
0.072000	-0.448000	-0.002480
0.072040	-0.440000	-0.002560
0.072080	-0.440000	-0.002800
0.072120	-0.448000	-0.002720
0.072160	-0.448000	-0.002560
0.072200	-0.440000	-0.002560
0.072240	-0.448000	-0.002480
0.072280	-0.440000	-0.002400
0.072320	-0.448000	-0.002480
0.072360	-0.448000	-0.002480
0.072400	-0.448000	-0.002640
0.072440	-0.456000	-0.002400
0.072480	-0.448000	-0.002320
0.072520	-0.440000	-0.002000
0.072560	-0.448000	-0.002480
0.072600	-0.448000	-0.002480
0.072640	-0.448000	-0.002480
0.072680	-0.448000	-0.002640
0.072720	-0.464000	-0.002320
0.072760	-0.440000	-0.002400
0.072800	-0.456000	-0.002320
0.072840	-0.448000	-0.002240
0.072880	-0.448000	-0.002320
0.072920	-0.440000	-0.002320
0.072960	-0.440000	-0.002240
0.073000	-0.432000	-0.002320
0.073040	-0.448000	-0.002320
0.073080	-0.448000	-0.002480
0.073120	-0.432000	-0.002160
0.073160	-0.440000	-0.002080
0.073200	-0.440000	-0.002240
0.073240	-0.440000	-0.002240
0.073280	-0.448000	-0.002240
0.073320	-0.440000	-0.002160
0.073360	-0.440000	-0.002240
0.073400	-0.448000	-0.002240
0.073440	-0.432000	-0.002160
0.073480	-0.440000	-0.002240
0.073520	-0.432000	-0.002000
0.073560	-0.432000	-0.002000
0.073600	-0.440000	-0.002160
0.073640	-0.432000	-0.002160
0.073680	-0.440000	-0.002160
0.073720	-0.440000	-0.002000
0.073760	-0.448000	-0.001840
0.073800	-0.432000	-0.002080
0.073840	-0.432000	-0.002000
0.073880	-0.432000	-0.002160
0.073920	-0.432000	-0.002000
0.073960	-0.440000	-0.002080
0.074000	-0.440000	-0.002000
0.074040	-0.432000	-0.002080
0.074080	-0.432000	-0.002000
0.074120	-0.432000	-0.002000
0.074160	-0.440000	-0.002080
0.074200	-0.448000	-0.002160
0.074240	-0.432000	-0.002000
0.074280	-0.440000	-0.001760
0.074320	-0.432000	-0.001920
0.074360	-0.448000	-0.002080
0.074400	-0.448000	-0.001920
0.074440	-0.424000	-0.002000
0.074480	-0.440000	-0.001760
0.074520	-0.440000	-0.001840
0.074560	-0.448000	-0.002000
0.074600	-0.440000	-0.001920
0.074640	-0.448000	-0.001840
0.074680	-0.448000	-0.001760
0.074720	-0.440000	-0.001840
0.074760	-0.448000	-0.001760
0.074800	-0.440000	-0.001840
0.074840	-0.440000	-0.001760
0.074880	-0.456000	-0.001840
0.074920	-0.464000	-0.001920
0.074960	-0.432000	-0.001520
0.075000	-0.440000	-0.001680
0.075040	-0.432000	-0.001600
0.075080	-0.440000	-0.001840
0.075120	-0.440000	-0.001760
0.075160	-0.440000	-0.001600
0.075200	-0.440000	-0.001840
0.075240	-0.440000	-0.001840
0.075280	0.376000	-0.001840
0.075320	0.568000	-0.002000
0.075360	0.568000	-0.001920
0.075400	0.560000	-0.001680
0.075440	0.568000	-0.001920
0.075480	0.584000	-0.001840
0.075520	0.560000	-0.001600
0.075560	0.560000	-0.001680
0.075600	0.568000	-0.001840
0.075640	0.560000	-0.002000
0.075680	0.544000	-0.001920
0.075720	0.560000	-0.001760
0.075760	0.552000	-0.001680
0.075800	0.552000	-0.001760
0.075840	0.560000	-0.002000
0.075880	0.552000	-0.002080
0.075920	0.552000	-0.001920
0.075960	0.560000	-0.002160
0.076000	0.552000	-0.002080
0.076040	0.544000	-0.002080
0.076080	0.536000	-0.002240
0.076120	0.552000	-0.002320
0.076160	0.552000	-0.002560
0.076200	0.544000	-0.002400
0.076240	0.544000	-0.002240
0.076280	0.552000	-0.002080
0.076320	0.544000	-0.002160
0.076360	0.552000	-0.002240
0.076400	0.544000	-0.002240
0.076440	0.544000	-0.002320
0.076480	0.544000	-0.002480
0.076520	0.544000	-0.002320
0.076560	0.544000	-0.002160
0.076600	0.560000	-0.002160
0.076640	0.544000	-0.002240
0.076680	0.544000	-0.002080
0.076720	0.536000	-0.002160
0.076760	0.544000	-0.001840
0.076800	0.528000	-0.002320
0.076840	0.536000	-0.002240
0.076880	0.528000	-0.002080
0.076920	0.536000	-0.002080
0.076960	0.528000	-0.002080
0.077000	0.520000	-0.002080
0.077040	0.536000	-0.002160
0.077080	0.528000	-0.001920
0.077120	0.512000	-0.001760
0.077160	0.536000	-0.002160
0.077200	0.520000	-0.001840
0.077240	0.528000	-0.002000
0.077280	0.520000	-0.001920
0.077320	0.520000	-0.001920
0.077360	0.520000	-0.001840
0.077400	0.520000	-0.002080
0.077440	0.520000	-0.001760
0.077480	0.528000	-0.001920
0.077520	0.520000	-0.001840
0.077560	0.520000	-0.001760
0.077600	0.512000	-0.001760
0.077640	0.520000	-0.001600
0.077680	0.520000	-0.001680
0.077720	0.528000	-0.001680
0.077760	0.528000	-0.001520
0.077800	0.520000	-0.001520
0.077840	0.520000	-0.001440
0.077880	0.520000	-0.001520
0.077920	0.504000	-0.001520
0.077960	0.520000	-0.001520
0.078000	0.512000	-0.001520
0.078040	0.520000	-0.001280
0.078080	0.520000	-0.001040
0.078120	0.520000	-0.001200
0.078160	0.512000	-0.000960
0.078200	0.504000	-0.001040
0.078240	0.512000	-0.001280
0.078280	0.512000	-0.000960
0.078320	0.528000	-0.000720
0.078360	0.512000	-0.000800
0.078400	0.520000	-0.000720
0.078440	0.512000	-0.000640
0.078480	0.512000	-0.000880
0.078520	0.520000	-0.000800
0.078560	0.512000	-0.000800
0.078600	0.520000	-0.000400
0.078640	0.520000	-0.000640
0.078680	0.512000	-0.000640
0.078720	0.512000	-0.000320
0.078760	0.504000	-0.000240
0.078800	0.512000	-0.000480
0.078840	0.504000	-8.000000E-5
0.078880	0.504000	-0.000240
0.078920	0.504000	-0.000160
0.078960	0.504000	-8.000000E-5
0.079000	0.512000	-0.000160
0.079040	0.512000	-0.000160
0.079080	0.520000	0.000160
0.079120	0.504000	-8.000000E-5
0.079160	0.504000	0.000160
0.079200	0.512000	-8.000000E-5
0.079240	0.512000	0.000240
0.079280	0.504000	0.000320
0.079320	0.504000	0.000320
0.079360	0.504000	0.000560
0.079400	0.496000	0.000240
0.079440	0.480000	0.000400
0.079480	0.504000	0.000560
0.079520	0.496000	0.000480
0.079560	0.496000	0.000560
0.079600	0.504000	0.000720
0.079640	0.512000	0.000640
0.079680	0.504000	0.000880
0.079720	0.504000	0.000960
0.079760	0.504000	0.000880
0.079800	0.504000	0.000960
0.079840	0.496000	0.001040
0.079880	0.504000	0.000960
0.079920	0.512000	0.000880
0.079960	0.496000	0.000800
0.080000	0.504000	0.001120
0.080040	0.504000	0.001440
0.080080	0.504000	0.001200
0.080120	0.480000	0.001200
0.080160	0.504000	0.001200
0.080200	0.504000	0.001200
0.080240	0.496000	0.001360
0.080280	0.504000	0.001440
0.080320	0.496000	0.001440
0.080360	0.512000	0.001600
0.080400	0.496000	0.001600
0.080440	0.496000	0.001760
0.080480	0.504000	0.001440
0.080520	0.496000	0.001600
0.080560	0.496000	0.001840
0.080600	0.496000	0.001920
0.080640	0.496000	0.002080
0.080680	0.496000	0.001920
0.080720	0.504000	0.002080
0.080760	0.496000	0.001920
0.080800	0.496000	0.002080
0.080840	0.496000	0.002160
0.080880	0.496000	0.002480
0.080920	0.496000	0.002400
0.080960	0.496000	0.002320
0.081000	0.504000	0.002240
0.081040	0.504000	0.002320
0.081080	0.496000	0.002320
0.081120	0.496000	0.002400
0.081160	0.504000	0.002560
0.081200	0.496000	0.002560
0.081240	0.496000	0.002560
0.081280	0.496000	0.002480
0.081320	0.504000	0.002640
0.081360	0.496000	0.002800
0.081400	0.504000	0.002720
0.081440	0.496000	0.002800
0.081480	0.496000	0.002800
0.081520	0.488000	0.002720
0.081560	0.496000	0.002640
0.081600	0.496000	0.002960
0.081640	0.496000	0.002960
0.081680	0.512000	0.003120
0.081720	0.496000	0.002960
0.081760	0.504000	0.002880
0.081800	0.488000	0.003120
0.081840	0.496000	0.003280
0.081880	0.488000	0.003120
0.081920	0.496000	0.003200
0.081960	0.504000	0.003280
0.082000	0.496000	0.003200
0.082040	0.496000	0.003280
0.082080	0.480000	0.003440
0.082120	0.496000	0.003440
0.082160	0.496000	0.003440
0.082200	0.488000	0.003280
0.082240	0.488000	0.003440
0.082280	0.504000	0.003520
0.082320	0.488000	0.003600
0.082360	0.504000	0.003440
0.082400	0.488000	0.003760
0.082440	0.496000	0.003600
0.082480	0.512000	0.003680
0.082520	0.480000	0.003520
0.082560	0.488000	0.003680
0.082600	0.488000	0.003680
0.082640	0.496000	0.003760
0.082680	0.488000	0.004000
0.082720	0.496000	0.003840
0.082760	0.496000	0.003680
0.082800	0.488000	0.004080
0.082840	0.504000	0.003760
0.082880	0.488000	0.003760
0.082920	0.496000	0.003920
0.082960	0.488000	0.003920
0.083000	0.488000	0.003920
0.083040	0.480000	0.003760
0.083080	0.488000	0.003920
0.083120	0.496000	0.004080
0.083160	0.488000	0.004240
0.083200	0.488000	0.004000
0.083240	0.488000	0.004080
0.083280	0.488000	0.004240
0.083320	0.496000	0.004240
0.083360	0.480000	0.004320
0.083400	0.480000	0.004320
0.083440	0.496000	0.004240
0.083480	0.504000	0.004240
0.083520	0.496000	0.004240
0.083560	0.488000	0.004560
0.083600	0.504000	0.004240
0.083640	0.488000	0.004240
0.083680	0.496000	0.004400
0.083720	0.488000	0.004560
0.083760	0.488000	0.004560
0.083800	0.488000	0.004400
0.083840	0.488000	0.004480
0.083880	0.488000	0.004400
0.083920	0.488000	0.004640
0.083960	0.488000	0.004560
0.084000	0.496000	0.004560
0.084040	0.488000	0.004560
0.084080	0.504000	0.004480
0.084120	0.488000	0.004640
0.084160	0.488000	0.004640
0.084200	0.480000	0.004720
0.084240	0.488000	0.004720
0.084280	0.464000	0.004640
0.084320	0.488000	0.004720
0.084360	0.496000	0.004800
0.084400	0.496000	0.004720
0.084440	0.488000	0.004960
0.084480	0.488000	0.004960
0.084520	0.488000	0.004800
0.084560	0.488000	0.004880
0.084600	0.488000	0.004960
0.084640	0.488000	0.004800
0.084680	0.488000	0.004800
0.084720	0.496000	0.004880
0.084760	0.488000	0.004800
0.084800	0.488000	0.004880
0.084840	0.496000	0.004720
0.084880	0.488000	0.005040
0.084920	0.496000	0.005120
0.084960	0.504000	0.005040
0.085000	0.496000	0.005040
0.085040	0.480000	0.004960
0.085080	0.504000	0.005040
0.085120	0.488000	0.004880
0.085160	0.488000	0.005040
0.085200	0.488000	0.005200
0.085240	0.488000	0.005040
0.085280	0.512000	0.005120
0.085320	0.488000	0.005200
0.085360	0.488000	0.005120
0.085400	0.488000	0.004960
0.085440	0.488000	0.005280
0.085480	0.496000	0.005360
0.085520	0.488000	0.005040
0.085560	0.488000	0.005280
0.085600	0.496000	0.004960
0.085640	0.488000	0.005120
0.085680	0.488000	0.004960
0.085720	0.488000	0.005200
0.085760	0.488000	0.005120
0.085800	0.488000	0.005520
0.085840	0.480000	0.005280
0.085880	0.488000	0.005040
0.085920	0.488000	0.005360
0.085960	0.488000	0.005200
0.086000	0.488000	0.005200
0.086040	0.488000	0.005200
0.086080	0.488000	0.005040
0.086120	0.480000	0.005280
0.086160	0.496000	0.005360
0.086200	0.488000	0.005520
0.086240	0.488000	0.005280
0.086280	0.472000	0.005280
0.086320	0.480000	0.005120
0.086360	0.488000	0.005440
0.086400	0.496000	0.005360
0.086440	0.496000	0.005360
0.086480	0.488000	0.005520
0.086520	0.480000	0.005360
0.086560	0.488000	0.005280
0.086600	0.480000	0.005120
0.086640	0.480000	0.005280
0.086680	0.488000	0.005440
0.086720	0.488000	0.005440
0.086760	0.488000	0.005520
0.086800	0.480000	0.005200
0.086840	0.480000	0.005440
0.086880	0.488000	0.005200
0.086920	0.488000	0.005200
0.086960	0.488000	0.005520
0.087000	0.496000	0.005520
0.087040	0.480000	0.005120
0.087080	0.496000	0.005360
0.087120	0.464000	0.005200
0.087160	0.488000	0.005280
0.087200	0.480000	0.005520
0.087240	0.488000	0.005360
0.087280	0.488000	0.005360
0.087320	0.480000	0.005280
0.087360	0.496000	0.005280
0.087400	0.480000	0.005440
0.087440	0.488000	0.005520
0.087480	0.488000	0.005440
0.087520	0.488000	0.005440
0.087560	0.488000	0.005520
0.087600	0.488000	0.005280
0.087640	0.480000	0.005600
0.087680	0.496000	0.005360
0.087720	0.488000	0.005280
0.087760	0.488000	0.005360
0.087800	0.464000	0.005360
0.087840	0.488000	0.005360
0.087880	0.488000	0.005360
0.087920	0.496000	0.005280
0.087960	0.472000	0.005440
0.088000	0.488000	0.005520
0.088040	0.488000	0.005440
0.088080	0.496000	0.005360
0.088120	0.472000	0.005200
0.088160	0.480000	0.005200
0.088200	0.480000	0.005520
0.088240	0.488000	0.005360
0.088280	0.472000	0.005280
0.088320	0.496000	0.005440
0.088360	0.488000	0.005600
0.088400	0.496000	0.005120
0.088440	0.488000	0.005120
0.088480	0.488000	0.005440
0.088520	0.488000	0.005440
0.088560	0.496000	0.005520
0.088600	0.480000	0.005280
0.088640	0.488000	0.005360
0.088680	0.488000	0.005360
0.088720	0.480000	0.005120
0.088760	0.480000	0.005280
0.088800	0.496000	0.005360
0.088840	0.488000	0.005280
0.088880	0.488000	0.005120
0.088920	0.480000	0.005120
0.088960	0.496000	0.005200
0.089000	0.488000	0.005200
0.089040	0.480000	0.005440
0.089080	0.480000	0.005360
0.089120	0.480000	0.005200
0.089160	0.488000	0.005200
0.089200	0.496000	0.005040
0.089240	0.480000	0.005600
0.089280	0.488000	0.005440
0.089320	0.464000	0.005280
0.089360	0.504000	0.005040
0.089400	0.488000	0.005040
0.089440	0.480000	0.005200
0.089480	0.488000	0.005200
0.089520	0.480000	0.005280
0.089560	0.488000	0.005280
0.089600	0.480000	0.005040
0.089640	0.480000	0.005440
0.089680	0.464000	0.005120
0.089720	0.496000	0.005280
0.089760	0.488000	0.005200
0.089800	0.480000	0.005280
0.089840	0.488000	0.005200
0.089880	0.488000	0.005200
0.089920	0.488000	0.005200
0.089960	0.472000	0.005040
0.090000	0.488000	0.005200
0.090040	0.480000	0.005120
0.090080	0.496000	0.005200
0.090120	0.480000	0.005120
0.090160	0.488000	0.005120
0.090200	0.496000	0.005120
0.090240	0.472000	0.005520
0.090280	0.464000	0.005440
0.090320	0.464000	0.004960
0.090360	0.472000	0.005280
0.090400	0.480000	0.005440
0.090440	0.480000	0.005040
0.090480	0.480000	0.004960
0.090520	0.480000	0.005200
0.090560	0.488000	0.004960
0.090600	0.496000	0.005120
0.090640	0.488000	0.005120
0.090680	0.488000	0.005120
0.090720	0.488000	0.005280
0.090760	0.488000	0.005200
0.090800	0.488000	0.005200
0.090840	0.480000	0.005360
0.090880	0.488000	0.005040
0.090920	0.488000	0.005120
0.090960	0.488000	0.005040
0.091000	0.488000	0.005040
0.091040	0.496000	0.004960
0.091080	0.488000	0.005120
0.091120	0.488000	0.005120
0.091160	0.496000	0.005280
0.091200	0.488000	0.004960
0.091240	0.488000	0.004960
0.091280	0.488000	0.004960
0.091320	0.496000	0.005200
0.091360	0.488000	0.005120
0.091400	-0.256000	0.005280
0.091440	-0.536000	0.004800
0.091480	-0.528000	0.004880
0.091520	-0.520000	0.004800
0.091560	-0.528000	0.004960
0.091600	-0.520000	0.004800
0.091640	-0.520000	0.004400
0.091680	-0.512000	0.004640
0.091720	-0.528000	0.004400
0.091760	-0.512000	0.004400
0.091800	-0.512000	0.004320
0.091840	-0.504000	0.004320
0.091880	-0.512000	0.004080
0.091920	-0.512000	0.004160
0.091960	-0.496000	0.003840
0.092000	-0.512000	0.003840
0.092040	-0.504000	0.003840
0.092080	-0.504000	0.003680
0.092120	-0.512000	0.003600
0.092160	-0.496000	0.003520
0.092200	-0.504000	0.003360
0.092240	-0.512000	0.003200
0.092280	-0.472000	0.003040
0.092320	-0.536000	0.003040
0.092360	-0.496000	0.002960
0.092400	-0.496000	0.002800
0.092440	-0.512000	0.002640
0.092480	-0.504000	0.002400
0.092520	-0.504000	0.002480
0.092560	-0.504000	0.002480
0.092600	-0.496000	0.002320
0.092640	-0.504000	0.002080
0.092680	-0.496000	0.001840
0.092720	-0.496000	0.001680
0.092760	-0.496000	0.001920
0.092800	-0.480000	0.001600
0.092840	-0.488000	0.001680
0.092880	-0.480000	0.001600
0.092920	-0.488000	0.001280
0.092960	-0.472000	0.001280
0.093000	-0.488000	0.001120
0.093040	-0.480000	0.001120
0.093080	-0.480000	0.000720
0.093120	-0.472000	0.000880
0.093160	-0.480000	0.000800
0.093200	-0.480000	0.000560
0.093240	-0.488000	0.000480
0.093280	-0.472000	0.000480
0.093320	-0.480000	0.000560
0.093360	-0.472000	0.000320
0.093400	-0.480000	0.000240
0.093440	-0.480000	-0.000160
0.093480	-0.464000	-8.000000E-5
0.093520	-0.472000	-8.000000E-5
0.093560	-0.464000	-0.000160
0.093600	-0.480000	-0.000160
0.093640	-0.480000	-0.000400
0.093680	-0.480000	-0.000720
0.093720	-0.472000	-0.000640
0.093760	-0.464000	-0.000800
0.093800	-0.480000	-0.000800
0.093840	-0.472000	-0.000960
0.093880	-0.496000	-0.000800
0.093920	-0.472000	-0.001120
0.093960	-0.464000	-0.001360
0.094000	-0.472000	-0.001280
0.094040	-0.480000	-0.001360
0.094080	-0.472000	-0.001280
0.094120	-0.472000	-0.001360
0.094160	-0.472000	-0.001520
0.094200	-0.472000	-0.001520
0.094240	-0.480000	-0.001840
0.094280	-0.480000	-0.001680
0.094320	-0.448000	-0.001600
0.094360	-0.464000	-0.001840
0.094400	-0.472000	-0.002000
0.094440	-0.480000	-0.002000
0.094480	-0.464000	-0.002000
0.094520	-0.488000	-0.002320
0.094560	-0.472000	-0.002080
0.094600	-0.464000	-0.002240
0.094640	-0.472000	-0.002480
0.094680	-0.472000	-0.002320
0.094720	-0.480000	-0.002320
0.094760	-0.472000	-0.002240
0.094800	-0.464000	-0.002640
0.094840	-0.472000	-0.002720
0.094880	-0.456000	-0.002480
0.094920	-0.464000	-0.002560
0.094960	-0.488000	-0.002480
0.095000	-0.448000	-0.002800
0.095040	-0.464000	-0.002960
0.095080	-0.456000	-0.003040
0.095120	-0.456000	-0.002880
0.095160	-0.464000	-0.002720
0.095200	-0.472000	-0.002880
0.095240	-0.480000	-0.002960
0.095280	-0.464000	-0.003200
0.095320	-0.456000	-0.003040
0.095360	-0.464000	-0.003120
0.095400	-0.464000	-0.003280
0.095440	-0.464000	-0.003360
0.095480	-0.456000	-0.003520
0.095520	-0.456000	-0.003360
0.095560	-0.472000	-0.003360
0.095600	-0.448000	-0.003440
0.095640	-0.456000	-0.003360
0.095680	-0.456000	-0.003440
0.095720	-0.480000	-0.003760
0.095760	-0.456000	-0.003600
0.095800	-0.464000	-0.003600
0.095840	-0.464000	-0.003680
0.095880	-0.456000	-0.003680
0.095920	-0.456000	-0.003440
0.095960	-0.432000	-0.003520
0.096000	-0.456000	-0.003760
0.096040	-0.448000	-0.004000
0.096080	-0.456000	-0.003840
0.096120	-0.456000	-0.003920
0.096160	-0.448000	-0.003680
0.096200	-0.456000	-0.003760
0.096240	-0.448000	-0.003760
0.096280	-0.456000	-0.003840
0.096320	-0.488000	-0.003760
0.096360	-0.464000	-0.003680
0.096400	-0.456000	-0.003680
0.096440	-0.464000	-0.003840
0.096480	-0.456000	-0.003920
0.096520	-0.464000	-0.004080
0.096560	-0.440000	-0.003920
0.096600	-0.464000	-0.003840
0.096640	-0.456000	-0.003840
0.096680	-0.456000	-0.003840
0.096720	-0.464000	-0.003840
0.096760	-0.456000	-0.003920
0.096800	-0.456000	-0.004240
0.096840	-0.448000	-0.004240
0.096880	-0.456000	-0.003600
0.096920	-0.448000	-0.003840
0.096960	-0.456000	-0.004320
0.097000	-0.456000	-0.004160
0.097040	-0.448000	-0.004000
0.097080	-0.464000	-0.004000
0.097120	-0.448000	-0.004000
0.097160	-0.456000	-0.003840
0.097200	-0.448000	-0.004000
0.097240	-0.456000	-0.004080
0.097280	-0.456000	-0.004240
0.097320	-0.448000	-0.004080
0.097360	-0.448000	-0.004080
0.097400	-0.448000	-0.004320
0.097440	-0.456000	-0.004080
0.097480	-0.448000	-0.004080
0.097520	-0.448000	-0.004080
0.097560	-0.440000	-0.004080
0.097600	-0.456000	-0.004160
0.097640	-0.448000	-0.004080
0.097680	-0.456000	-0.004000
0.097720	-0.440000	-0.003920
0.097760	-0.448000	-0.004000
0.097800	-0.440000	-0.004160
0.097840	-0.448000	-0.004240
0.097880	-0.440000	-0.004320
0.097920	-0.448000	-0.004080
0.097960	-0.456000	-0.003920
0.098000	-0.440000	-0.004240
0.098040	-0.448000	-0.004240
0.098080	-0.464000	-0.004320
0.098120	-0.448000	-0.004160
0.098160	-0.448000	-0.003920
0.098200	-0.464000	-0.003920
0.098240	-0.464000	-0.003920
0.098280	-0.456000	-0.004160
0.098320	-0.456000	-0.004160
0.098360	-0.440000	-0.004080
0.098400	-0.440000	-0.003920
0.098440	-0.448000	-0.003840
0.098480	-0.456000	-0.004080
0.098520	-0.448000	-0.004080
0.098560	-0.456000	-0.004080
0.098600	-0.456000	-0.003920
0.098640	-0.464000	-0.004160
0.098680	-0.456000	-0.004000
0.098720	-0.440000	-0.004080
0.098760	-0.456000	-0.003840
0.098800	-0.448000	-0.004000
0.098840	-0.464000	-0.003840
0.098880	-0.464000	-0.003920
0.098920	-0.448000	-0.004080
0.098960	-0.440000	-0.004000
0.099000	-0.448000	-0.003680
0.099040	-0.440000	-0.003920
0.099080	-0.440000	-0.004080
0.099120	-0.448000	-0.004000
0.099160	-0.440000	-0.003920
0.099200	-0.440000	-0.003760
0.099240	-0.440000	-0.003920
0.099280	-0.440000	-0.003680
0.099320	-0.448000	-0.003680
0.099360	-0.440000	-0.003840
0.099400	-0.440000	-0.003920
0.099440	-0.448000	-0.003680
0.099480	-0.440000	-0.003600
0.099520	-0.440000	-0.003840
0.099560	-0.440000	-0.003920
0.099600	-0.448000	-0.003760
0.099640	-0.440000	-0.004000
0.099680	-0.440000	-0.004000
0.099720	-0.448000	-0.003680
0.099760	-0.432000	-0.003600
0.099800	-0.440000	-0.003920
0.099840	-0.440000	-0.003840
0.099880	-0.440000	-0.003600
0.099920	-0.432000	-0.003760
0.099960	-0.440000	-0.003520
