0.000000	25.600000	-0.002400
4.000000E-6	25.200000	-0.002800
8.000000E-6	25.600000	-0.003600
1.200000E-5	25.200000	-0.004800
1.600000E-5	25.200000	-0.005200
2.000000E-5	25.200000	-0.006000
2.400000E-5	25.200000	-0.006800
2.800000E-5	25.200000	-0.007200
3.200000E-5	25.200000	-0.008000
3.600000E-5	25.200000	-0.008800
4.000000E-5	25.600000	-0.009200
4.400000E-5	25.200000	-0.010400
4.800000E-5	25.200000	-0.011600
5.200000E-5	25.200000	-0.012000
5.600000E-5	25.200000	-0.012800
6.000000E-5	25.200000	-0.013200
6.400000E-5	25.200000	-0.014000
6.800000E-5	25.600000	-0.015200
7.200000E-5	25.200000	-0.015200
7.600000E-5	25.200000	-0.015600
8.000000E-5	25.200000	-0.016400
8.400000E-5	25.200000	-0.017200
8.800000E-5	25.600000	-0.018000
9.200000E-5	25.200000	-0.018400
9.600000E-5	25.200000	-0.018800
0.000100	25.200000	-0.020400
0.000104	25.200000	-0.020400
0.000108	25.200000	-0.020800
0.000112	25.200000	-0.021200
0.000116	25.200000	-0.022000
0.000120	25.200000	-0.022400
0.000124	25.200000	-0.022800
0.000128	25.200000	-0.023600
0.000132	25.200000	-0.024000
0.000136	25.200000	-0.024400
0.000140	25.200000	-0.024400
0.000144	25.200000	-0.025200
0.000148	25.200000	-0.024800
0.000152	25.200000	-0.025200
0.000156	25.200000	-0.025600
0.000160	25.200000	-0.026400
0.000164	25.200000	-0.026400
0.000168	25.200000	-0.025200
0.000172	25.200000	-0.026400
0.000176	25.200000	-0.026000
0.000180	25.200000	-0.026400
0.000184	25.200000	-0.026400
0.000188	25.200000	-0.026800
0.000192	25.200000	-0.027200
0.000196	25.200000	-0.027200
0.000200	25.200000	-0.027200
0.000204	25.200000	-0.027200
0.000208	25.200000	-0.026400
0.000212	25.200000	-0.027200
0.000216	25.200000	-0.027200
0.000220	25.200000	-0.027200
0.000224	25.200000	-0.027600
0.000228	25.200000	-0.026400
0.000232	25.200000	-0.027600
0.000236	25.200000	-0.027200
0.000240	25.200000	-0.028000
0.000244	25.200000	-0.027200
0.000248	25.200000	-0.026800
0.000252	25.200000	-0.026800
0.000256	25.200000	-0.026800
0.000260	25.200000	-0.026800
0.000264	25.200000	-0.026800
0.000268	25.200000	-0.027200
0.000272	25.200000	-0.027200
0.000276	25.200000	-0.027200
0.000280	25.200000	-0.026400
0.000284	25.200000	-0.026400
0.000288	25.200000	-0.026800
0.000292	25.200000	-0.026800
0.000296	25.200000	-0.027200
0.000300	25.200000	-0.027200
0.000304	25.200000	-0.027200
0.000308	25.200000	-0.027200
0.000312	25.200000	-0.026800
0.000316	25.200000	-0.027600
0.000320	25.200000	-0.027200
0.000324	25.200000	-0.026800
0.000328	25.200000	-0.026400
0.000332	25.200000	-0.026800
0.000336	25.200000	-0.027600
0.000340	25.200000	-0.026400
0.000344	25.600000	-0.026400
0.000348	25.200000	-0.026400
0.000352	25.200000	-0.026400
0.000356	25.200000	-0.026400
0.000360	25.200000	-0.026800
0.000364	25.200000	-0.026800
0.000368	25.200000	-0.026000
0.000372	25.200000	-0.026800
0.000376	25.200000	-0.026800
0.000380	25.200000	-0.025600
0.000384	25.200000	-0.026400
0.000388	25.200000	-0.025600
0.000392	25.200000	-0.026000
0.000396	25.200000	-0.025600
0.000400	25.200000	-0.024800
0.000404	25.200000	-0.025600
0.000408	25.200000	-0.025200
0.000412	25.200000	-0.026000
0.000416	25.200000	-0.026000
0.000420	25.200000	-0.025200
0.000424	25.200000	-0.026000
0.000428	25.200000	-0.025200
0.000432	25.200000	-0.025200
0.000436	25.200000	-0.024800
0.000440	25.200000	-0.026000
0.000444	25.200000	-0.024400
0.000448	25.200000	-0.024800
0.000452	25.200000	-0.025200
0.000456	25.200000	-0.024000
0.000460	25.200000	-0.025200
0.000464	25.200000	-0.024800
0.000468	25.200000	-0.025200
0.000472	25.200000	-0.024000
0.000476	25.200000	-0.024800
0.000480	24.800000	-0.025200
0.000484	25.200000	-0.024400
0.000488	25.200000	-0.024800
0.000492	25.200000	-0.025200
0.000496	25.200000	-0.024400
0.000500	25.200000	-0.024400
0.000504	25.200000	-0.024800
0.000508	25.200000	-0.024000
0.000512	25.200000	-0.024000
0.000516	25.200000	-0.024800
0.000520	25.200000	-0.024000
0.000524	25.200000	-0.024000
0.000528	25.200000	-0.024000
0.000532	25.200000	-0.023600
0.000536	25.200000	-0.024000
0.000540	25.200000	-0.024000
0.000544	25.200000	-0.024000
0.000548	25.200000	-0.024800
0.000552	25.200000	-0.024000
0.000556	25.200000	-0.024000
0.000560	25.200000	-0.024000
0.000564	25.200000	-0.024800
0.000568	25.200000	-0.024800
0.000572	25.200000	-0.024000
0.000576	25.200000	-0.023600
0.000580	25.200000	-0.022800
0.000584	25.200000	-0.023200
0.000588	25.200000	-0.023200
0.000592	25.200000	-0.022800
0.000596	24.800000	-0.023600
0.000600	25.200000	-0.023200
0.000604	25.200000	-0.022800
0.000608	25.200000	-0.023600
0.000612	25.200000	-0.023200
0.000616	24.800000	-0.022400
0.000620	25.200000	-0.022800
0.000624	25.200000	-0.023200
0.000628	25.200000	-0.023200
0.000632	25.200000	-0.022800
0.000636	24.800000	-0.022400
0.000640	25.200000	-0.022800
0.000644	25.200000	-0.022800
0.000648	25.200000	-0.022400
0.000652	25.200000	-0.022400
0.000656	25.200000	-0.022800
0.000660	25.200000	-0.022000
0.000664	25.200000	-0.022400
0.000668	25.200000	-0.022000
0.000672	25.200000	-0.022400
0.000676	25.200000	-0.022400
0.000680	25.200000	-0.022400
0.000684	25.200000	-0.022400
0.000688	25.200000	-0.021600
0.000692	25.200000	-0.021600
0.000696	25.200000	-0.022000
0.000700	24.800000	-0.021600
0.000704	25.200000	-0.021600
0.000708	24.800000	-0.021600
0.000712	24.800000	-0.021600
0.000716	24.800000	-0.021200
0.000720	24.800000	-0.021600
0.000724	24.800000	-0.020400
0.000728	25.200000	-0.020800
0.000732	24.800000	-0.020000
0.000736	25.200000	-0.021200
0.000740	25.200000	-0.021200
0.000744	25.200000	-0.021200
0.000748	24.800000	-0.020800
0.000752	25.200000	-0.020800
0.000756	24.800000	-0.020400
0.000760	25.200000	-0.021200
0.000764	25.200000	-0.020400
0.000768	25.200000	-0.020400
0.000772	24.800000	-0.020400
0.000776	25.200000	-0.020800
0.000780	25.200000	-0.019600
0.000784	25.200000	-0.020400
0.000788	25.200000	-0.019600
0.000792	24.800000	-0.020400
0.000796	25.200000	-0.019600
0.000800	25.200000	-0.019600
0.000804	25.200000	-0.019600
0.000808	25.200000	-0.020400
0.000812	25.200000	-0.019600
0.000816	25.200000	-0.020400
0.000820	25.200000	-0.020000
0.000824	25.200000	-0.020400
0.000828	25.200000	-0.020400
0.000832	24.800000	-0.020000
0.000836	24.800000	-0.020000
0.000840	24.800000	-0.020000
0.000844	25.200000	-0.020400
0.000848	25.200000	-0.019600
0.000852	25.200000	-0.020000
0.000856	24.800000	-0.019600
0.000860	25.200000	-0.019600
0.000864	25.200000	-0.019600
0.000868	25.200000	-0.019600
0.000872	25.200000	-0.018800
0.000876	25.200000	-0.019200
0.000880	25.200000	-0.018800
0.000884	24.800000	-0.018400
0.000888	25.200000	-0.018400
0.000892	25.200000	-0.019200
0.000896	24.800000	-0.018400
0.000900	25.200000	-0.019200
0.000904	25.200000	-0.018000
0.000908	24.800000	-0.018800
0.000912	25.200000	-0.018400
0.000916	24.800000	-0.018400
0.000920	24.800000	-0.018400
0.000924	24.800000	-0.018400
0.000928	25.200000	-0.018000
0.000932	24.800000	-0.018800
0.000936	25.200000	-0.017600
0.000940	24.800000	-0.019200
0.000944	24.800000	-0.018000
0.000948	24.800000	-0.017600
0.000952	24.800000	-0.017600
0.000956	25.200000	-0.017200
0.000960	24.800000	-0.017600
0.000964	25.200000	-0.017600
0.000968	24.800000	-0.016800
0.000972	24.800000	-0.017600
0.000976	24.800000	-0.017200
0.000980	24.800000	-0.017200
0.000984	24.800000	-0.017200
0.000988	24.800000	-0.017200
0.000992	25.200000	-0.016800
0.000996	25.200000	-0.016800
0.001000	24.800000	-0.017200
0.001004	24.800000	-0.016400
0.001008	24.800000	-0.016800
0.001012	24.800000	-0.017200
0.001016	24.800000	-0.016400
0.001020	24.800000	-0.017600
0.001024	24.800000	-0.016800
0.001028	24.800000	-0.016000
0.001032	24.800000	-0.016800
0.001036	24.800000	-0.016800
0.001040	25.200000	-0.017600
0.001044	24.800000	-0.016800
0.001048	24.800000	-0.016400
0.001052	24.800000	-0.016800
0.001056	24.800000	-0.016400
0.001060	24.800000	-0.016000
0.001064	24.800000	-0.016400
0.001068	25.200000	-0.016400
0.001072	24.800000	-0.016400
0.001076	24.800000	-0.016400
0.001080	24.800000	-0.016400
0.001084	24.800000	-0.015600
0.001088	24.800000	-0.016400
0.001092	24.800000	-0.016800
0.001096	24.800000	-0.016400
0.001100	25.200000	-0.016800
0.001104	24.800000	-0.016000
0.001108	25.200000	-0.016400
0.001112	24.800000	-0.016400
0.001116	24.800000	-0.016400
0.001120	24.800000	-0.016400
0.001124	24.800000	-0.016400
0.001128	25.200000	-0.016400
0.001132	24.800000	-0.016400
0.001136	24.800000	-0.016400
0.001140	24.800000	-0.015600
0.001144	24.800000	-0.016400
0.001148	24.800000	-0.015200
0.001152	24.800000	-0.016400
0.001156	24.800000	-0.016400
0.001160	25.200000	-0.015200
0.001164	24.800000	-0.015200
0.001168	24.800000	-0.015200
0.001172	25.200000	-0.014800
0.001176	24.800000	-0.015600
0.001180	24.800000	-0.015600
0.001184	24.800000	-0.014800
0.001188	24.800000	-0.015600
0.001192	24.800000	-0.015200
0.001196	24.800000	-0.014800
0.001200	24.800000	-0.015600
0.001204	24.800000	-0.015200
0.001208	25.200000	-0.014800
0.001212	24.800000	-0.014000
0.001216	24.800000	-0.014800
0.001220	24.800000	-0.014400
0.001224	24.800000	-0.014000
0.001228	25.200000	-0.013600
0.001232	24.800000	-0.013600
0.001236	25.200000	-0.013600
0.001240	24.800000	-0.013600
0.001244	24.800000	-0.014000
0.001248	24.800000	-0.013600
0.001252	24.800000	-0.014000
0.001256	25.200000	-0.014000
0.001260	24.800000	-0.014000
0.001264	24.800000	-0.013600
0.001268	24.800000	-0.013600
0.001272	24.800000	-0.014000
0.001276	24.800000	-0.013600
0.001280	24.800000	-0.013600
0.001284	24.800000	-0.014000
0.001288	24.800000	-0.013600
0.001292	24.800000	-0.013200
0.001296	24.800000	-0.014000
0.001300	24.800000	-0.013600
0.001304	24.800000	-0.013600
0.001308	24.800000	-0.013600
0.001312	24.800000	-0.013200
0.001316	24.800000	-0.013600
0.001320	24.800000	-0.012800
0.001324	24.800000	-0.013200
0.001328	24.800000	-0.014000
0.001332	24.800000	-0.013200
0.001336	24.800000	-0.013200
0.001340	24.800000	-0.012400
0.001344	24.800000	-0.012000
0.001348	24.800000	-0.012400
0.001352	24.800000	-0.012400
0.001356	25.200000	-0.013200
0.001360	24.800000	-0.012400
0.001364	24.800000	-0.012400
0.001368	24.800000	-0.012800
0.001372	24.800000	-0.012800
0.001376	24.800000	-0.012400
0.001380	24.800000	-0.012400
0.001384	24.800000	-0.012400
0.001388	24.800000	-0.012400
0.001392	24.800000	-0.012000
0.001396	24.800000	-0.012400
0.001400	24.800000	-0.012400
0.001404	24.800000	-0.012400
0.001408	24.800000	-0.012000
0.001412	24.800000	-0.011600
0.001416	24.800000	-0.011600
0.001420	24.800000	-0.012000
0.001424	24.800000	-0.011600
0.001428	24.800000	-0.012000
0.001432	24.800000	-0.011600
0.001436	24.800000	-0.011200
0.001440	24.800000	-0.011200
0.001444	24.800000	-0.011200
0.001448	24.800000	-0.011200
0.001452	24.800000	-0.011600
0.001456	24.800000	-0.011200
0.001460	24.800000	-0.012000
0.001464	24.800000	-0.011200
0.001468	24.800000	-0.012000
0.001472	24.800000	-0.010800
0.001476	24.800000	-0.011200
0.001480	24.800000	-0.010400
0.001484	24.800000	-0.012000
0.001488	24.800000	-0.011200
0.001492	24.800000	-0.010800
0.001496	24.800000	-0.011200
0.001500	24.800000	-0.011600
0.001504	24.800000	-0.011600
0.001508	24.800000	-0.011200
0.001512	24.800000	-0.011200
0.001516	24.800000	-0.010400
0.001520	24.800000	-0.011200
0.001524	24.800000	-0.010800
0.001528	24.800000	-0.010000
0.001532	24.800000	-0.010400
0.001536	24.800000	-0.010000
0.001540	24.800000	-0.010800
0.001544	24.800000	-0.010400
0.001548	24.800000	-0.010400
0.001552	24.800000	-0.010400
0.001556	24.800000	-0.010800
0.001560	24.800000	-0.010000
0.001564	24.800000	-0.010400
0.001568	24.400000	-0.010800
0.001572	24.800000	-0.010400
0.001576	24.800000	-0.011200
0.001580	24.800000	-0.010400
0.001584	24.800000	-0.010000
0.001588	24.800000	-0.010800
0.001592	24.400000	-0.010400
0.001596	24.800000	-0.010000
0.001600	24.800000	-0.010000
0.001604	24.800000	-0.010000
0.001608	24.400000	-0.010400
0.001612	24.800000	-0.010000
0.001616	24.800000	-0.010000
0.001620	24.800000	-0.010000
0.001624	24.800000	-0.010000
0.001628	24.800000	-0.010400
0.001632	24.800000	-0.009200
0.001636	24.800000	-0.010400
0.001640	24.800000	-0.010000
0.001644	24.800000	-0.010000
0.001648	24.800000	-0.010000
0.001652	24.400000	-0.010000
0.001656	24.800000	-0.010000
0.001660	24.800000	-0.009200
0.001664	24.800000	-0.010000
0.001668	24.800000	-0.009200
0.001672	24.400000	-0.009600
0.001676	24.400000	-0.008800
0.001680	24.800000	-0.009600
0.001684	24.800000	-0.009600
0.001688	24.800000	-0.009600
0.001692	24.800000	-0.008400
0.001696	24.400000	-0.008800
0.001700	24.800000	-0.008400
0.001704	24.800000	-0.008400
0.001708	24.400000	-0.008400
0.001712	24.800000	-0.008400
0.001716	24.800000	-0.008000
0.001720	24.800000	-0.008400
0.001724	24.400000	-0.008800
0.001728	24.800000	-0.008400
0.001732	24.400000	-0.008800
0.001736	24.400000	-0.008800
0.001740	24.400000	-0.008400
0.001744	24.400000	-0.008800
0.001748	24.400000	-0.007600
0.001752	24.400000	-0.008400
0.001756	24.400000	-0.008800
0.001760	24.800000	-0.008400
0.001764	24.400000	-0.008800
0.001768	24.800000	-0.008400
0.001772	24.800000	-0.008400
0.001776	24.800000	-0.008000
0.001780	24.800000	-0.007600
0.001784	24.800000	-0.007600
0.001788	24.800000	-0.008000
0.001792	24.800000	-0.007600
0.001796	24.800000	-0.008400
0.001800	24.800000	-0.007600
0.001804	24.800000	-0.007200
0.001808	24.400000	-0.008000
0.001812	24.400000	-0.008000
0.001816	24.800000	-0.008000
0.001820	24.800000	-0.007200
0.001824	24.800000	-0.008000
0.001828	24.800000	-0.007200
0.001832	24.800000	-0.007600
0.001836	24.400000	-0.008000
0.001840	24.800000	-0.008400
0.001844	24.400000	-0.008400
0.001848	24.400000	-0.007600
0.001852	24.800000	-0.007200
0.001856	24.400000	-0.007600
0.001860	24.800000	-0.007200
0.001864	24.800000	-0.007200
0.001868	24.400000	-0.008000
0.001872	24.400000	-0.006800
0.001876	24.800000	-0.007200
0.001880	24.400000	-0.007600
0.001884	24.800000	-0.007600
0.001888	24.400000	-0.007200
0.001892	24.400000	-0.008000
0.001896	24.400000	-0.007600
0.001900	24.800000	-0.007600
0.001904	24.400000	-0.007200
0.001908	24.400000	-0.006800
0.001912	24.800000	-0.007200
0.001916	24.800000	-0.006800
0.001920	24.400000	-0.007200
0.001924	24.800000	-0.007200
0.001928	24.800000	-0.006800
0.001932	24.800000	-0.006000
0.001936	24.400000	-0.006800
0.001940	24.800000	-0.006000
0.001944	24.800000	-0.006400
0.001948	24.400000	-0.006400
0.001952	24.400000	-0.006800
0.001956	24.800000	-0.006400
0.001960	24.400000	-0.006800
0.001964	24.400000	-0.006400
0.001968	24.400000	-0.006400
0.001972	24.800000	-0.006400
0.001976	24.400000	-0.006000
0.001980	24.800000	-0.006000
0.001984	24.800000	-0.006000
0.001988	24.800000	-0.006000
0.001992	24.400000	-0.005200
0.001996	24.400000	-0.004800
0.002000	24.800000	-0.005600
0.002004	24.400000	-0.005600
0.002008	24.800000	-0.005200
0.002012	24.400000	-0.005200
0.002016	24.800000	-0.005200
0.002020	24.800000	-0.006000
0.002024	24.400000	-0.006000
0.002028	24.400000	-0.005600
0.002032	24.800000	-0.005200
0.002036	24.400000	-0.005200
0.002040	24.400000	-0.006000
0.002044	24.800000	-0.006000
0.002048	24.800000	-0.005600
0.002052	24.800000	-0.005200
0.002056	24.800000	-0.005200
0.002060	24.800000	-0.004800
0.002064	24.400000	-0.004800
0.002068	24.800000	-0.004800
0.002072	24.800000	-0.005600
0.002076	24.400000	-0.005200
0.002080	24.800000	-0.005600
0.002084	24.400000	-0.005200
0.002088	24.400000	-0.006000
0.002092	24.800000	-0.004800
0.002096	24.400000	-0.004800
0.002100	24.800000	-0.005600
0.002104	24.400000	-0.005600
0.002108	24.800000	-0.005200
0.002112	24.400000	-0.005600
0.002116	24.800000	-0.005200
0.002120	24.400000	-0.006000
0.002124	24.400000	-0.006000
0.002128	24.800000	-0.005200
0.002132	24.400000	-0.005200
0.002136	24.800000	-0.005200
0.002140	24.400000	-0.005600
0.002144	24.800000	-0.005200
0.002148	24.800000	-0.005200
0.002152	24.400000	-0.005200
0.002156	24.800000	-0.005600
0.002160	24.800000	-0.004800
0.002164	24.400000	-0.005200
0.002168	24.400000	-0.005600
0.002172	24.800000	-0.004800
0.002176	24.400000	-0.005200
0.002180	24.400000	-0.005600
0.002184	24.400000	-0.005200
0.002188	24.800000	-0.005200
0.002192	24.400000	-0.005200
0.002196	24.400000	-0.004000
0.002200	24.400000	-0.004800
0.002204	24.400000	-0.004000
0.002208	24.800000	-0.004000
0.002212	24.800000	-0.003600
0.002216	24.400000	-0.003600
0.002220	24.800000	-0.003600
0.002224	24.400000	-0.003600
0.002228	24.800000	-0.004400
0.002232	24.400000	-0.004800
0.002236	24.400000	-0.004400
0.002240	24.400000	-0.004000
0.002244	24.400000	-0.004400
0.002248	24.400000	-0.003600
0.002252	24.800000	-0.003600
0.002256	24.800000	-0.003200
0.002260	24.400000	-0.003200
0.002264	24.400000	-0.003600
0.002268	24.800000	-0.003600
0.002272	24.400000	-0.002800
0.002276	24.800000	-0.003200
0.002280	24.400000	-0.003200
0.002284	24.400000	-0.004000
0.002288	24.400000	-0.003600
0.002292	24.400000	-0.002000
0.002296	24.400000	-0.003600
0.002300	24.800000	-0.003600
0.002304	24.400000	-0.002400
0.002308	24.400000	-0.003200
0.002312	24.800000	-0.003200
0.002316	24.400000	-0.002800
0.002320	24.400000	-0.004000
0.002324	24.400000	-0.002800
0.002328	24.400000	-0.003600
0.002332	24.400000	-0.003600
0.002336	24.800000	-0.002800
0.002340	24.400000	-0.004000
0.002344	24.400000	-0.003600
0.002348	24.400000	-0.003200
0.002352	24.400000	-0.003600
0.002356	24.400000	-0.003200
0.002360	24.400000	-0.003600
0.002364	24.800000	-0.003600
0.002368	24.800000	-0.002800
0.002372	24.400000	-0.002800
0.002376	24.800000	-0.002800
0.002380	24.800000	-0.003200
0.002384	24.400000	-0.003200
0.002388	24.400000	-0.003200
0.002392	24.400000	-0.003200
0.002396	24.400000	-0.002400
0.002400	24.400000	-0.002800
0.002404	24.400000	-0.002400
0.002408	24.400000	-0.002800
0.002412	24.400000	-0.002000
0.002416	24.400000	-0.002400
0.002420	24.400000	-0.002400
0.002424	24.400000	-0.002800
0.002428	24.400000	-0.002800
0.002432	24.400000	-0.002000
0.002436	24.400000	-0.002400
0.002440	24.400000	-0.002800
0.002444	24.400000	-0.002000
0.002448	24.400000	-0.002800
0.002452	24.400000	-0.001600
0.002456	24.800000	-0.002000
0.002460	24.400000	-0.002400
0.002464	24.800000	-0.002400
0.002468	24.400000	-0.002000
0.002472	24.400000	-0.001600
0.002476	24.400000	-0.002000
0.002480	24.400000	-0.002000
0.002484	24.400000	-0.002000
0.002488	24.400000	-0.002800
0.002492	24.400000	-0.002000
0.002496	24.400000	-0.002800
0.002500	24.400000	-0.002000
0.002504	24.400000	-0.002000
0.002508	24.400000	-0.001200
0.002512	24.400000	-0.002000
0.002516	24.800000	-0.002000
0.002520	24.400000	-0.002400
0.002524	24.400000	-0.001200
0.002528	24.400000	-0.002400
0.002532	24.400000	-0.001200
0.002536	24.400000	-0.000800
0.002540	24.400000	-0.001200
0.002544	24.400000	-0.001600
0.002548	24.400000	-0.002000
0.002552	24.400000	-0.001200
0.002556	24.400000	-0.002000
0.002560	24.400000	-0.001600
0.002564	24.400000	-0.002000
0.002568	24.400000	-0.001200
0.002572	24.400000	-0.000800
0.002576	24.400000	-0.001200
0.002580	24.400000	-0.000800
0.002584	24.400000	-0.001200
0.002588	24.400000	-0.000400
0.002592	24.400000	-0.001200
0.002596	24.400000	-0.000800
0.002600	24.400000	-0.000400
0.002604	24.400000	-0.002000
0.002608	24.400000	-0.000800
0.002612	24.400000	-0.001200
0.002616	24.400000	-0.000800
0.002620	24.400000	-0.001200
0.002624	24.400000	-0.001200
0.002628	24.400000	-0.000800
0.002632	24.800000	-0.000800
0.002636	24.400000	-0.000800
0.002640	24.400000	-0.001200
0.002644	24.400000	-0.000400
0.002648	24.400000	-0.000800
0.002652	24.400000	-0.001200
0.002656	24.400000	-0.001600
0.002660	24.400000	-0.002000
0.002664	24.400000	-0.000800
0.002668	24.400000	-0.001600
0.002672	24.400000	-0.000400
0.002676	24.400000	-0.000800
0.002680	24.400000	-0.000800
0.002684	24.400000	-0.000800
0.002688	24.400000	-0.000400
0.002692	24.400000	-0.000400
0.002696	24.400000	-0.000400
0.002700	24.400000	-0.001200
0.002704	24.400000	-0.000800
0.002708	24.000000	-0.000800
0.002712	24.400000	0.000400
0.002716	24.400000	-0.000400
0.002720	24.400000	0.000400
0.002724	24.000000	-0.000800
0.002728	24.400000	0.000400
0.002732	24.400000	-0.000400
0.002736	24.400000	-0.000400
0.002740	24.400000	0.000000
0.002744	24.400000	0.000400
0.002748	24.400000	0.000400
0.002752	24.400000	0.000400
0.002756	24.400000	0.000000
0.002760	24.400000	0.000000
0.002764	24.800000	0.000400
0.002768	24.400000	0.000400
0.002772	24.000000	0.000400
0.002776	24.400000	-0.000400
0.002780	24.400000	0.001200
0.002784	24.400000	0.000000
0.002788	24.400000	0.000400
0.002792	24.400000	0.000800
0.002796	24.400000	0.000400
0.002800	24.400000	0.000400
0.002804	24.400000	0.001200
0.002808	24.400000	0.001200
0.002812	24.400000	0.000400
0.002816	24.400000	0.000000
0.002820	24.400000	0.001200
0.002824	24.400000	0.000400
0.002828	24.400000	0.001200
0.002832	24.400000	0.000400
0.002836	24.400000	0.000800
0.002840	24.400000	0.000000
0.002844	24.400000	0.000800
0.002848	24.400000	0.000800
0.002852	24.400000	0.001200
0.002856	24.400000	0.000400
0.002860	24.400000	0.000000
0.002864	24.400000	0.000400
0.002868	24.400000	0.000400
0.002872	24.400000	0.001200
0.002876	24.400000	0.000000
0.002880	24.000000	0.000800
0.002884	24.400000	0.000800
0.002888	24.400000	0.001600
0.002892	24.000000	0.001200
0.002896	24.400000	0.000400
0.002900	24.400000	0.000400
0.002904	24.400000	0.001600
0.002908	24.400000	0.001600
0.002912	24.400000	0.000800
0.002916	24.400000	0.001600
0.002920	24.400000	0.001200
0.002924	24.400000	0.001200
0.002928	24.400000	0.001200
0.002932	24.000000	0.001200
0.002936	24.400000	0.000800
0.002940	24.400000	0.001200
0.002944	24.400000	0.000800
0.002948	24.400000	0.002000
0.002952	24.400000	0.000800
0.002956	24.400000	0.001200
0.002960	24.000000	0.002000
0.002964	24.400000	0.001600
0.002968	24.400000	0.002000
0.002972	24.400000	0.001600
0.002976	24.400000	0.001600
0.002980	24.400000	0.001600
0.002984	24.400000	0.001600
0.002988	24.000000	0.001200
0.002992	24.400000	0.001600
0.002996	24.400000	0.001600
0.003000	24.400000	0.001600
0.003004	24.400000	0.001600
0.003008	24.400000	0.002400
0.003012	24.400000	0.002400
0.003016	24.400000	0.002400
0.003020	24.000000	0.001600
0.003024	24.400000	0.001600
0.003028	24.000000	0.001600
0.003032	24.400000	0.002000
0.003036	24.000000	0.002000
0.003040	24.000000	0.001600
0.003044	24.400000	0.002400
0.003048	24.400000	0.002400
0.003052	24.400000	0.003200
0.003056	24.400000	0.002000
0.003060	24.000000	0.002000
0.003064	24.400000	0.002000
0.003068	24.000000	0.001600
0.003072	24.400000	0.002400
0.003076	24.400000	0.002400
0.003080	24.400000	0.001600
0.003084	24.400000	0.002400
0.003088	24.400000	0.001600
0.003092	24.400000	0.001600
0.003096	24.400000	0.002800
0.003100	24.000000	0.001600
0.003104	24.400000	0.002000
0.003108	24.400000	0.002400
0.003112	24.400000	0.001600
0.003116	24.000000	0.002000
0.003120	24.400000	0.002400
0.003124	24.000000	0.002000
0.003128	24.400000	0.002400
0.003132	24.400000	0.002000
0.003136	24.400000	0.001200
0.003140	24.400000	0.002000
0.003144	24.000000	0.002000
0.003148	24.400000	0.002000
0.003152	24.000000	0.002400
0.003156	24.000000	0.002400
0.003160	24.000000	0.002400
0.003164	24.000000	0.002400
0.003168	24.000000	0.002400
0.003172	24.400000	0.002800
0.003176	24.000000	0.002800
0.003180	24.400000	0.002400
0.003184	24.400000	0.002400
0.003188	24.000000	0.002800
0.003192	24.400000	0.002400
0.003196	24.400000	0.003600
0.003200	24.400000	0.002000
0.003204	24.000000	0.002800
0.003208	24.400000	0.002800
0.003212	24.400000	0.002800
0.003216	24.400000	0.002800
0.003220	24.400000	0.002800
0.003224	24.000000	0.003600
0.003228	24.400000	0.003600
0.003232	24.400000	0.003600
0.003236	24.400000	0.004400
0.003240	24.000000	0.003200
0.003244	24.000000	0.002800
0.003248	24.400000	0.004000
0.003252	24.400000	0.003600
0.003256	24.400000	0.003200
0.003260	24.000000	0.003200
0.003264	24.400000	0.002800
0.003268	24.400000	0.004400
0.003272	24.400000	0.003600
0.003276	24.400000	0.004000
0.003280	24.000000	0.002800
0.003284	24.400000	0.003200
0.003288	24.000000	0.003600
0.003292	24.000000	0.002800
0.003296	24.400000	0.004000
0.003300	24.400000	0.003600
0.003304	24.400000	0.003200
0.003308	24.000000	0.002800
0.003312	24.400000	0.003200
0.003316	24.400000	0.003600
0.003320	24.400000	0.003600
0.003324	24.000000	0.004000
0.003328	24.400000	0.003200
0.003332	24.000000	0.003600
0.003336	24.000000	0.003600
0.003340	24.000000	0.004000
0.003344	24.000000	0.003200
0.003348	24.400000	0.003600
0.003352	24.000000	0.002800
0.003356	24.400000	0.003200
0.003360	24.400000	0.003200
0.003364	24.000000	0.003600
0.003368	24.400000	0.003600
0.003372	24.400000	0.003600
0.003376	24.400000	0.004000
0.003380	24.400000	0.003600
0.003384	24.000000	0.003600
0.003388	24.400000	0.003600
0.003392	24.400000	0.003200
0.003396	24.400000	0.004000
0.003400	24.400000	0.003600
0.003404	24.400000	0.003600
0.003408	24.000000	0.004000
0.003412	24.000000	0.003600
0.003416	24.400000	0.004000
0.003420	24.400000	0.004400
0.003424	24.400000	0.004000
0.003428	24.400000	0.003200
0.003432	24.000000	0.004000
0.003436	24.400000	0.004000
0.003440	24.400000	0.004400
0.003444	24.000000	0.004400
0.003448	24.400000	0.004400
0.003452	24.400000	0.004000
0.003456	24.400000	0.004000
0.003460	24.000000	0.004000
0.003464	24.000000	0.005200
0.003468	24.000000	0.005200
0.003472	24.000000	0.004800
0.003476	24.000000	0.004400
0.003480	24.000000	0.005600
0.003484	24.000000	0.004800
0.003488	24.000000	0.004400
0.003492	24.400000	0.005600
0.003496	24.000000	0.004000
0.003500	24.400000	0.004800
0.003504	24.400000	0.005200
0.003508	24.000000	0.005600
0.003512	24.000000	0.004800
0.003516	24.400000	0.005200
0.003520	24.000000	0.005200
0.003524	24.000000	0.004800
0.003528	24.400000	0.005200
0.003532	24.400000	0.005600
0.003536	24.000000	0.005200
0.003540	24.400000	0.004800
0.003544	24.000000	0.005200
0.003548	24.400000	0.005600
0.003552	24.000000	0.005200
0.003556	24.400000	0.004800
0.003560	24.000000	0.005200
0.003564	24.000000	0.004800
0.003568	24.000000	0.005600
0.003572	24.000000	0.004800
0.003576	24.000000	0.004800
0.003580	24.400000	0.004400
0.003584	24.400000	0.004800
0.003588	24.000000	0.005200
0.003592	24.400000	0.005200
0.003596	24.000000	0.005600
0.003600	24.000000	0.005600
0.003604	24.400000	0.005200
0.003608	24.000000	0.004800
0.003612	24.000000	0.005600
0.003616	24.000000	0.005600
0.003620	24.000000	0.004800
0.003624	24.000000	0.004400
0.003628	24.000000	0.005600
0.003632	24.000000	0.005200
0.003636	24.400000	0.005600
0.003640	24.000000	0.005200
0.003644	24.400000	0.006000
0.003648	24.000000	0.005200
0.003652	24.000000	0.005600
0.003656	24.000000	0.005200
0.003660	24.400000	0.006400
0.003664	24.000000	0.005200
0.003668	24.000000	0.006000
0.003672	24.000000	0.005200
0.003676	24.000000	0.006000
0.003680	24.000000	0.005600
0.003684	24.000000	0.005600
0.003688	24.000000	0.004400
0.003692	24.000000	0.005600
0.003696	24.400000	0.005600
0.003700	24.400000	0.005600
0.003704	24.400000	0.005600
0.003708	24.000000	0.006400
0.003712	24.000000	0.005600
0.003716	24.000000	0.005200
0.003720	24.000000	0.004800
0.003724	24.000000	0.004800
0.003728	24.000000	0.005600
0.003732	24.400000	0.005600
0.003736	24.000000	0.005600
0.003740	24.000000	0.006000
0.003744	24.000000	0.005600
0.003748	24.000000	0.006000
0.003752	24.000000	0.006400
0.003756	24.400000	0.006000
0.003760	24.000000	0.006000
0.003764	24.000000	0.006400
0.003768	24.000000	0.005200
0.003772	24.400000	0.006400
0.003776	24.400000	0.005600
0.003780	24.000000	0.005600
0.003784	24.000000	0.006800
0.003788	24.000000	0.006400
0.003792	24.400000	0.006400
0.003796	24.400000	0.006000
0.003800	24.400000	0.006800
0.003804	24.000000	0.006400
0.003808	24.000000	0.006400
0.003812	24.000000	0.006800
0.003816	24.000000	0.005200
0.003820	24.000000	0.006400
0.003824	24.000000	0.006000
0.003828	24.000000	0.006000
0.003832	24.000000	0.006000
0.003836	24.000000	0.006000
0.003840	24.000000	0.006000
0.003844	24.000000	0.006800
0.003848	24.000000	0.006000
0.003852	24.000000	0.006800
0.003856	24.000000	0.006000
0.003860	24.400000	0.006800
0.003864	24.000000	0.006800
0.003868	24.000000	0.006800
0.003872	24.000000	0.006800
0.003876	24.000000	0.006800
0.003880	24.400000	0.006800
0.003884	24.000000	0.006800
0.003888	24.000000	0.006800
0.003892	24.000000	0.006800
0.003896	24.000000	0.006800
0.003900	24.000000	0.006800
0.003904	24.000000	0.006400
0.003908	24.000000	0.006000
0.003912	24.400000	0.006400
0.003916	24.000000	0.006400
0.003920	24.000000	0.006400
0.003924	24.400000	0.006400
0.003928	24.000000	0.006800
0.003932	24.000000	0.006400
0.003936	24.000000	0.006800
0.003940	24.400000	0.006400
0.003944	24.400000	0.007200
0.003948	24.000000	0.007200
0.003952	24.000000	0.006800
0.003956	24.000000	0.006400
0.003960	24.000000	0.007200
0.003964	24.000000	0.007200
0.003968	24.000000	0.007200
0.003972	24.000000	0.007200
0.003976	24.000000	0.007200
0.003980	24.000000	0.007600
0.003984	24.000000	0.007600
0.003988	24.000000	0.006800
0.003992	24.000000	0.006800
0.003996	24.000000	0.007600
0.004000	24.000000	0.006400
0.004004	24.000000	0.007600
0.004008	24.000000	0.007600
0.004012	24.000000	0.006800
0.004016	24.000000	0.007600
0.004020	24.000000	0.007200
0.004024	24.000000	0.007200
0.004028	24.000000	0.007200
0.004032	24.000000	0.006800
0.004036	24.000000	0.007200
0.004040	24.400000	0.008400
0.004044	24.000000	0.007600
0.004048	24.000000	0.006800
0.004052	24.000000	0.007600
0.004056	24.000000	0.007600
0.004060	24.000000	0.007200
0.004064	24.000000	0.007200
0.004068	24.000000	0.008000
0.004072	24.000000	0.008000
0.004076	24.400000	0.007200
0.004080	24.000000	0.008000
0.004084	24.000000	0.007600
0.004088	24.000000	0.008000
0.004092	24.000000	0.007600
0.004096	24.000000	0.006800
0.004100	24.400000	0.007200
0.004104	24.000000	0.007600
0.004108	24.000000	0.007600
0.004112	24.000000	0.008000
0.004116	24.000000	0.007600
0.004120	24.000000	0.008000
0.004124	24.000000	0.008000
0.004128	24.000000	0.007600
0.004132	24.000000	0.008000
0.004136	24.000000	0.008000
0.004140	24.000000	0.008000
0.004144	24.000000	0.007600
0.004148	24.000000	0.007600
0.004152	24.000000	0.008000
0.004156	24.000000	0.007600
0.004160	24.000000	0.007600
0.004164	24.000000	0.008000
0.004168	24.000000	0.007600
0.004172	24.000000	0.007600
0.004176	24.000000	0.007200
0.004180	24.000000	0.008000
0.004184	24.000000	0.007600
0.004188	24.000000	0.007200
0.004192	24.000000	0.007600
0.004196	24.000000	0.007600
0.004200	24.000000	0.008000
0.004204	24.000000	0.007200
0.004208	24.000000	0.007600
0.004212	24.000000	0.007600
0.004216	24.000000	0.008000
0.004220	24.000000	0.007600
0.004224	24.000000	0.008800
0.004228	24.000000	0.008400
0.004232	24.000000	0.008000
0.004236	24.000000	0.008000
0.004240	24.000000	0.008400
0.004244	24.000000	0.008400
0.004248	24.000000	0.008000
0.004252	24.000000	0.008400
0.004256	24.000000	0.008000
0.004260	24.000000	0.008000
0.004264	24.000000	0.008400
0.004268	24.000000	0.008000
0.004272	24.000000	0.008000
0.004276	24.000000	0.008000
0.004280	24.400000	0.008400
0.004284	24.000000	0.008000
0.004288	24.000000	0.008400
0.004292	24.000000	0.007600
0.004296	24.000000	0.008400
0.004300	24.000000	0.008000
0.004304	24.000000	0.008800
0.004308	24.000000	0.008400
0.004312	24.000000	0.008000
0.004316	24.000000	0.008000
0.004320	24.000000	0.008000
0.004324	24.000000	0.007600
0.004328	24.000000	0.008800
0.004332	24.000000	0.008800
0.004336	24.000000	0.008000
0.004340	24.000000	0.008800
0.004344	24.000000	0.008800
0.004348	24.000000	0.008000
0.004352	24.000000	0.008400
0.004356	24.000000	0.009200
0.004360	24.000000	0.008400
0.004364	24.000000	0.008400
0.004368	24.400000	0.009200
0.004372	24.000000	0.008400
0.004376	24.000000	0.008800
0.004380	24.000000	0.008400
0.004384	24.000000	0.008400
0.004388	24.000000	0.008000
0.004392	24.000000	0.008800
0.004396	24.000000	0.008400
0.004400	24.000000	0.008400
0.004404	24.000000	0.008400
0.004408	24.000000	0.008000
0.004412	24.000000	0.008400
0.004416	24.000000	0.008400
0.004420	24.000000	0.008400
0.004424	24.000000	0.008800
0.004428	24.000000	0.008800
0.004432	24.000000	0.008800
0.004436	24.000000	0.009200
0.004440	24.000000	0.008800
0.004444	24.400000	0.009200
0.004448	24.000000	0.008800
0.004452	24.000000	0.009600
0.004456	24.000000	0.008800
0.004460	24.000000	0.009200
0.004464	24.000000	0.009600
0.004468	24.000000	0.009200
0.004472	24.000000	0.009600
0.004476	24.000000	0.009200
0.004480	23.600000	0.009600
0.004484	24.000000	0.009600
0.004488	24.000000	0.009200
0.004492	24.000000	0.009600
0.004496	24.000000	0.009600
0.004500	24.000000	0.009200
0.004504	24.000000	0.009200
0.004508	24.000000	0.008800
0.004512	24.000000	0.009600
0.004516	24.000000	0.009200
0.004520	24.000000	0.009200
0.004524	24.000000	0.009600
0.004528	24.000000	0.009600
0.004532	24.000000	0.009600
0.004536	24.000000	0.009200
0.004540	24.000000	0.010000
0.004544	24.000000	0.009600
0.004548	24.000000	0.009200
0.004552	24.000000	0.010000
0.004556	24.000000	0.009600
0.004560	24.000000	0.008800
0.004564	24.000000	0.009600
0.004568	24.000000	0.008800
0.004572	24.000000	0.009600
0.004576	24.000000	0.009200
0.004580	24.000000	0.009600
0.004584	24.000000	0.008000
0.004588	24.000000	0.010400
0.004592	24.000000	0.009600
0.004596	24.000000	0.008800
0.004600	24.000000	0.009200
0.004604	24.000000	0.008800
0.004608	24.000000	0.009600
0.004612	24.000000	0.009200
0.004616	24.000000	0.009600
0.004620	24.000000	0.009200
0.004624	24.000000	0.009600
0.004628	24.000000	0.009200
0.004632	24.000000	0.009200
0.004636	24.000000	0.009200
0.004640	24.000000	0.009600
0.004644	24.000000	0.010000
0.004648	24.000000	0.009600
0.004652	24.000000	0.010000
0.004656	24.000000	0.010800
0.004660	24.000000	0.010000
0.004664	24.000000	0.010800
0.004668	24.000000	0.010000
0.004672	24.000000	0.009600
0.004676	24.000000	0.010400
0.004680	24.000000	0.010400
0.004684	24.000000	0.010000
0.004688	24.000000	0.010000
0.004692	24.000000	0.010800
0.004696	24.000000	0.010800
0.004700	24.000000	0.010400
0.004704	24.000000	0.009600
0.004708	24.000000	0.010000
0.004712	24.000000	0.010400
0.004716	24.000000	0.010400
0.004720	24.000000	0.010000
0.004724	24.000000	0.009600
0.004728	24.000000	0.009600
0.004732	24.000000	0.010000
0.004736	24.000000	0.009600
0.004740	24.000000	0.009600
0.004744	24.000000	0.009600
0.004748	24.000000	0.010000
0.004752	24.400000	0.010400
0.004756	24.000000	0.010000
0.004760	24.000000	0.010800
0.004764	24.000000	0.010400
0.004768	24.000000	0.010000
0.004772	24.000000	0.010400
0.004776	24.000000	0.010400
0.004780	24.000000	0.010400
0.004784	24.000000	0.010800
0.004788	24.000000	0.010400
0.004792	24.000000	0.010800
0.004796	24.000000	0.010800
0.004800	24.000000	0.010800
0.004804	24.000000	0.010400
0.004808	24.000000	0.010000
0.004812	24.000000	0.010400
0.004816	24.000000	0.010000
0.004820	24.000000	0.010000
0.004824	24.000000	0.010000
0.004828	24.000000	0.010800
0.004832	24.000000	0.010800
0.004836	23.600000	0.009600
0.004840	24.000000	0.010400
0.004844	24.000000	0.010400
0.004848	24.000000	0.011200
0.004852	24.000000	0.010800
0.004856	24.000000	0.010400
0.004860	24.000000	0.010000
0.004864	24.000000	0.010800
0.004868	24.000000	0.010800
0.004872	24.000000	0.010400
0.004876	24.000000	0.010400
0.004880	24.000000	0.010400
0.004884	24.000000	0.010400
0.004888	-26.000000	0.010400
0.004892	-26.400000	0.010800
0.004896	-26.400000	0.010400
0.004900	-26.800000	0.010000
0.004904	-26.800000	0.010400
0.004908	-26.800000	0.010800
0.004912	-26.800000	0.010800
0.004916	-26.800000	0.010800
0.004920	-26.800000	0.010000
0.004924	-26.800000	0.010800
0.004928	-26.800000	0.010800
0.004932	-26.800000	0.010400
0.004936	-26.800000	0.010800
0.004940	-26.800000	0.010800
0.004944	-26.800000	0.010400
0.004948	-26.800000	0.010800
0.004952	-26.800000	0.010800
0.004956	-26.800000	0.010800
0.004960	-26.800000	0.011200
0.004964	-26.400000	0.010800
0.004968	-26.800000	0.010400
0.004972	-26.800000	0.010400
0.004976	-26.800000	0.011200
0.004980	-26.800000	0.011600
0.004984	-26.800000	0.010800
0.004988	-26.800000	0.010800
0.004992	-26.800000	0.010800
0.004996	-26.800000	0.011600
0.005000	-26.800000	0.010800
0.005004	-26.800000	0.010800
0.005008	-26.400000	0.011600
0.005012	-26.800000	0.010800
0.005016	-26.400000	0.011200
0.005020	-26.800000	0.011600
0.005024	-26.400000	0.011200
0.005028	-26.800000	0.010000
0.005032	-26.800000	0.010800
0.005036	-26.400000	0.010800
0.005040	-26.800000	0.010800
0.005044	-26.800000	0.011200
0.005048	-26.800000	0.011200
0.005052	-26.400000	0.011200
0.005056	-26.400000	0.011200
0.005060	-26.400000	0.011200
0.005064	-26.800000	0.010400
0.005068	-26.800000	0.010800
0.005072	-26.400000	0.010800
0.005076	-26.400000	0.010800
0.005080	-26.400000	0.011200
0.005084	-26.400000	0.010800
0.005088	-26.400000	0.010800
0.005092	-26.400000	0.011200
0.005096	-26.400000	0.010800
0.005100	-26.800000	0.010800
0.005104	-26.400000	0.010800
0.005108	-26.400000	0.011200
0.005112	-26.400000	0.010800
0.005116	-26.400000	0.011600
0.005120	-26.400000	0.012000
0.005124	-26.400000	0.010800
0.005128	-26.400000	0.011600
0.005132	-26.400000	0.011600
0.005136	-26.400000	0.011600
0.005140	-26.400000	0.010800
0.005144	-26.400000	0.011200
0.005148	-26.400000	0.010800
0.005152	-26.400000	0.011200
0.005156	-26.400000	0.010800
0.005160	-26.400000	0.011200
0.005164	-26.400000	0.011200
0.005168	-26.400000	0.010800
0.005172	-26.400000	0.011200
0.005176	-26.400000	0.011200
0.005180	-26.400000	0.011200
0.005184	-26.000000	0.011200
0.005188	-26.400000	0.011200
0.005192	-26.400000	0.011600
0.005196	-26.400000	0.011200
0.005200	-26.000000	0.011200
0.005204	-26.400000	0.010800
0.005208	-26.400000	0.011200
0.005212	-26.000000	0.011200
0.005216	-26.400000	0.011200
0.005220	-26.400000	0.010800
0.005224	-26.000000	0.011600
0.005228	-26.000000	0.012000
0.005232	-26.400000	0.011200
0.005236	-26.400000	0.011200
0.005240	-26.000000	0.012000
0.005244	-26.000000	0.012000
0.005248	-26.400000	0.012000
0.005252	-26.000000	0.011200
0.005256	-26.000000	0.012000
0.005260	-26.000000	0.010800
0.005264	-26.000000	0.011600
0.005268	-26.000000	0.012000
0.005272	-26.000000	0.011600
0.005276	-26.000000	0.011600
0.005280	-26.000000	0.011200
0.005284	-26.000000	0.012000
0.005288	-26.000000	0.011600
0.005292	-26.000000	0.012000
0.005296	-26.000000	0.011600
0.005300	-26.000000	0.012000
0.005304	-26.000000	0.012000
0.005308	-26.000000	0.012800
0.005312	-26.000000	0.012400
0.005316	-26.000000	0.012000
0.005320	-26.000000	0.011600
0.005324	-26.000000	0.012400
0.005328	-26.000000	0.012000
0.005332	-26.000000	0.012000
0.005336	-26.000000	0.012000
0.005340	-26.000000	0.012400
0.005344	-26.000000	0.011600
0.005348	-26.000000	0.011600
0.005352	-26.000000	0.012000
0.005356	-26.000000	0.012400
0.005360	-26.000000	0.012000
0.005364	-26.000000	0.011600
0.005368	-26.000000	0.011600
0.005372	-26.000000	0.012000
0.005376	-26.000000	0.011600
0.005380	-26.000000	0.011600
0.005384	-26.000000	0.011600
0.005388	-26.000000	0.011600
0.005392	-26.000000	0.011600
0.005396	-26.000000	0.011600
0.005400	-26.000000	0.011200
0.005404	-26.000000	0.011600
0.005408	-26.000000	0.012000
0.005412	-26.000000	0.011200
0.005416	-26.000000	0.011200
0.005420	-26.000000	0.011200
0.005424	-26.000000	0.011200
0.005428	-26.000000	0.012000
0.005432	-26.000000	0.012000
0.005436	-26.000000	0.011600
0.005440	-26.000000	0.012000
0.005444	-26.000000	0.012000
0.005448	-26.000000	0.012000
0.005452	-26.000000	0.011200
0.005456	-26.000000	0.011600
0.005460	-26.000000	0.012000
0.005464	-26.000000	0.012000
0.005468	-26.000000	0.011600
0.005472	-26.000000	0.012800
0.005476	-26.000000	0.012000
0.005480	-26.000000	0.012400
0.005484	-25.600000	0.012000
0.005488	-26.000000	0.012000
0.005492	-26.000000	0.011600
0.005496	-26.000000	0.012400
0.005500	-25.600000	0.012000
0.005504	-26.000000	0.012400
0.005508	-26.000000	0.012000
0.005512	-26.000000	0.011200
0.005516	-26.000000	0.012800
0.005520	-25.600000	0.012000
0.005524	-26.000000	0.012400
0.005528	-25.600000	0.012000
0.005532	-26.000000	0.012400
0.005536	-26.000000	0.012400
0.005540	-26.000000	0.012000
0.005544	-25.600000	0.012000
0.005548	-25.600000	0.012800
0.005552	-25.600000	0.013200
0.005556	-25.600000	0.013200
0.005560	-25.600000	0.012000
0.005564	-26.000000	0.012800
0.005568	-25.600000	0.012800
0.005572	-26.000000	0.012800
0.005576	-25.600000	0.012000
0.005580	-26.000000	0.012000
0.005584	-25.600000	0.012800
0.005588	-25.600000	0.012000
0.005592	-25.600000	0.012400
0.005596	-25.600000	0.012000
0.005600	-25.600000	0.012400
0.005604	-26.000000	0.012400
0.005608	-25.600000	0.012400
0.005612	-26.000000	0.012000
0.005616	-25.600000	0.012400
0.005620	-25.600000	0.012400
0.005624	-25.600000	0.012400
0.005628	-25.600000	0.012400
0.005632	-25.600000	0.012400
0.005636	-25.600000	0.011600
0.005640	-25.600000	0.012400
0.005644	-25.600000	0.012000
0.005648	-25.600000	0.013200
0.005652	-25.600000	0.012800
0.005656	-25.600000	0.012400
0.005660	-25.600000	0.012000
0.005664	-25.600000	0.012400
0.005668	-25.600000	0.012000
0.005672	-25.600000	0.012000
0.005676	-25.600000	0.011600
0.005680	-25.600000	0.012400
0.005684	-25.600000	0.012400
0.005688	-25.600000	0.012800
0.005692	-25.600000	0.012400
0.005696	-25.600000	0.012400
0.005700	-25.600000	0.012000
0.005704	-25.600000	0.012400
0.005708	-25.600000	0.012400
0.005712	-25.600000	0.012000
0.005716	-25.600000	0.012000
0.005720	-25.600000	0.012400
0.005724	-25.600000	0.012800
0.005728	-25.600000	0.012000
0.005732	-25.600000	0.012400
0.005736	-25.600000	0.012400
0.005740	-25.600000	0.012800
0.005744	-25.600000	0.011600
0.005748	-25.600000	0.012400
0.005752	-25.600000	0.012000
0.005756	-25.600000	0.012800
0.005760	-25.600000	0.013200
0.005764	-25.600000	0.013600
0.005768	-25.600000	0.012800
0.005772	-25.600000	0.013200
0.005776	-25.600000	0.012800
0.005780	-25.600000	0.013600
0.005784	-25.600000	0.012000
0.005788	-25.200000	0.013200
0.005792	-25.600000	0.011600
0.005796	-25.600000	0.012400
0.005800	-25.600000	0.012800
0.005804	-25.600000	0.012800
0.005808	-25.600000	0.013200
0.005812	-25.600000	0.013600
0.005816	-25.200000	0.012800
0.005820	-25.600000	0.012800
0.005824	-25.200000	0.012800
0.005828	-25.600000	0.013600
0.005832	-25.600000	0.012400
0.005836	-25.600000	0.013200
0.005840	-25.600000	0.012800
0.005844	-25.600000	0.013200
0.005848	-25.600000	0.013200
0.005852	-25.600000	0.013200
0.005856	-25.600000	0.013200
0.005860	-25.600000	0.012000
0.005864	-25.200000	0.012400
0.005868	-25.600000	0.012800
0.005872	-25.600000	0.012400
0.005876	-25.600000	0.012400
0.005880	-25.600000	0.012800
0.005884	-25.600000	0.012000
0.005888	-25.600000	0.013200
0.005892	-25.600000	0.012400
0.005896	-25.200000	0.012800
0.005900	-25.600000	0.012400
0.005904	-25.200000	0.012400
0.005908	-25.600000	0.012000
0.005912	-25.200000	0.012400
0.005916	-25.600000	0.013200
0.005920	-25.200000	0.012800
0.005924	-25.600000	0.012800
0.005928	-25.600000	0.012400
0.005932	-25.200000	0.012000
0.005936	-25.600000	0.013200
0.005940	-25.200000	0.013600
0.005944	-25.600000	0.013600
0.005948	-25.600000	0.014000
0.005952	-25.200000	0.012800
0.005956	-25.600000	0.013200
0.005960	-25.600000	0.013200
0.005964	-25.600000	0.013200
0.005968	-25.600000	0.012800
0.005972	-25.200000	0.012800
0.005976	-25.200000	0.012800
0.005980	-25.200000	0.013200
0.005984	-25.200000	0.013200
0.005988	-25.200000	0.013200
0.005992	-25.200000	0.013600
0.005996	-25.600000	0.012800
0.006000	-25.200000	0.012800
0.006004	-25.600000	0.012400
0.006008	-25.200000	0.013200
0.006012	-25.600000	0.012000
0.006016	-25.600000	0.012800
0.006020	-25.200000	0.013200
0.006024	-25.200000	0.012800
0.006028	-25.600000	0.012400
0.006032	-25.200000	0.012400
0.006036	-25.600000	0.013200
0.006040	-25.200000	0.012800
0.006044	-25.200000	0.012400
0.006048	-25.200000	0.012800
0.006052	-25.200000	0.012400
0.006056	-25.200000	0.013200
0.006060	-25.200000	0.014000
0.006064	-25.200000	0.012800
0.006068	-25.600000	0.013600
0.006072	-25.200000	0.013200
0.006076	-25.200000	0.013600
0.006080	-25.200000	0.013200
0.006084	-25.200000	0.012800
0.006088	-25.200000	0.013600
0.006092	-25.200000	0.014000
0.006096	-25.200000	0.012400
0.006100	-25.200000	0.013200
0.006104	-25.200000	0.013200
0.006108	-25.200000	0.013200
0.006112	-25.200000	0.013600
0.006116	-25.200000	0.013600
0.006120	-25.200000	0.012800
0.006124	-25.200000	0.013200
0.006128	-25.200000	0.013200
0.006132	-25.200000	0.012800
0.006136	-25.200000	0.012800
0.006140	-25.200000	0.013200
0.006144	-25.200000	0.012800
0.006148	-25.200000	0.013200
0.006152	-25.200000	0.013200
0.006156	-25.200000	0.013600
0.006160	-25.200000	0.011600
0.006164	-25.200000	0.012400
0.006168	-25.200000	0.012400
0.006172	-25.200000	0.012800
0.006176	-25.200000	0.012800
0.006180	-25.200000	0.013200
0.006184	-25.200000	0.012400
0.006188	-25.200000	0.013200
0.006192	-25.200000	0.013200
0.006196	-25.200000	0.012400
0.006200	-25.200000	0.013600
0.006204	-25.200000	0.012800
0.006208	-25.200000	0.012800
0.006212	-25.200000	0.013200
0.006216	-25.200000	0.012800
0.006220	-25.200000	0.012400
0.006224	-25.200000	0.013200
0.006228	-25.200000	0.012800
0.006232	-25.200000	0.013200
0.006236	-25.200000	0.012800
0.006240	-25.200000	0.013200
0.006244	-25.200000	0.013200
0.006248	-25.200000	0.013200
0.006252	-25.200000	0.012800
0.006256	-25.200000	0.012800
0.006260	-25.200000	0.014000
0.006264	-25.200000	0.012800
0.006268	-25.200000	0.012800
0.006272	-25.200000	0.013600
0.006276	-25.200000	0.013200
0.006280	-25.200000	0.013600
0.006284	-25.200000	0.012000
0.006288	-25.200000	0.013200
0.006292	-25.200000	0.013200
0.006296	-25.200000	0.013600
0.006300	-25.200000	0.013200
0.006304	-25.200000	0.012800
0.006308	-25.200000	0.012800
0.006312	-25.200000	0.013200
0.006316	-25.200000	0.012400
0.006320	-25.200000	0.012800
0.006324	-25.200000	0.012800
0.006328	-25.200000	0.013600
0.006332	-25.200000	0.012800
0.006336	-25.200000	0.013200
0.006340	-25.200000	0.014000
0.006344	-25.200000	0.013200
0.006348	-25.200000	0.013600
0.006352	-25.200000	0.012800
0.006356	-25.200000	0.012800
0.006360	-25.200000	0.013200
0.006364	-25.200000	0.012800
0.006368	-25.200000	0.013200
0.006372	-25.200000	0.013200
0.006376	-25.200000	0.013600
0.006380	-25.200000	0.013200
0.006384	-25.200000	0.013600
0.006388	-24.800000	0.012800
0.006392	-25.200000	0.012800
0.006396	-24.800000	0.012400
0.006400	-25.200000	0.012800
0.006404	-25.200000	0.012800
0.006408	-25.200000	0.012800
0.006412	-25.200000	0.013200
0.006416	-25.200000	0.013200
0.006420	-25.200000	0.013200
0.006424	-25.200000	0.012400
0.006428	-24.800000	0.012800
0.006432	-25.200000	0.012400
0.006436	-25.200000	0.012800
0.006440	-25.200000	0.012400
0.006444	-24.800000	0.012800
0.006448	-25.200000	0.012800
0.006452	-25.200000	0.012800
0.006456	-24.800000	0.013200
0.006460	-24.800000	0.012000
0.006464	-25.200000	0.012800
0.006468	-25.200000	0.012400
0.006472	-25.200000	0.011600
0.006476	-25.200000	0.012000
0.006480	-25.200000	0.011600
0.006484	-25.200000	0.012000
0.006488	-25.200000	0.012000
0.006492	-25.200000	0.012000
0.006496	-25.200000	0.012000
0.006500	-25.200000	0.012400
0.006504	-25.200000	0.012000
0.006508	-25.200000	0.012000
0.006512	-24.800000	0.012400
0.006516	-24.800000	0.012000
0.006520	-24.800000	0.012000
0.006524	-24.800000	0.012400
0.006528	-24.800000	0.012400
0.006532	-24.800000	0.012400
0.006536	-25.200000	0.012000
0.006540	-24.800000	0.012000
0.006544	-25.200000	0.012400
0.006548	-24.800000	0.012800
0.006552	-24.800000	0.012400
0.006556	-25.200000	0.012800
0.006560	-24.800000	0.013200
0.006564	-24.800000	0.012400
0.006568	-24.800000	0.012400
0.006572	-24.800000	0.012000
0.006576	-24.800000	0.012000
0.006580	-24.800000	0.012800
0.006584	-25.200000	0.012000
0.006588	-24.800000	0.012400
0.006592	-25.200000	0.012400
0.006596	-24.800000	0.012800
0.006600	-24.800000	0.011600
0.006604	-24.800000	0.012000
0.006608	-24.800000	0.012000
0.006612	-24.800000	0.012000
0.006616	-24.800000	0.012000
0.006620	-25.200000	0.012000
0.006624	-24.800000	0.011600
0.006628	-24.800000	0.012000
0.006632	-24.800000	0.011200
0.006636	-24.800000	0.011200
0.006640	-25.200000	0.011600
0.006644	-24.800000	0.010800
0.006648	-24.800000	0.012000
0.006652	-24.800000	0.010800
0.006656	-24.800000	0.010800
0.006660	-24.800000	0.010800
0.006664	-24.800000	0.010800
0.006668	-24.800000	0.011200
0.006672	-24.800000	0.010800
0.006676	-24.800000	0.010800
0.006680	-24.800000	0.010800
0.006684	-24.800000	0.011200
0.006688	-24.800000	0.011200
0.006692	-24.800000	0.010800
0.006696	-24.800000	0.010800
0.006700	-25.200000	0.010400
0.006704	-24.800000	0.010800
0.006708	-24.800000	0.010800
0.006712	-24.800000	0.009600
0.006716	-24.800000	0.010400
0.006720	-24.800000	0.010400
0.006724	-24.800000	0.009600
0.006728	-24.800000	0.009600
0.006732	-24.800000	0.009600
0.006736	-24.800000	0.009600
0.006740	-24.800000	0.008800
0.006744	-24.400000	0.009600
0.006748	-24.800000	0.008800
0.006752	-24.400000	0.008800
0.006756	-24.800000	0.009200
0.006760	-24.800000	0.009200
0.006764	-24.800000	0.008000
0.006768	-24.800000	0.008400
0.006772	-24.800000	0.008800
0.006776	-24.800000	0.008000
0.006780	-24.800000	0.008400
0.006784	-24.800000	0.007600
0.006788	-24.800000	0.007600
0.006792	-24.800000	0.007600
0.006796	-24.800000	0.008000
0.006800	-24.800000	0.007200
0.006804	-24.800000	0.007200
0.006808	-24.400000	0.006800
0.006812	-24.800000	0.007200
0.006816	-24.800000	0.006400
0.006820	-24.800000	0.006400
0.006824	-24.800000	0.005200
0.006828	-24.800000	0.005200
0.006832	-24.800000	0.005200
0.006836	-24.800000	0.004400
0.006840	-24.800000	0.004800
0.006844	-24.800000	0.004400
0.006848	-24.400000	0.003600
0.006852	-24.400000	0.003200
0.006856	-24.400000	0.002800
0.006860	-24.800000	0.003200
0.006864	-24.400000	0.002800
0.006868	-24.800000	0.001600
0.006872	-24.400000	0.001200
0.006876	-24.800000	0.000800
0.006880	-24.400000	0.001600
0.006884	-24.400000	0.000400
0.006888	-24.800000	0.000000
0.006892	-24.800000	-0.000400
0.006896	-24.800000	-0.001600
0.006900	-24.800000	-0.001600
0.006904	-24.800000	-0.002000
0.006908	-24.400000	-0.002800
0.006912	-24.800000	-0.003600
0.006916	-24.800000	-0.004000
0.006920	-24.400000	-0.004800
0.006924	-24.400000	-0.004800
0.006928	-24.800000	-0.005200
0.006932	-24.400000	-0.006000
0.006936	-24.800000	-0.006400
0.006940	-24.400000	-0.007200
0.006944	-24.800000	-0.008000
0.006948	-24.400000	-0.008000
0.006952	-24.800000	-0.008800
0.006956	-24.400000	-0.009200
0.006960	-24.800000	-0.010400
0.006964	-24.400000	-0.011200
0.006968	-24.800000	-0.011600
0.006972	-24.800000	-0.012800
0.006976	-24.400000	-0.012800
0.006980	-24.400000	-0.013600
0.006984	-24.800000	-0.014400
0.006988	-24.400000	-0.015200
0.006992	-24.400000	-0.015600
0.006996	-24.400000	-0.016000
0.007000	-24.800000	-0.016800
0.007004	-24.800000	-0.017600
0.007008	-24.400000	-0.017600
0.007012	-24.400000	-0.018400
0.007016	-24.400000	-0.018400
0.007020	-24.400000	-0.019600
0.007024	-24.400000	-0.019600
0.007028	-24.800000	-0.020000
0.007032	-24.400000	-0.020800
0.007036	-24.400000	-0.020000
0.007040	-24.800000	-0.021600
0.007044	-24.400000	-0.021600
0.007048	-24.400000	-0.022800
0.007052	-24.400000	-0.021600
0.007056	-24.400000	-0.022800
0.007060	-24.800000	-0.022800
0.007064	-24.400000	-0.023600
0.007068	-24.400000	-0.024000
0.007072	-24.800000	-0.024000
0.007076	-24.400000	-0.024400
0.007080	-24.400000	-0.024400
0.007084	-24.400000	-0.024800
0.007088	-24.400000	-0.024400
0.007092	-24.400000	-0.025200
0.007096	-24.400000	-0.025200
0.007100	-24.400000	-0.025200
0.007104	-24.400000	-0.024800
0.007108	-24.400000	-0.025600
0.007112	-24.400000	-0.025600
0.007116	-24.400000	-0.026400
0.007120	-24.400000	-0.026000
0.007124	-24.400000	-0.026400
0.007128	-24.800000	-0.026400
0.007132	-24.400000	-0.026400
0.007136	-24.800000	-0.026400
0.007140	-24.400000	-0.025600
0.007144	-24.400000	-0.026000
0.007148	-24.800000	-0.026400
0.007152	-24.400000	-0.026400
0.007156	-24.400000	-0.026000
0.007160	-24.400000	-0.026000
0.007164	-24.400000	-0.026000
0.007168	-24.400000	-0.025600
0.007172	-24.400000	-0.026000
0.007176	-24.400000	-0.025600
0.007180	-24.400000	-0.026400
0.007184	-24.800000	-0.026400
0.007188	-24.400000	-0.027200
0.007192	-24.800000	-0.026400
0.007196	-24.400000	-0.026800
0.007200	-24.400000	-0.026400
0.007204	-24.400000	-0.027600
0.007208	-24.400000	-0.026800
0.007212	-24.400000	-0.026800
0.007216	-24.800000	-0.026400
0.007220	-24.400000	-0.026800
0.007224	-24.400000	-0.026000
0.007228	-24.400000	-0.026400
0.007232	-24.400000	-0.026400
0.007236	-24.400000	-0.026000
0.007240	-24.400000	-0.026400
0.007244	-24.400000	-0.026400
0.007248	-24.400000	-0.026400
0.007252	-24.400000	-0.026800
0.007256	-24.400000	-0.026800
0.007260	-24.400000	-0.026800
0.007264	-24.400000	-0.026400
0.007268	-24.400000	-0.026000
0.007272	-24.400000	-0.025600
0.007276	-24.400000	-0.025200
0.007280	-24.400000	-0.026400
0.007284	-24.400000	-0.025600
0.007288	-24.400000	-0.025600
0.007292	-24.400000	-0.026000
0.007296	-24.400000	-0.026400
0.007300	-24.400000	-0.024800
0.007304	-24.400000	-0.025600
0.007308	-24.400000	-0.026000
0.007312	-24.400000	-0.024800
0.007316	-24.400000	-0.025200
0.007320	-24.400000	-0.025200
0.007324	-24.400000	-0.025600
0.007328	-24.400000	-0.025200
0.007332	-24.400000	-0.024800
0.007336	-24.400000	-0.024400
0.007340	-24.400000	-0.024000
0.007344	-24.400000	-0.024400
0.007348	-24.400000	-0.024800
0.007352	-24.400000	-0.024000
0.007356	-24.400000	-0.024400
0.007360	-24.400000	-0.024800
0.007364	-24.400000	-0.024400
0.007368	-24.400000	-0.024400
0.007372	-24.400000	-0.024400
0.007376	-24.400000	-0.024000
0.007380	-24.400000	-0.025200
0.007384	-24.400000	-0.023600
0.007388	-24.400000	-0.024400
0.007392	-24.400000	-0.024000
0.007396	-24.400000	-0.024400
0.007400	-24.400000	-0.024400
0.007404	-24.400000	-0.024400
0.007408	-24.400000	-0.024400
0.007412	-24.400000	-0.024400
0.007416	-24.400000	-0.024400
0.007420	-24.400000	-0.024000
0.007424	-24.400000	-0.024000
0.007428	-24.400000	-0.023600
0.007432	-24.400000	-0.024400
0.007436	-24.400000	-0.023600
0.007440	-24.400000	-0.024000
0.007444	-24.400000	-0.023600
0.007448	-24.400000	-0.024000
0.007452	-24.400000	-0.024000
0.007456	-24.400000	-0.022800
0.007460	-24.400000	-0.023600
0.007464	-24.400000	-0.024000
0.007468	-24.400000	-0.023200
0.007472	-24.400000	-0.023200
0.007476	-24.400000	-0.023200
0.007480	-24.400000	-0.024000
0.007484	-24.400000	-0.022800
0.007488	-24.400000	-0.023600
0.007492	-24.400000	-0.023200
0.007496	-24.400000	-0.023600
0.007500	-24.400000	-0.022800
0.007504	-24.400000	-0.022000
0.007508	-24.400000	-0.022400
0.007512	-24.400000	-0.022800
0.007516	-24.400000	-0.023200
0.007520	-24.400000	-0.021600
0.007524	-24.400000	-0.022400
0.007528	-24.400000	-0.021200
0.007532	-24.400000	-0.022000
0.007536	-24.400000	-0.022800
0.007540	-24.400000	-0.022000
0.007544	-24.400000	-0.022800
0.007548	-24.400000	-0.022800
0.007552	-24.400000	-0.021200
0.007556	-24.400000	-0.021600
0.007560	-24.000000	-0.021600
0.007564	-24.400000	-0.021600
0.007568	-24.400000	-0.021600
0.007572	-24.400000	-0.021600
0.007576	-24.400000	-0.021600
0.007580	-24.400000	-0.021200
0.007584	-24.000000	-0.022000
0.007588	-24.400000	-0.021600
0.007592	-24.400000	-0.021600
0.007596	-24.400000	-0.021200
0.007600	-24.400000	-0.021200
0.007604	-24.400000	-0.021200
0.007608	-24.400000	-0.021200
0.007612	-24.400000	-0.021600
0.007616	-24.400000	-0.022000
0.007620	-24.400000	-0.021200
0.007624	-24.400000	-0.020800
0.007628	-24.400000	-0.021200
0.007632	-24.400000	-0.020800
0.007636	-24.000000	-0.021600
0.007640	-24.400000	-0.020000
0.007644	-24.000000	-0.020800
0.007648	-24.000000	-0.021200
0.007652	-24.000000	-0.020800
0.007656	-24.400000	-0.020800
0.007660	-24.400000	-0.020800
0.007664	-24.400000	-0.020000
0.007668	-24.400000	-0.020400
0.007672	-24.400000	-0.020000
0.007676	-24.400000	-0.020000
0.007680	-24.000000	-0.020000
0.007684	-24.400000	-0.020000
0.007688	-24.000000	-0.020400
0.007692	-24.400000	-0.019600
0.007696	-24.400000	-0.019600
0.007700	-24.000000	-0.020400
0.007704	-24.000000	-0.019200
0.007708	-24.400000	-0.019600
0.007712	-24.400000	-0.019600
0.007716	-24.400000	-0.020400
0.007720	-24.400000	-0.020000
0.007724	-24.400000	-0.020000
0.007728	-24.400000	-0.018800
0.007732	-24.000000	-0.018800
0.007736	-24.400000	-0.019200
0.007740	-24.000000	-0.020000
0.007744	-24.400000	-0.018800
0.007748	-24.400000	-0.019600
0.007752	-24.400000	-0.020000
0.007756	-24.400000	-0.019600
0.007760	-24.400000	-0.019200
0.007764	-24.400000	-0.019200
0.007768	-24.400000	-0.019600
0.007772	-24.000000	-0.019200
0.007776	-24.000000	-0.019600
0.007780	-24.000000	-0.018400
0.007784	-24.000000	-0.018800
0.007788	-24.000000	-0.018400
0.007792	-24.400000	-0.018400
0.007796	-24.400000	-0.017600
0.007800	-24.400000	-0.018000
0.007804	-24.000000	-0.017600
0.007808	-24.400000	-0.018800
0.007812	-24.400000	-0.018000
0.007816	-24.400000	-0.018000
0.007820	-24.400000	-0.017600
0.007824	-24.400000	-0.018400
0.007828	-24.000000	-0.018000
0.007832	-24.400000	-0.018000
0.007836	-24.000000	-0.018000
0.007840	-24.000000	-0.018000
0.007844	-24.400000	-0.017200
0.007848	-24.400000	-0.017600
0.007852	-24.000000	-0.016400
0.007856	-24.000000	-0.017600
0.007860	-24.400000	-0.017600
0.007864	-24.000000	-0.017600
0.007868	-24.000000	-0.016800
0.007872	-24.000000	-0.017600
0.007876	-24.000000	-0.016800
0.007880	-24.400000	-0.017200
0.007884	-24.000000	-0.017600
0.007888	-24.000000	-0.017200
0.007892	-24.400000	-0.017200
0.007896	-24.000000	-0.017600
0.007900	-24.000000	-0.017600
0.007904	-24.400000	-0.017200
0.007908	-24.000000	-0.016800
0.007912	-24.000000	-0.017200
0.007916	-24.000000	-0.017600
0.007920	-24.400000	-0.016800
0.007924	-24.000000	-0.016400
0.007928	-24.000000	-0.016800
0.007932	-24.000000	-0.017200
0.007936	-24.000000	-0.017200
0.007940	-24.000000	-0.016800
0.007944	-24.400000	-0.016400
0.007948	-24.400000	-0.016000
0.007952	-24.000000	-0.016800
0.007956	-24.400000	-0.016000
0.007960	-24.400000	-0.016800
0.007964	-24.000000	-0.016400
0.007968	-24.000000	-0.017200
0.007972	-24.000000	-0.015600
0.007976	-24.400000	-0.016000
0.007980	-24.400000	-0.015600
0.007984	-24.000000	-0.015600
0.007988	-24.000000	-0.015600
0.007992	-24.000000	-0.015600
0.007996	-24.400000	-0.016400
0.008000	-24.000000	-0.016400
0.008004	-24.000000	-0.015600
0.008008	-24.400000	-0.015600
0.008012	-24.000000	-0.016000
0.008016	-24.400000	-0.015600
0.008020	-24.000000	-0.014400
0.008024	-24.000000	-0.015200
0.008028	-24.000000	-0.014800
0.008032	-24.000000	-0.014800
0.008036	-24.000000	-0.015200
0.008040	-24.400000	-0.014800
0.008044	-24.000000	-0.014800
0.008048	-24.000000	-0.014800
0.008052	-24.000000	-0.014800
0.008056	-24.000000	-0.014400
0.008060	-24.400000	-0.014400
0.008064	-24.000000	-0.014800
0.008068	-24.000000	-0.014400
0.008072	-24.400000	-0.015200
0.008076	-24.000000	-0.014000
0.008080	-24.000000	-0.014800
0.008084	-24.000000	-0.014400
0.008088	-24.000000	-0.014800
0.008092	-24.000000	-0.014400
0.008096	-24.000000	-0.014400
0.008100	-24.000000	-0.014000
0.008104	-24.000000	-0.014400
0.008108	-24.000000	-0.013600
0.008112	-24.000000	-0.014800
0.008116	-24.400000	-0.013600
0.008120	-24.000000	-0.014000
0.008124	-24.000000	-0.013600
0.008128	-24.000000	-0.013600
0.008132	-24.000000	-0.013600
0.008136	-24.000000	-0.014000
0.008140	-24.000000	-0.013200
0.008144	-24.000000	-0.013600
0.008148	-24.000000	-0.013600
0.008152	-24.000000	-0.013200
0.008156	-24.000000	-0.014000
0.008160	-24.000000	-0.013600
0.008164	-24.000000	-0.013200
0.008168	-24.000000	-0.012800
0.008172	-24.000000	-0.012400
0.008176	-24.000000	-0.013600
0.008180	-24.000000	-0.013600
0.008184	-24.000000	-0.013600
0.008188	-24.000000	-0.013600
0.008192	-24.000000	-0.013200
0.008196	-24.000000	-0.012800
0.008200	-24.000000	-0.012800
0.008204	-24.000000	-0.013600
0.008208	-24.000000	-0.013600
0.008212	-24.000000	-0.012800
0.008216	-24.000000	-0.012800
0.008220	-24.000000	-0.013200
0.008224	-24.000000	-0.012800
0.008228	-24.000000	-0.012400
0.008232	-24.000000	-0.012800
0.008236	-24.000000	-0.012400
0.008240	-24.000000	-0.013200
0.008244	-24.000000	-0.012800
0.008248	-24.000000	-0.013600
0.008252	-24.000000	-0.013200
0.008256	-24.000000	-0.012800
0.008260	-23.600000	-0.013200
0.008264	-24.000000	-0.012400
0.008268	-23.600000	-0.012000
0.008272	-24.000000	-0.012400
0.008276	-24.000000	-0.012800
0.008280	-24.000000	-0.012400
0.008284	-24.000000	-0.012800
0.008288	-24.000000	-0.012400
0.008292	-24.000000	-0.012400
0.008296	-24.000000	-0.012000
0.008300	-24.000000	-0.011200
0.008304	-24.000000	-0.012000
0.008308	-24.000000	-0.011600
0.008312	-24.000000	-0.011600
0.008316	-24.000000	-0.011200
0.008320	-24.000000	-0.011200
0.008324	-24.000000	-0.011200
0.008328	-24.000000	-0.010400
0.008332	-24.000000	-0.012000
0.008336	-24.000000	-0.011600
0.008340	-24.000000	-0.010800
0.008344	-24.000000	-0.010400
0.008348	-24.000000	-0.010800
0.008352	-24.000000	-0.011200
0.008356	-24.000000	-0.011600
0.008360	-23.600000	-0.011200
0.008364	-24.000000	-0.011200
0.008368	-23.600000	-0.010800
0.008372	-24.000000	-0.010800
0.008376	-23.600000	-0.010800
0.008380	-24.000000	-0.010400
0.008384	-24.000000	-0.010000
0.008388	-24.000000	-0.010800
0.008392	-23.600000	-0.010800
0.008396	-24.000000	-0.010800
0.008400	-24.000000	-0.010000
0.008404	-24.000000	-0.011200
0.008408	-24.000000	-0.010400
0.008412	-24.000000	-0.011600
0.008416	-24.000000	-0.010800
0.008420	-24.000000	-0.011200
0.008424	-24.000000	-0.011200
0.008428	-23.600000	-0.011200
0.008432	-24.000000	-0.010800
0.008436	-24.000000	-0.010400
0.008440	-23.600000	-0.010800
0.008444	-24.000000	-0.010800
0.008448	-23.600000	-0.010800
0.008452	-24.000000	-0.010800
0.008456	-24.000000	-0.010400
0.008460	-23.600000	-0.010000
0.008464	-23.600000	-0.009600
0.008468	-24.000000	-0.010000
0.008472	-24.000000	-0.010000
0.008476	-24.000000	-0.010000
0.008480	-24.000000	-0.010400
0.008484	-24.000000	-0.010400
0.008488	-24.000000	-0.010000
0.008492	-24.000000	-0.010000
0.008496	-24.000000	-0.010000
0.008500	-23.600000	-0.010400
0.008504	-24.000000	-0.008800
0.008508	-23.600000	-0.010000
0.008512	-24.000000	-0.010000
0.008516	-24.000000	-0.009600
0.008520	-23.600000	-0.009600
0.008524	-24.000000	-0.010000
0.008528	-24.000000	-0.010000
0.008532	-24.000000	-0.009600
0.008536	-23.600000	-0.010000
0.008540	-24.000000	-0.009200
0.008544	-24.000000	-0.009200
0.008548	-23.600000	-0.009200
0.008552	-23.600000	-0.009200
0.008556	-24.000000	-0.009600
0.008560	-24.000000	-0.009600
0.008564	-24.000000	-0.008800
0.008568	-24.000000	-0.009200
0.008572	-23.600000	-0.009200
0.008576	-23.600000	-0.008400
0.008580	-23.600000	-0.008800
0.008584	-24.000000	-0.008800
0.008588	-23.600000	-0.008000
0.008592	-23.600000	-0.009200
0.008596	-24.000000	-0.008400
0.008600	-24.000000	-0.008400
0.008604	-24.000000	-0.008800
0.008608	-24.000000	-0.008000
0.008612	-24.000000	-0.008800
0.008616	-24.000000	-0.009200
0.008620	-23.600000	-0.008000
0.008624	-24.000000	-0.008400
0.008628	-23.600000	-0.008000
0.008632	-23.600000	-0.008000
0.008636	-23.600000	-0.008000
0.008640	-24.000000	-0.008000
0.008644	-24.000000	-0.008400
0.008648	-24.000000	-0.008400
0.008652	-23.600000	-0.007200
0.008656	-24.000000	-0.007200
0.008660	-24.000000	-0.007600
0.008664	-23.600000	-0.007200
0.008668	-23.600000	-0.008000
0.008672	-23.600000	-0.007600
0.008676	-23.600000	-0.007200
0.008680	-23.600000	-0.008000
0.008684	-24.000000	-0.007600
0.008688	-24.000000	-0.008400
0.008692	-23.600000	-0.007600
0.008696	-24.000000	-0.008000
0.008700	-23.600000	-0.007600
0.008704	-23.600000	-0.007200
0.008708	-23.600000	-0.008000
0.008712	-24.000000	-0.007200
0.008716	-23.600000	-0.008000
0.008720	-23.600000	-0.007600
0.008724	-24.000000	-0.008000
0.008728	-23.600000	-0.007600
0.008732	-24.000000	-0.007600
0.008736	-23.600000	-0.006800
0.008740	-23.600000	-0.007200
0.008744	-23.600000	-0.008400
0.008748	-23.600000	-0.008400
0.008752	-24.000000	-0.006400
0.008756	-23.600000	-0.006800
0.008760	-23.600000	-0.006800
0.008764	-23.600000	-0.006400
0.008768	-23.600000	-0.007200
0.008772	-24.000000	-0.007200
0.008776	-24.000000	-0.007200
0.008780	-23.600000	-0.008400
0.008784	-23.600000	-0.007600
0.008788	-23.600000	-0.006800
0.008792	-24.000000	-0.006800
0.008796	-23.600000	-0.007200
0.008800	-24.000000	-0.006800
0.008804	-23.600000	-0.007200
0.008808	-23.600000	-0.006800
0.008812	-23.600000	-0.006400
0.008816	-23.600000	-0.007200
0.008820	-24.000000	-0.006000
0.008824	-23.600000	-0.006400
0.008828	-23.600000	-0.006400
0.008832	-23.600000	-0.006000
0.008836	-23.600000	-0.006000
0.008840	-24.000000	-0.006000
0.008844	-23.600000	-0.005600
0.008848	-23.600000	-0.005600
0.008852	-23.600000	-0.006000
0.008856	-24.000000	-0.005200
0.008860	-23.600000	-0.005600
0.008864	-23.600000	-0.005600
0.008868	-23.600000	-0.005600
0.008872	-23.600000	-0.006000
0.008876	-23.600000	-0.006400
0.008880	-23.600000	-0.005600
0.008884	-23.600000	-0.006400
0.008888	-23.600000	-0.005600
0.008892	-23.600000	-0.006000
0.008896	-23.600000	-0.005200
0.008900	-24.000000	-0.006000
0.008904	-23.600000	-0.005600
0.008908	-23.600000	-0.006000
0.008912	-23.600000	-0.006000
0.008916	-23.600000	-0.005600
0.008920	-23.600000	-0.004800
0.008924	-23.600000	-0.004800
0.008928	-23.600000	-0.004800
0.008932	-23.600000	-0.004800
0.008936	-23.600000	-0.005200
0.008940	-24.000000	-0.004800
0.008944	-23.600000	-0.004800
0.008948	-23.600000	-0.004800
0.008952	-23.600000	-0.005600
0.008956	-23.600000	-0.004400
0.008960	-23.600000	-0.004400
0.008964	-23.600000	-0.004800
0.008968	-23.600000	-0.004800
0.008972	-23.600000	-0.005600
0.008976	-23.600000	-0.004400
0.008980	-23.600000	-0.004800
0.008984	-23.600000	-0.004800
0.008988	-23.600000	-0.005200
0.008992	-23.600000	-0.004800
0.008996	-23.600000	-0.004800
0.009000	-23.600000	-0.004800
0.009004	-23.600000	-0.005600
0.009008	-23.600000	-0.005200
0.009012	-24.000000	-0.005200
0.009016	-23.600000	-0.005200
0.009020	-23.600000	-0.004400
0.009024	-23.600000	-0.004800
0.009028	-23.600000	-0.005200
0.009032	-23.600000	-0.004800
0.009036	-23.600000	-0.004400
0.009040	-23.600000	-0.005600
0.009044	-23.600000	-0.004400
0.009048	-23.600000	-0.004000
0.009052	-23.600000	-0.004800
0.009056	-23.600000	-0.004800
0.009060	-23.600000	-0.004400
0.009064	-23.600000	-0.004400
0.009068	-23.600000	-0.004400
0.009072	-23.600000	-0.004400
0.009076	-23.600000	-0.004000
0.009080	-23.600000	-0.004000
0.009084	-23.600000	-0.004000
0.009088	-23.600000	-0.003600
0.009092	-23.600000	-0.004000
0.009096	-23.600000	-0.003600
0.009100	-23.600000	-0.004000
0.009104	-23.600000	-0.004000
0.009108	-24.000000	-0.004000
0.009112	-23.600000	-0.004000
0.009116	-23.600000	-0.004400
0.009120	-23.600000	-0.003200
0.009124	-23.600000	-0.004000
0.009128	-23.600000	-0.003600
0.009132	-23.600000	-0.002800
0.009136	-23.600000	-0.004000
0.009140	-23.600000	-0.003200
0.009144	-23.600000	-0.003600
0.009148	-23.600000	-0.003200
0.009152	-23.600000	-0.003600
0.009156	-23.600000	-0.003200
0.009160	-23.600000	-0.003200
0.009164	-23.600000	-0.003600
0.009168	-23.600000	-0.004000
0.009172	-23.600000	-0.003600
0.009176	-23.600000	-0.003600
0.009180	-23.600000	-0.003600
0.009184	-23.600000	-0.003600
0.009188	-23.600000	-0.003200
0.009192	-23.600000	-0.003200
0.009196	-23.600000	-0.003200
0.009200	-23.600000	-0.003600
0.009204	-23.600000	-0.003600
0.009208	-23.600000	-0.002800
0.009212	-23.600000	-0.003200
0.009216	-24.000000	-0.002800
0.009220	-23.600000	-0.003200
0.009224	-23.600000	-0.004000
0.009228	-23.600000	-0.003600
0.009232	-23.600000	-0.003600
0.009236	-23.600000	-0.003600
0.009240	-23.600000	-0.002800
0.009244	-23.600000	-0.003200
0.009248	-23.600000	-0.002800
0.009252	-23.200000	-0.002800
0.009256	-23.600000	-0.002800
0.009260	-23.600000	-0.002800
0.009264	-23.600000	-0.003200
0.009268	-23.600000	-0.002400
0.009272	-23.600000	-0.002400
0.009276	-23.600000	-0.002800
0.009280	-23.600000	-0.002400
0.009284	-23.600000	-0.003600
0.009288	-23.600000	-0.002400
0.009292	-23.600000	-0.002800
0.009296	-23.600000	-0.002000
0.009300	-23.600000	-0.002800
0.009304	-24.000000	-0.002800
0.009308	-23.600000	-0.003200
0.009312	-23.600000	-0.001600
0.009316	-23.600000	-0.003200
0.009320	-23.600000	-0.002800
0.009324	-23.600000	-0.002800
0.009328	-23.600000	-0.002400
0.009332	-23.600000	-0.002800
0.009336	-23.600000	-0.002400
0.009340	-24.000000	-0.002000
0.009344	-23.600000	-0.002000
0.009348	-23.600000	-0.001200
0.009352	-23.600000	-0.001600
0.009356	-23.600000	-0.001600
0.009360	-23.600000	-0.001600
0.009364	-23.600000	-0.001600
0.009368	-23.600000	-0.000800
0.009372	-23.600000	-0.001200
0.009376	-23.600000	-0.000800
0.009380	-23.600000	-0.001200
0.009384	-23.600000	-0.001200
0.009388	-23.600000	-0.001200
0.009392	-23.600000	-0.001200
0.009396	-23.600000	-0.001200
0.009400	-23.600000	-0.002000
0.009404	-23.600000	-0.001200
0.009408	-23.600000	-0.000800
0.009412	-23.600000	-0.000800
0.009416	-23.600000	-0.000800
0.009420	-23.600000	0.000000
0.009424	-23.600000	-0.000800
0.009428	-23.600000	-0.002000
0.009432	-23.600000	-0.001200
0.009436	-23.600000	-0.001200
0.009440	-23.600000	-0.001600
0.009444	-23.600000	-0.001600
0.009448	-23.600000	-0.001600
0.009452	-23.600000	-0.000800
0.009456	-23.600000	-0.002000
0.009460	-23.600000	-0.000800
0.009464	-23.600000	-0.000800
0.009468	-23.600000	-0.001200
0.009472	-23.600000	-0.001600
0.009476	-23.600000	-0.001200
0.009480	-23.600000	-0.001200
0.009484	-23.600000	-0.001200
0.009488	-23.600000	-0.001600
0.009492	-23.600000	-0.000800
0.009496	-23.600000	-0.001200
0.009500	-23.600000	-0.000800
0.009504	-23.600000	-0.001200
0.009508	-23.600000	-0.001200
0.009512	-23.600000	-0.001200
0.009516	-23.600000	-0.000800
0.009520	-23.600000	-0.000800
0.009524	-23.600000	-0.000800
0.009528	-23.600000	-0.001200
0.009532	-23.600000	0.000000
0.009536	-23.600000	-0.000800
0.009540	-23.600000	-0.000800
0.009544	-23.600000	-0.001200
0.009548	-23.600000	0.000000
0.009552	-23.600000	-0.000800
0.009556	-23.600000	-0.000800
0.009560	-23.600000	-0.000400
0.009564	-23.600000	-0.000800
0.009568	-23.600000	0.000000
0.009572	-23.600000	-0.000400
0.009576	-23.600000	-0.000800
0.009580	-23.600000	0.000000
0.009584	-23.600000	-0.000800
0.009588	-23.600000	0.000400
0.009592	-23.600000	0.000000
0.009596	-23.600000	0.000000
0.009600	-23.600000	-0.000400
0.009604	-23.600000	-0.000800
0.009608	-23.600000	-0.000400
0.009612	-23.600000	0.000400
0.009616	-23.600000	0.000400
0.009620	-23.600000	-0.000800
0.009624	-23.600000	0.000400
0.009628	-23.600000	0.000800
0.009632	-23.600000	0.000400
0.009636	-23.600000	0.000400
0.009640	-23.600000	0.000000
0.009644	-23.600000	-0.000400
0.009648	-23.600000	0.000400
0.009652	-23.600000	0.000400
0.009656	-23.600000	0.000400
0.009660	-23.600000	0.000800
0.009664	-23.600000	0.000000
0.009668	-23.600000	0.000400
0.009672	-23.600000	0.000000
0.009676	-23.600000	0.000800
0.009680	-23.600000	0.000400
0.009684	-23.600000	0.000400
0.009688	-23.600000	0.000400
0.009692	-23.600000	0.000400
0.009696	-23.600000	0.000000
0.009700	-23.600000	0.000400
0.009704	-23.600000	0.000800
0.009708	-23.600000	0.000000
0.009712	-23.600000	0.000400
0.009716	-23.600000	0.000800
0.009720	-23.600000	0.001200
0.009724	-23.600000	0.000400
0.009728	-23.600000	0.000400
0.009732	-23.600000	0.000400
0.009736	-23.600000	0.000800
0.009740	-23.600000	0.001600
0.009744	-23.200000	0.000800
0.009748	-23.600000	0.001200
0.009752	-23.600000	0.000400
0.009756	-23.600000	0.000400
0.009760	-23.600000	0.001200
0.009764	-23.600000	0.000000
0.009768	-23.600000	0.000800
0.009772	-23.600000	0.000400
0.009776	-23.600000	0.000400
0.009780	-23.600000	0.000400
0.009784	-23.200000	0.001200
0.009788	-23.600000	0.000800
0.009792	-23.600000	0.000400
0.009796	-23.200000	0.001200
0.009800	-23.600000	0.000800
0.009804	-23.200000	0.000000
0.009808	-23.600000	0.000400
0.009812	-23.600000	0.000400
0.009816	-23.600000	0.000400
0.009820	-23.600000	0.001200
0.009824	-23.600000	0.000800
0.009828	-23.600000	0.001200
0.009832	-23.200000	0.000800
0.009836	-23.600000	0.001200
0.009840	-23.600000	0.000800
0.009844	-23.600000	0.001600
0.009848	-23.600000	0.001200
0.009852	-23.600000	0.000800
0.009856	-23.600000	0.001200
0.009860	-23.600000	0.001200
0.009864	-23.600000	0.001200
0.009868	-23.600000	0.001600
0.009872	-23.600000	0.001600
0.009876	-23.600000	0.002000
0.009880	-23.600000	0.001600
0.009884	-23.600000	0.001600
0.009888	-23.600000	0.002400
0.009892	-23.600000	0.002000
0.009896	-23.600000	0.001600
0.009900	-23.600000	0.001600
0.009904	-23.600000	0.001600
0.009908	-23.600000	0.002000
0.009912	-23.600000	0.001600
0.009916	-23.200000	0.002000
0.009920	-23.600000	0.002000
0.009924	-23.600000	0.002800
0.009928	-23.600000	0.002000
0.009932	-23.600000	0.002000
0.009936	-23.600000	0.002800
0.009940	-23.200000	0.002800
0.009944	-23.600000	0.002400
0.009948	-23.600000	0.002400
0.009952	-23.600000	0.003200
0.009956	-23.600000	0.002400
0.009960	-23.600000	0.001200
0.009964	-23.600000	0.001600
0.009968	-23.600000	0.001600
0.009972	-23.600000	0.002000
0.009976	-23.600000	0.002000
0.009980	-23.600000	0.002000
0.009984	-23.600000	0.002000
0.009988	-23.600000	0.002000
0.009992	-23.600000	0.002800
0.009996	-23.200000	0.001600
